# M1_reordered
# Number of vertices: 883, Number of faces: 1762
# Preprocessing time: 4.1e-08
# Query time: 0.00335604
0.230498
0.262927
0.173073
0.285946
0.344095
0.327177
0.225656
0.277373
0.288571
0.232837
0.287079
0.212358
0.115535
0.0673458
0.239576
0.377455
0
0.270274
0.194998
0.300708
0.333328
0.281639
0.377273
0.325146
0.405198
0.423427
0.368598
0.343417
0.217017
0.32153
0.323745
0.35109
0.384276
0.378409
0.295337
0.407297
0.30218
0.116665
0.0525576
0.0689087
0.065805
0.395296
0.369028
0.285154
0.365139
0.329965
0.377848
0.358838
0.208898
0.337091
0.330889
0.362119
0.362326
0.31138
0.167317
0.1054
0.252078
0.202729
0.138473
0.14793
0.0855846
0.0667341
0.0459122
0.337086
0.389588
0.406367
0.323181
0.412946
0.323559
0.470016
0.461285
0.400479
0.41608
0.437148
0.355552
0.32174
0.426356
0.422293
0.4407
0.3999
0.450018
0.413791
0.441225
0.44011
0.367847
0.439213
0.446151
0.256569
0.0312636
0.449339
0.445902
0.443028
0.530241
0.541877
0.588421
0.560705
0.635102
0.704803
0.633497
0.612802
0.701182
0.629413
0.581162
0.599756
0.64058
0.620182
0.615863
0.571115
0.536175
0.512077
0.677874
0.716772
0.732989
0.658202
0.643548
0.663217
0.733365
0.645841
0.599556
0.652084
0.624182
0.600768
0.709522
0.687803
0.674555
0.575692
0.583943
0.682398
0.699247
0.730188
0.680926
0.629342
0.547462
0.751687
0.693357
0.732106
0.653506
0.791893
0.737977
0.602793
0.755346
0.698262
0.672223
0.736138
0.644317
0.656478
0.76804
0.765665
0.542957
0.746888
0.520715
0.612552
0.571652
0.718002
0.630646
0.59125
0.741619
0.70099
0.683764
0.713242
0.64827
0.796175
0.693453
0.771203
0.653055
0.572696
0.836062
0.865678
0.92063
0.782554
0.731529
0.731674
0.779034
0.753088
0.87646
0.874231
0.892807
0.732656
0.774395
0.869313
0.852199
0.903208
0.850502
0.863829
0.829438
0.833425
0.764928
0.758266
0.850035
0.881491
0.793075
0.821206
0.876749
0.814086
0.745843
0.771415
0.718616
0.793562
0.772788
0.843456
0.801734
0.812079
0.829432
0.812631
0.849028
0.847163
0.805123
0.801826
0.739537
0.714649
0.697059
0.648471
0.761484
0.71504
0.433433
0.521018
0.522552
0.471356
0.491284
0.549008
0.532362
0.542262
0.255789
0.267689
0.30546
0.207427
0.250423
0.246956
0.272898
0.311984
0.195795
0.195568
0.233782
0.249682
0.236879
0.134931
0.270644
0.38369
0.108509
0.298892
0.312846
0.261095
0.309422
0.323465
0.284709
0.30336
0.247034
0.29153
0.275237
0.303389
0.168683
0.142468
0.17709
0.0262711
0.031702
0.349257
0.331039
0.342502
0.237606
0.137281
0.11396
0.151986
0.0756908
0.0533975
0.332271
0.319028
0.272411
0.256182
0.229869
0.287979
0.17329
0.207138
0.287669
0.397714
0.365484
0.334148
0.331174
0.310555
0.0499622
0.0803626
0.0246725
0.0542347
0.0512214
0.0475573
0.124766
0.136911
0.131566
0.328322
0.309975
0.214945
0.328618
0.286734
0.372947
0.350965
0.364496
0.430456
0.314333
0.383889
0.332551
0.424749
0.365161
0.465092
0.389695
0.381627
0.293252
0.311605
0.338318
0.309154
0.320226
0.237278
0.314898
0.347479
0.369068
0.456416
0.380427
0.406404
0.395027
0.361627
0.377244
0.34474
0.322348
0.308948
0.425488
0.302348
0.395563
0.394147
0.412712
0.313464
0.128112
0.0849656
0.0959198
0.0613668
0.0965733
0.0404342
0.0469274
0.0596192
0.326932
0.280797
0.282051
0.161927
0.12761
0.268183
0.346737
0.351783
0.414122
0.337312
0.427504
0.332729
0.298947
0.316615
0.329339
0.399516
0.406278
0.34637
0.395242
0.363949
0.320497
0.379343
0.351148
0.370579
0.260077
0.280142
0.351641
0.310907
0.33106
0.290622
0.325902
0.338478
0.457097
0.31974
0.401726
0.343043
0.323058
0.304506
0.288456
0.302843
0.239292
0.281358
0.234648
0.200717
0.171156
0.180737
0.136369
0.163528
0.167668
0.404468
0.0860775
0.0752744
0.0778427
0.0905418
0.0664068
0.0627704
0.0557191
0.073232
0.0483037
0.0541441
0.0603408
0.0172996
0.0266225
0.407042
0.429404
0.342304
0.345807
0.458954
0.402907
0.451872
0.230164
0.28582
0.285601
0.444265
0.397195
0.420677
0.368268
0.335416
0.405411
0.467853
0.430306
0.354401
0.343616
0.387853
0.350732
0.404758
0.42138
0.434165
0.491527
0.482376
0.464027
0.482809
0.444516
0.470405
0.3969
0.45122
0.463761
0.32057
0.451665
0.47311
0.312273
0.35985
0.454046
0.437636
0.400457
0.437196
0.386092
0.358883
0.367694
0.440461
0.316214
0.498422
0.389575
0.400848
0.371875
0.387073
0.448406
0.408773
0.39865
0.377641
0.362922
0.344315
0.407608
0.463127
0.463145
0.445746
0.509192
0.429734
0.482861
0.484685
0.511707
0.493561
0.489997
0.458279
0.458818
0.466999
0.500804
0.417818
0.333794
0.286485
0.0682963
0.0495306
0.372939
0.437296
0.261147
0.329608
0.379332
0.430579
0.443493
0.538164
0.569769
0.679387
0.703268
0.57316
0.534151
0.553595
0.658574
0.587761
0.611356
0.649951
0.63027
0.698727
0.554888
0.553667
0.658272
0.609104
0.637963
0.615626
0.677118
0.625663
0.544599
0.556991
0.655378
0.635784
0.589579
0.55529
0.520764
0.68287
0.655063
0.637636
0.621188
0.704434
0.570432
0.60447
0.590514
0.662522
0.587675
0.663079
0.633398
0.657742
0.595481
0.68463
0.665213
0.5926
0.609701
0.52107
0.51342
0.58282
0.584674
0.644226
0.610523
0.627374
0.771384
0.605366
0.529345
0.528942
0.581781
0.576897
0.640784
0.637673
0.662358
0.660477
0.631277
0.727822
0.699702
0.676821
0.664343
0.709214
0.680497
0.738257
0.682398
0.668897
0.621693
0.680119
0.780187
0.654101
0.683509
0.692258
0.702958
0.754176
0.760235
0.696627
0.712889
0.627363
0.495828
0.562429
0.764482
0.718596
0.771493
0.634717
0.689112
0.69636
0.592812
0.713327
0.783752
0.607564
0.562081
0.529684
0.573903
0.548091
0.700354
0.789282
0.677458
0.736703
0.763784
0.671685
0.554754
0.578403
0.657112
0.662204
0.567457
0.556909
0.576747
0.500718
0.653562
0.576531
0.588155
0.556539
0.627966
0.774329
0.585052
0.663729
0.633479
0.679277
0.655698
0.680989
0.709932
0.707581
0.738544
0.608397
0.556069
0.60148
0.719968
0.697117
0.669741
0.640005
0.653685
0.666908
0.748461
0.794394
0.692976
0.770443
0.720114
0.668021
0.640491
0.605975
0.781308
0.759928
0.727778
0.726761
0.677061
0.676208
0.647346
0.789307
0.661166
0.652684
0.764569
0.669732
0.699916
0.731371
0.796351
0.779007
0.778241
0.734324
0.722859
0.644638
0.714353
0.679232
0.665621
0.66704
0.734694
0.755789
0.736207
0.738614
0.699461
0.743724
0.772621
0.75453
0.738242
0.669767
0.643346
0.658359
0.648501
0.674991
0.700825
0.818362
0.590943
0.595248
0.72284
0.581889
0.550837
0.576135
0.646675
0.790124
0.634493
0.659919
0.588172
0.619513
0.735623
0.740323
0.762649
0.565428
0.630149
0.625885
0.637824
0.74329
0.725571
0.797262
0.716324
0.680646
0.723104
0.673587
0.6208
0.6828
0.691319
0.698859
0.793865
0.66983
0.656817
0.621207
0.611162
0.659927
0.670256
0.722555
0.755049
0.646394
0.667425
0.624067
0.737756
0.72001
0.638908
0.579121
0.877602
0.87613
0.850717
0.8734
0.748146
0.818385
0.829869
0.850765
0.827166
0.726336
0.75595
0.741437
0.748942
0.753186
0.758872
0.734652
0.811306
0.926127
0.864111
0.748104
0.759999
0.822447
0.730131
0.763819
0.724727
0.80391
0.732434
0.775937
0.745256
0.81477
0.845875
0.788298
0.808095
0.857093
0.839415
0.795586
0.740837
0.880291
0.871348
0.817059
0.85938
0.789479
0.831192
0.815745
0.817168
0.874567
0.773172
0.744354
0.798034
0.77769
0.833474
0.792288
0.816053
0.812419
0.833437
0.783532
0.851548
0.819781
0.863234
0.876803
0.883961
0.718592
0.866261
0.903233
0.856873
0.908956
0.868871
0.960384
0.809078
0.747928
0.758954
0.72699
0.71292
0.811641
0.842823
0.756493
0.915151
0.824877
0.846923
0.976271
0.873318
0.858096
0.895904
0.84168
0.855089
0.817489
0.83357
0.816548
0.845101
0.79635
0.798258
0.813684
0.832395
0.819541
0.815337
0.78423
0.854032
0.923469
0.940178
0.882517
0.798632
0.792496
0.841969
0.798214
0.831631
0.781401
0.804117
0.79891
0.842217
0.781993
0.837052
0.767337
0.803909
0.779477
0.793579
0.778996
0.873589
0.860142
0.933439
0.936297
0.915974
0.902703
0.72352
0.777635
0.59503
0.632184
0.566748
0.596379
0.652082
0.665093
0.672704
0.699148
0.618729
0.730244
0.719128
0.440556
0.444318
0.473493
0.523564
0.469867
0.492192
0.517704
0.52124
0.499684
0.485446
0.507772
0.486192
0.492307
0.51341
0.440201
0.509578
0.549311
0.507088
0.569251
0.579839
0.565024
0.545406
0.56619
0.564656
0.551592
0.524689
0.537678
0.56409
0.539116
0.551141
