# M1_reordered
# Number of vertices: 883, Number of faces: 1762
# Preprocessing time: 0.00139887
# Query time: 3.58125
0.236091
0.271614
0.172016
0.291883
0.349939
0.329813
0.227047
0.280849
0.294817
0.236698
0.294685
0.214097
0.116235
0.0673458
0.244668
0.381743
0
0.274065
0.198499
0.307579
0.343763
0.283062
0.380175
0.333738
0.42063
0.434667
0.381517
0.352116
0.224406
0.323821
0.326779
0.354963
0.391298
0.388875
0.305044
0.416921
0.310867
0.119586
0.0531135
0.0694646
0.065805
0.398784
0.375799
0.291365
0.37626
0.339405
0.384359
0.366418
0.212534
0.342773
0.346568
0.372301
0.365715
0.318612
0.172676
0.113146
0.254368
0.206126
0.139816
0.150924
0.0963787
0.0667341
0.0459122
0.347135
0.404245
0.413878
0.330596
0.425632
0.332117
0.479789
0.470736
0.406186
0.421321
0.448789
0.36766
0.330201
0.437461
0.436966
0.454869
0.412304
0.455357
0.43697
0.45528
0.449516
0.376456
0.443194
0.448229
0.264698
0.0323347
0.457097
0.455667
0.455692
0.539318
0.553127
0.59952
0.577338
0.650562
0.720452
0.648852
0.629093
0.717182
0.640703
0.596349
0.611006
0.655935
0.636507
0.629012
0.586945
0.55012
0.519543
0.688982
0.72799
0.749294
0.67742
0.665886
0.673693
0.748235
0.659149
0.615387
0.66453
0.636762
0.612655
0.722954
0.701566
0.690668
0.590372
0.592638
0.693949
0.713867
0.751445
0.69289
0.638038
0.556791
0.772143
0.70878
0.750234
0.669564
0.807442
0.752162
0.614934
0.769258
0.711988
0.687598
0.76159
0.660203
0.672072
0.788258
0.78792
0.552591
0.758202
0.530043
0.621243
0.584743
0.732606
0.646387
0.600934
0.749651
0.72089
0.693247
0.723164
0.660619
0.81497
0.709054
0.786074
0.668315
0.588792
0.854015
0.884047
0.941305
0.801213
0.745849
0.740563
0.789387
0.761975
0.893396
0.888297
0.90497
0.743995
0.794033
0.883764
0.869691
0.91738
0.864084
0.878236
0.849867
0.846569
0.780882
0.771673
0.868219
0.899951
0.799007
0.835272
0.89812
0.827668
0.759736
0.785649
0.736369
0.810761
0.789848
0.857429
0.81367
0.82837
0.84758
0.833075
0.862058
0.861229
0.816908
0.813997
0.752949
0.727098
0.707346
0.662615
0.773275
0.737233
0.443527
0.530742
0.535711
0.48121
0.502602
0.559675
0.543515
0.54768
0.262261
0.274098
0.313578
0.212314
0.256498
0.251765
0.289503
0.31959
0.200104
0.199626
0.238697
0.255166
0.239478
0.137853
0.273243
0.387078
0.108599
0.300392
0.320508
0.264759
0.3167
0.33304
0.293289
0.311971
0.255193
0.297574
0.280328
0.312988
0.173048
0.145894
0.181264
0.0262711
0.0362596
0.359453
0.341917
0.350406
0.242435
0.138607
0.11159
0.156076
0.0756938
0.0563958
0.334959
0.322268
0.27856
0.262725
0.234105
0.294505
0.179096
0.211963
0.290136
0.402016
0.36893
0.337411
0.333642
0.313239
0.0501443
0.0802896
0.0246725
0.0550133
0.0512214
0.056902
0.126101
0.138301
0.134708
0.334508
0.31544
0.216561
0.334222
0.293374
0.380385
0.354766
0.367878
0.445325
0.32524
0.399177
0.34332
0.440788
0.376654
0.473825
0.403272
0.397578
0.301498
0.314386
0.351052
0.320311
0.33181
0.243426
0.318757
0.35499
0.376583
0.467031
0.384949
0.416603
0.400297
0.373744
0.387357
0.354497
0.332033
0.318633
0.43828
0.310485
0.40556
0.398048
0.416046
0.320253
0.131034
0.0875028
0.0936608
0.0619227
0.0987623
0.0419121
0.0498866
0.0608671
0.336023
0.288956
0.285074
0.164849
0.128634
0.272935
0.354856
0.359901
0.42457
0.34543
0.440209
0.341099
0.306544
0.324215
0.337122
0.410534
0.417637
0.360923
0.406189
0.371733
0.326776
0.390608
0.355529
0.377699
0.263603
0.285072
0.358404
0.316619
0.342669
0.295721
0.33384
0.349243
0.465934
0.328015
0.405114
0.346403
0.330468
0.309278
0.296585
0.314546
0.247763
0.283649
0.238282
0.203493
0.17396
0.184024
0.142619
0.165082
0.169058
0.407856
0.0953512
0.0842093
0.0809357
0.0941373
0.0664068
0.0669848
0.0575288
0.0752405
0.0496014
0.0630116
0.061176
0.0172995
0.0266225
0.418171
0.443589
0.352637
0.359816
0.469459
0.416316
0.465003
0.235507
0.289632
0.28798
0.456491
0.405764
0.432466
0.376159
0.34283
0.41397
0.476859
0.439314
0.366363
0.353349
0.398558
0.360196
0.415784
0.427369
0.443905
0.500983
0.491707
0.473263
0.492533
0.451154
0.476802
0.408235
0.463983
0.476498
0.334551
0.456276
0.478493
0.319881
0.363852
0.46202
0.44535
0.413329
0.4563
0.410922
0.386269
0.381083
0.453369
0.329969
0.507781
0.394901
0.407503
0.378477
0.410103
0.458147
0.417821
0.407604
0.386285
0.371355
0.352249
0.42108
0.480368
0.47602
0.455108
0.516357
0.440183
0.493578
0.48851
0.520301
0.499561
0.495518
0.469718
0.47008
0.469358
0.504785
0.426495
0.340968
0.294614
0.0715267
0.052071
0.386893
0.448425
0.264926
0.339316
0.389304
0.438202
0.452224
0.554562
0.585822
0.694753
0.717461
0.584129
0.546409
0.568782
0.674059
0.601828
0.627061
0.662219
0.641818
0.715005
0.566059
0.565383
0.674036
0.62154
0.651295
0.626918
0.692473
0.641028
0.556442
0.572636
0.671535
0.651497
0.60299
0.565321
0.52944
0.700418
0.671271
0.65386
0.636385
0.720577
0.582564
0.620175
0.601764
0.678376
0.60303
0.678607
0.648753
0.673105
0.610583
0.697882
0.67739
0.607001
0.625101
0.528861
0.52459
0.592983
0.600504
0.657254
0.626355
0.643139
0.789931
0.618673
0.540533
0.538399
0.592485
0.588977
0.651636
0.64995
0.673249
0.674447
0.642789
0.751083
0.721209
0.689856
0.676846
0.721658
0.69266
0.750662
0.694508
0.680488
0.630896
0.691427
0.797603
0.669827
0.696709
0.712764
0.713004
0.764405
0.782088
0.712672
0.726838
0.637801
0.503151
0.570729
0.779353
0.733287
0.787069
0.647914
0.707005
0.715698
0.605902
0.725405
0.798355
0.620616
0.576008
0.542772
0.586979
0.560749
0.713661
0.805589
0.690904
0.752345
0.78009
0.687353
0.567881
0.591389
0.671937
0.67703
0.578672
0.57196
0.586168
0.509394
0.669857
0.585948
0.597682
0.564951
0.636657
0.791012
0.602403
0.675981
0.644048
0.697078
0.667939
0.695482
0.728571
0.717063
0.759143
0.629322
0.565451
0.617399
0.735459
0.71139
0.681689
0.649834
0.665248
0.681085
0.768679
0.815077
0.708864
0.788825
0.740583
0.683907
0.655201
0.620685
0.795987
0.774505
0.748278
0.740091
0.690719
0.68816
0.656828
0.799107
0.672391
0.665884
0.775558
0.684261
0.713964
0.745269
0.812599
0.799248
0.793665
0.75042
0.74318
0.660469
0.735522
0.695125
0.681635
0.682912
0.757743
0.781284
0.757626
0.753857
0.712793
0.757911
0.787565
0.767937
0.748042
0.685893
0.655552
0.67113
0.665132
0.689982
0.713718
0.83547
0.598793
0.604904
0.735612
0.591314
0.56026
0.585463
0.661402
0.804636
0.649318
0.676018
0.599747
0.629356
0.750413
0.751049
0.774222
0.57481
0.642822
0.636712
0.64866
0.756948
0.740945
0.814921
0.730074
0.701234
0.740094
0.692875
0.630752
0.695545
0.707352
0.712536
0.812984
0.684851
0.672415
0.636561
0.627239
0.670762
0.683563
0.743745
0.776074
0.659744
0.685226
0.64058
0.7481
0.730087
0.654737
0.596846
0.897327
0.893473
0.862656
0.887466
0.757035
0.835583
0.849167
0.864408
0.84449
0.735823
0.770248
0.755424
0.75806
0.769991
0.772821
0.7456
0.830864
0.940676
0.884211
0.762677
0.777752
0.841917
0.742743
0.775911
0.737286
0.818462
0.749605
0.789541
0.765723
0.831283
0.863209
0.797417
0.818413
0.875691
0.857668
0.806175
0.74987
0.896746
0.885268
0.828071
0.872541
0.807232
0.843328
0.834592
0.836807
0.889535
0.784956
0.75459
0.810732
0.794867
0.854049
0.807626
0.833606
0.833771
0.84997
0.798355
0.866347
0.832506
0.878519
0.89213
0.89833
0.729098
0.883326
0.923237
0.870936
0.927993
0.883012
0.974935
0.817751
0.764072
0.772135
0.741111
0.726225
0.82884
0.862468
0.771808
0.935687
0.843235
0.867244
0.998694
0.887384
0.87216
0.911115
0.856385
0.869193
0.829647
0.84602
0.828643
0.858179
0.808201
0.810049
0.829682
0.84795
0.839315
0.832204
0.800183
0.870603
0.944157
0.960927
0.902787
0.815693
0.809551
0.856816
0.816362
0.8499
0.795457
0.817509
0.812925
0.859277
0.794164
0.855886
0.786737
0.814344
0.7968
0.81131
0.799053
0.88766
0.874208
0.947988
0.952709
0.931247
0.917251
0.736928
0.795398
0.604856
0.642785
0.576131
0.609381
0.669883
0.675667
0.684979
0.713097
0.631014
0.743886
0.739717
0.451874
0.455633
0.487391
0.530693
0.477266
0.503406
0.531812
0.529113
0.513729
0.49554
0.522057
0.500163
0.503846
0.519107
0.447523
0.516807
0.560587
0.516916
0.580215
0.588581
0.573144
0.553181
0.571113
0.578136
0.566272
0.536605
0.552991
0.578768
0.55365
0.555081
