# M2_reordered
# Number of vertices: 3527, Number of faces: 7050
# Preprocessing time: 4.2e-08
# Query time: 0.0153902
0.229923
0.267615
0.168944
0.283407
0.341504
0.324522
0.22304
0.27679
0.288743
0.229272
0.287723
0.208642
0.114745
0.0675188
0.240998
0.372508
0
0.267198
0.193789
0.294148
0.331263
0.277781
0.373958
0.323042
0.401876
0.423528
0.373381
0.346851
0.21801
0.320518
0.319872
0.344403
0.378459
0.378681
0.299787
0.408988
0.306827
0.11713
0.0519663
0.0688589
0.0658337
0.380946
0.365099
0.284117
0.366382
0.332046
0.372042
0.359929
0.209366
0.332117
0.329926
0.360953
0.357896
0.308507
0.169067
0.107543
0.250413
0.202396
0.13822
0.1369
0.0856436
0.0662986
0.0471104
0.335007
0.385246
0.403632
0.31858
0.415202
0.322528
0.468607
0.460781
0.396146
0.412706
0.435759
0.358842
0.323241
0.423472
0.423995
0.438539
0.39645
0.446339
0.424127
0.441755
0.441263
0.366986
0.438222
0.443134
0.260923
0.0313388
0.445702
0.440433
0.439276
0.525061
0.539178
0.583624
0.562364
0.638399
0.703472
0.632201
0.610842
0.699473
0.623879
0.580091
0.595186
0.639454
0.621515
0.615842
0.567908
0.531745
0.508631
0.674003
0.714491
0.727811
0.654434
0.639402
0.657498
0.729557
0.641125
0.596768
0.649396
0.618386
0.59774
0.705415
0.68587
0.672478
0.576782
0.581091
0.679243
0.690783
0.730243
0.678245
0.627286
0.543944
0.748748
0.686361
0.729398
0.658065
0.778471
0.722842
0.599738
0.749515
0.692747
0.669929
0.725447
0.644732
0.660097
0.752184
0.753765
0.539832
0.740842
0.516411
0.609864
0.565975
0.7079
0.629071
0.586822
0.729586
0.699915
0.677703
0.7045
0.645733
0.789575
0.692256
0.768075
0.649457
0.569783
0.829551
0.86092
0.903131
0.7902
0.723407
0.725895
0.770124
0.752145
0.86003
0.859542
0.890431
0.721837
0.782282
0.869342
0.846668
0.901622
0.853525
0.861984
0.836239
0.826555
0.767892
0.747681
0.831412
0.885337
0.78245
0.810399
0.87264
0.817149
0.74614
0.772549
0.727918
0.801526
0.766593
0.832405
0.799129
0.818103
0.838395
0.821627
0.845859
0.830426
0.804065
0.794954
0.726684
0.700932
0.691017
0.64122
0.75766
0.711023
0.429852
0.518025
0.521708
0.469045
0.488746
0.548993
0.532994
0.537827
0.255892
0.266244
0.303836
0.208165
0.249525
0.245861
0.275766
0.313091
0.195154
0.193672
0.231377
0.247276
0.232373
0.131415
0.266279
0.375839
0.107805
0.295022
0.311702
0.255611
0.309867
0.318362
0.291159
0.307691
0.248548
0.290905
0.273436
0.304496
0.168978
0.142732
0.175259
0.026464
0.0317177
0.348464
0.331743
0.33408
0.237231
0.137012
0.107468
0.145957
0.0761182
0.053496
0.328031
0.314725
0.272823
0.257468
0.230795
0.289531
0.173912
0.207452
0.287541
0.392636
0.35982
0.326686
0.326927
0.302419
0.0496741
0.0806504
0.0244929
0.0530418
0.0510743
0.0474946
0.124555
0.134074
0.11994
0.329228
0.310281
0.213032
0.321374
0.284
0.3724
0.34924
0.360757
0.421366
0.312656
0.378351
0.330586
0.416553
0.363002
0.460614
0.38793
0.386325
0.291973
0.310152
0.341894
0.312233
0.324881
0.239008
0.309111
0.345483
0.366507
0.455027
0.380387
0.405908
0.395472
0.359412
0.380081
0.347565
0.325264
0.311962
0.42537
0.301108
0.395432
0.392815
0.409074
0.317852
0.128063
0.0828873
0.0935893
0.0621346
0.0980483
0.0408551
0.0469308
0.060401
0.326877
0.282237
0.278379
0.161642
0.127477
0.260895
0.346115
0.349101
0.411345
0.335502
0.424428
0.330671
0.299036
0.315964
0.337216
0.400031
0.405213
0.351552
0.393783
0.371463
0.323347
0.378039
0.351727
0.367786
0.260736
0.281219
0.350577
0.314698
0.332507
0.291667
0.325932
0.334297
0.452812
0.317016
0.387482
0.337499
0.321862
0.302069
0.292437
0.30767
0.242054
0.279665
0.23446
0.200145
0.171714
0.180397
0.137678
0.162212
0.164612
0.389689
0.087951
0.0779189
0.0774093
0.0882778
0.0659754
0.0623982
0.0534412
0.0736735
0.0484798
0.055309
0.0599702
0.0171736
0.0264287
0.407599
0.424543
0.33763
0.343901
0.458392
0.405018
0.452048
0.231047
0.282161
0.279687
0.436592
0.39279
0.416543
0.36414
0.330725
0.40122
0.461898
0.427744
0.36089
0.347803
0.388403
0.350341
0.40243
0.421963
0.434802
0.48828
0.483885
0.465307
0.482017
0.443117
0.466725
0.397165
0.445492
0.459213
0.323217
0.447092
0.470009
0.315645
0.358173
0.450828
0.433775
0.395138
0.441088
0.398538
0.37959
0.369091
0.443763
0.317899
0.494076
0.386908
0.396679
0.367541
0.398808
0.447027
0.406222
0.396198
0.37467
0.361317
0.344051
0.404024
0.467114
0.460255
0.444892
0.508895
0.430341
0.484307
0.479834
0.51185
0.490118
0.486119
0.459536
0.458001
0.462252
0.492043
0.416843
0.333864
0.289846
0.0676647
0.0503436
0.368341
0.437394
0.261812
0.333872
0.383597
0.427219
0.439171
0.539709
0.570304
0.67884
0.702125
0.568479
0.530481
0.552491
0.657119
0.585194
0.610419
0.647058
0.62535
0.698569
0.555512
0.552582
0.65738
0.606699
0.633322
0.608875
0.674969
0.617138
0.543574
0.559583
0.653491
0.633604
0.589969
0.551037
0.517227
0.68282
0.65353
0.636328
0.619903
0.704092
0.567644
0.603646
0.586011
0.661176
0.586759
0.661944
0.632608
0.656782
0.591319
0.69012
0.662552
0.593858
0.602306
0.517761
0.514658
0.585694
0.578081
0.64054
0.607657
0.624667
0.765747
0.600932
0.526786
0.526203
0.57797
0.574361
0.636278
0.631929
0.67139
0.662317
0.631436
0.730514
0.698317
0.673526
0.65876
0.704597
0.676536
0.734975
0.677761
0.664076
0.617861
0.675398
0.774637
0.651865
0.67655
0.684994
0.697638
0.747556
0.743864
0.689954
0.707987
0.623091
0.492252
0.559342
0.759926
0.714044
0.766341
0.629657
0.685938
0.693733
0.588055
0.708647
0.779918
0.601071
0.556443
0.523715
0.569529
0.543979
0.696082
0.783498
0.672179
0.727632
0.75818
0.668374
0.552967
0.576625
0.654487
0.663043
0.564196
0.553052
0.573104
0.496945
0.651222
0.579088
0.589189
0.558245
0.627313
0.754697
0.578007
0.660717
0.628068
0.675069
0.649113
0.673653
0.696821
0.701595
0.72502
0.607073
0.545737
0.596612
0.718962
0.695305
0.667538
0.640153
0.654329
0.666702
0.745959
0.79121
0.68823
0.767596
0.717271
0.668623
0.643934
0.60698
0.765433
0.745012
0.719901
0.720789
0.670222
0.672936
0.641142
0.782945
0.654405
0.645424
0.758814
0.663531
0.696466
0.725717
0.791879
0.776313
0.773255
0.728152
0.721202
0.641688
0.714408
0.675585
0.661941
0.655841
0.718907
0.743809
0.718689
0.72358
0.687837
0.729968
0.761499
0.74393
0.731856
0.66343
0.640947
0.65633
0.651941
0.6745
0.697628
0.799129
0.579417
0.590605
0.720357
0.577219
0.546386
0.572409
0.642803
0.783183
0.6359
0.657411
0.587068
0.614601
0.721885
0.728964
0.752545
0.561203
0.624029
0.622388
0.647623
0.741332
0.723014
0.793119
0.704993
0.675995
0.716465
0.671606
0.615858
0.676415
0.686519
0.694374
0.792408
0.662607
0.649222
0.619963
0.610003
0.660828
0.665725
0.721719
0.754487
0.641309
0.665038
0.618743
0.731849
0.713962
0.636212
0.582011
0.872401
0.873071
0.847816
0.86371
0.742839
0.824315
0.835485
0.850809
0.832725
0.721835
0.74992
0.732912
0.740513
0.737711
0.746454
0.727767
0.81891
0.923344
0.861082
0.736682
0.765984
0.831626
0.730302
0.763437
0.721888
0.808013
0.726652
0.769275
0.736505
0.808657
0.84291
0.781352
0.802147
0.850347
0.834004
0.787993
0.736431
0.870705
0.867817
0.815946
0.857074
0.797121
0.824283
0.822048
0.823901
0.879778
0.770222
0.727519
0.791813
0.778947
0.842448
0.782918
0.799587
0.79574
0.821762
0.771451
0.847694
0.803887
0.853477
0.864768
0.881045
0.713559
0.848229
0.892289
0.837011
0.896037
0.853362
0.957354
0.802553
0.74871
0.756976
0.72828
0.718015
0.819473
0.850163
0.745569
0.90652
0.818022
0.843353
0.959085
0.872053
0.843945
0.892143
0.842545
0.851634
0.816868
0.830189
0.814525
0.842851
0.792879
0.795589
0.818151
0.827831
0.827703
0.808453
0.787237
0.858978
0.91199
0.929275
0.874232
0.7923
0.786328
0.839038
0.807695
0.84215
0.784897
0.80444
0.80127
0.837338
0.779275
0.845798
0.760792
0.795786
0.769686
0.784303
0.770691
0.867216
0.85472
0.931932
0.935785
0.916016
0.901557
0.710814
0.785741
0.590125
0.626295
0.561255
0.590402
0.648435
0.659924
0.666968
0.692022
0.617068
0.720079
0.70091
0.438308
0.438995
0.471166
0.522505
0.465696
0.492024
0.516859
0.521096
0.495451
0.480761
0.510194
0.48585
0.490493
0.509515
0.436278
0.509852
0.54804
0.501137
0.567374
0.582568
0.56449
0.544869
0.558069
0.564649
0.552858
0.52233
0.533035
0.565262
0.543731
0.545386
0.226271
0.275891
0.218868
0.279686
0.27054
0.236357
0.208148
0.220792
0.235389
0.20201
0.245421
0.284587
0.263489
0.280083
0.266064
0.264327
0.260283
0.281778
0.283093
0.270287
0.273968
0.268933
0.264453
0.226229
0.196859
0.185497
0.212714
0.205741
0.236851
0.198358
0.1937
0.190134
0.299499
0.322914
0.200662
0.242683
0.32273
0.290022
0.181498
0.303826
0.318641
0.245962
0.23825
0.260243
0.144589
0.23924
0.272093
0.211572
0.236338
0.278812
0.248216
0.272119
0.258182
0.309266
0.372922
0.202923
0.150828
0.120678
0.113101
0.0936258
0.327949
0.364547
0.33428
0.291798
0.357726
0.303484
0.307151
0.316967
0.258913
0.179896
0.266289
0.348283
0.33826
0.300717
0.280921
0.197022
0.297785
0.313807
0.31755
0.319565
0.331714
0.351698
0.368735
0.289869
0.308751
0.311673
0.309869
0.419228
0.312446
0.295311
0.293596
0.300556
0.293125
0.275846
0.338296
0.318853
0.310018
0.22992
0.316291
0.305134
0.309841
0.307314
0.308111
0.297973
0.286174
0.3007
0.300115
0.291463
0.295794
0.243944
0.232519
0.296221
0.231757
0.214415
0.259301
0.255307
0.294255
0.298633
0.210426
0.215722
0.236525
0.422712
0.396892
0.421679
0.395692
0.42401
0.400959
0.397658
0.409612
0.387281
0.397224
0.424679
0.294428
0.278435
0.19547
0.327292
0.291846
0.261159
0.235031
0.172855
0.180226
0.18445
0.161271
0.175209
0.20122
0.186065
0.153438
0.167853
0.164338
0.149363
0.379764
0.0805654
0.0733411
0.0204444
0.354068
0.343203
0.346809
0.287535
0.215119
0.205665
0.172753
0.291195
0.330427
0.321854
0.162574
0.160522
0.156585
0.321302
0.153226
0.273194
0.140426
0.298442
0.130514
0.124613
0.116509
0.117321
0.138158
0.288397
0.28786
0.300082
0.303595
0.0889533
0.086823
0.318098
0.079604
0.340481
0.081051
0.0784965
0.364438
0.0595121
0.062281
0.0563942
0.334679
0.298415
0.318635
0.293808
0.319138
0.31032
0.288154
0.293495
0.291778
0.266659
0.25541
0.266796
0.332637
0.317253
0.255823
0.271176
0.112377
0.264429
0.190079
0.289119
0.223081
0.183383
0.250381
0.230064
0.216537
0.182508
0.262831
0.284062
0.190263
0.260707
0.247285
0.218376
0.321704
0.386198
0.381618
0.387132
0.433383
0.403325
0.404582
0.368784
0.359678
0.353335
0.337324
0.372584
0.350845
0.360565
0.380514
0.309278
0.297467
0.16012
0.194265
0.18319
0.225375
0.242403
0.211656
0.206664
0.0695882
0.0700826
0.064594
0.0514115
0.0722961
0.0785064
0.0937514
0.0281972
0.153845
0.13383
0.135869
0.127966
0.12037
0.136931
0.105644
0.111845
0.131565
0.101593
0.0858642
0.155076
0.340219
0.353102
0.389342
0.34066
0.353321
0.310338
0.311858
0.304159
0.311048
0.307684
0.294717
0.31608
0.256326
0.320019
0.304887
0.330465
0.334301
0.243308
0.310975
0.310931
0.267276
0.31211
0.272097
0.359067
0.202627
0.186805
0.36056
0.338738
0.371537
0.349138
0.347345
0.307022
0.297082
0.287241
0.331937
0.293084
0.290927
0.32567
0.369011
0.364832
0.33498
0.288904
0.35536
0.343252
0.337197
0.359319
0.369271
0.320724
0.317772
0.310224
0.303475
0.448247
0.427601
0.436509
0.430263
0.383116
0.399765
0.44867
0.415787
0.395282
0.449554
0.329511
0.347674
0.373055
0.435398
0.341129
0.33666
0.448202
0.431802
0.442502
0.351055
0.362845
0.413286
0.376381
0.44635
0.392145
0.457344
0.436746
0.399628
0.378613
0.38499
0.422141
0.394164
0.386936
0.301969
0.289203
0.300335
0.317145
0.36682
0.363526
0.356071
0.381084
0.35178
0.306128
0.294723
0.260217
0.239693
0.342267
0.308564
0.252165
0.243509
0.239278
0.297626
0.20291
0.25898
0.323797
0.41767
0.331288
0.444835
0.380256
0.331372
0.341148
0.354934
0.38305
0.399619
0.413241
0.424808
0.406255
0.442997
0.358437
0.403859
0.378406
0.397111
0.362032
0.361362
0.365058
0.37927
0.370691
0.429116
0.374139
0.399195
0.297166
0.364303
0.353528
0.358015
0.367072
0.364404
0.347805
0.351028
0.343655
0.375966
0.396285
0.362955
0.355347
0.340225
0.332342
0.383607
0.413103
0.398062
0.307818
0.450086
0.439994
0.414518
0.405022
0.423379
0.426759
0.394928
0.401321
0.413131
0.411591
0.340042
0.329776
0.326433
0.323552
0.31592
0.312038
0.313228
0.308625
0.30923
0.323825
0.319201
0.294384
0.300228
0.301072
0.296034
0.30134
0.220172
0.176505
0.175856
0.295254
0.158134
0.139859
0.137925
0.120534
0.120476
0.144508
0.114824
0.121682
0.108965
0.102589
0.0749526
0.0639101
0.0615258
0.0522709
0.078944
0.0663451
0.0666671
0.0439636
0.0664378
0.0832904
0.0704743
0.0544345
0.0411337
0.0569604
0.0496608
0.0452803
0.054175
0.0354993
0.0378895
0.0345942
0.0462808
0.0274326
0.0405776
0.0468182
0.0573972
0.0415856
0.056713
0.0746384
0.0568466
0.0692516
0.0577464
0.291241
0.279383
0.405767
0.260231
0.348952
0.339707
0.249016
0.36522
0.178528
0.0100932
0.213303
0.245286
0.194299
0.256355
0.402656
0.383199
0.416386
0.404854
0.318633
0.342236
0.388222
0.31629
0.366548
0.28331
0.277046
0.422783
0.385664
0.432591
0.399943
0.413922
0.420437
0.41448
0.362721
0.380856
0.334543
0.331313
0.319988
0.335832
0.29464
0.302773
0.416309
0.354537
0.349483
0.379559
0.332862
0.405443
0.317826
0.40633
0.299222
0.407286
0.365337
0.388925
0.376609
0.368987
0.362028
0.357863
0.309407
0.294753
0.328138
0.335728
0.378525
0.392373
0.346245
0.36333
0.385873
0.360433
0.305735
0.335648
0.316056
0.377468
0.37218
0.375812
0.359646
0.367045
0.295999
0.373428
0.348115
0.237157
0.369074
0.329895
0.366612
0.330681
0.293913
0.323204
0.274012
0.347957
0.234322
0.355481
0.354061
0.183136
0.333028
0.302538
0.349358
0.249865
0.342575
0.286342
0.326379
0.341718
0.338665
0.275773
0.255115
0.302553
0.332548
0.333691
0.329743
0.328778
0.282975
0.325244
0.322256
0.3275
0.4327
0.320409
0.404307
0.446413
0.372861
0.365757
0.368094
0.359094
0.383174
0.312687
0.335788
0.336308
0.333836
0.331319
0.33011
0.328937
0.327168
0.306554
0.305191
0.295389
0.290487
0.288692
0.254281
0.252844
0.314744
0.317649
0.309866
0.287334
0.258826
0.23112
0.282707
0.20547
0.240075
0.215634
0.17695
0.125559
0.141216
0.179161
0.141418
0.134304
0.23384
0.122709
0.101126
0.254026
0.103612
0.14245
0.0951398
0.101398
0.15179
0.0910145
0.085236
0.30533
0.300491
0.238974
0.242421
0.236096
0.227143
0.22543
0.213521
0.21831
0.207118
0.204981
0.177789
0.185625
0.18708
0.173342
0.165688
0.161197
0.178755
0.1647
0.159331
0.16319
0.164683
0.159871
0.163148
0.145572
0.131805
0.383871
0.151548
0.340729
0.380222
0.371852
0.378225
0.090165
0.0785194
0.0769836
0.0734204
0.0681957
0.0636758
0.0826014
0.0631646
0.044486
0.0748572
0.0444997
0.0434616
0.0333683
0.0945555
0.0313132
0.0216102
0.0214685
0.0382406
0.0430683
0.0340149
0.0397463
0.0194569
0.0533412
0.0297399
0.0346959
0.0671449
0.0710431
0.380923
0.390583
0.394624
0.356458
0.443675
0.357316
0.341055
0.342035
0.364479
0.365813
0.270414
0.405101
0.421077
0.405022
0.393076
0.401189
0.38657
0.377852
0.349298
0.46182
0.366313
0.442456
0.451556
0.435551
0.3744
0.446649
0.366721
0.380695
0.397434
0.350177
0.367307
0.343798
0.362863
0.232129
0.2368
0.270371
0.313304
0.285188
0.291815
0.411439
0.40055
0.439346
0.409803
0.305376
0.315358
0.37301
0.396151
0.419189
0.315742
0.405644
0.321439
0.341668
0.387989
0.454905
0.371836
0.419052
0.448199
0.42129
0.449008
0.37491
0.445783
0.374321
0.337945
0.347568
0.393846
0.369643
0.444168
0.428055
0.335955
0.376717
0.40468
0.347938
0.363522
0.431778
0.384322
0.331291
0.326025
0.423675
0.420309
0.401482
0.394128
0.402092
0.427701
0.420528
0.412986
0.430581
0.438242
0.474631
0.501428
0.463627
0.414715
0.472735
0.421884
0.453539
0.445996
0.412817
0.390049
0.460511
0.409713
0.451253
0.488887
0.460625
0.456884
0.452447
0.416739
0.426265
0.423677
0.484222
0.495765
0.455948
0.473718
0.363432
0.482008
0.377207
0.48607
0.456285
0.453817
0.374152
0.415889
0.448052
0.392819
0.381091
0.357457
0.458937
0.422058
0.3734
0.447371
0.449456
0.436098
0.358634
0.353729
0.357174
0.341721
0.341146
0.334366
0.333763
0.468229
0.448159
0.437702
0.430059
0.403386
0.40735
0.437632
0.46151
0.445026
0.455089
0.490464
0.483272
0.486088
0.450718
0.473028
0.450154
0.398771
0.41171
0.40508
0.38788
0.407422
0.357922
0.350525
0.382827
0.40658
0.374547
0.341029
0.3692
0.376666
0.47803
0.469907
0.39203
0.375364
0.351664
0.372771
0.446539
0.431386
0.411547
0.401978
0.404819
0.462935
0.438389
0.41763
0.398995
0.399329
0.45876
0.442512
0.443986
0.415691
0.398454
0.429153
0.409376
0.429581
0.378804
0.368246
0.404652
0.38462
0.410865
0.420878
0.393957
0.413168
0.398332
0.37361
0.351142
0.403404
0.332921
0.44983
0.432611
0.404567
0.407415
0.452369
0.442494
0.427207
0.414066
0.420263
0.444609
0.475572
0.419425
0.321441
0.498921
0.492943
0.446967
0.455335
0.447765
0.475812
0.431543
0.456416
0.443074
0.421429
0.45719
0.399115
0.406495
0.398348
0.422392
0.309179
0.415545
0.390391
0.410558
0.362613
0.415542
0.371884
0.380719
0.447022
0.435222
0.439405
0.446094
0.456811
0.416171
0.433058
0.383772
0.435956
0.486911
0.479203
0.478031
0.445297
0.438082
0.436302
0.434847
0.432712
0.418626
0.40448
0.40406
0.398823
0.387413
0.376402
0.380092
0.368312
0.364699
0.363444
0.345721
0.341139
0.338638
0.312417
0.459205
0.412128
0.422969
0.397384
0.455035
0.449735
0.429796
0.433084
0.439398
0.445369
0.449465
0.4544
0.451052
0.505547
0.509484
0.490545
0.485252
0.476989
0.470639
0.479521
0.429866
0.497
0.496079
0.487201
0.476696
0.49422
0.490728
0.457928
0.466794
0.4442
0.454108
0.468581
0.473862
0.492211
0.513666
0.496594
0.474146
0.428028
0.466578
0.475687
0.470282
0.477258
0.453308
0.483992
0.363071
0.311527
0.334167
0.486118
0.380113
0.422375
0.31733
0.32564
0.321799
0.320617
0.275112
0.276805
0.362785
0.416329
0.392496
0.379497
0.0717675
0.0734382
0.0903784
0.0295622
0.0235181
0.0350344
0.0443229
0.0539092
0.106937
0.0929334
0.0659279
0.0586476
0.155403
0.340437
0.359374
0.35379
0.26793
0.265671
0.274109
0.266352
0.265123
0.314846
0.334988
0.415694
0.423171
0.450149
0.448311
0.44864
0.463044
0.450605
0.398986
0.394843
0.450774
0.423589
0.330846
0.515871
0.57757
0.579671
0.587219
0.537078
0.551596
0.551169
0.533942
0.577488
0.601322
0.571717
0.568067
0.569717
0.564702
0.539579
0.640448
0.638015
0.644853
0.679061
0.57453
0.588017
0.560277
0.555975
0.575765
0.538054
0.557734
0.569458
0.562565
0.578058
0.576343
0.548594
0.52518
0.543392
0.699876
0.544252
0.670349
0.551985
0.693304
0.611423
0.563396
0.62148
0.579367
0.61339
0.669379
0.681318
0.624104
0.596518
0.563127
0.561009
0.570596
0.68095
0.702361
0.614124
0.617784
0.636867
0.687214
0.604896
0.670603
0.697095
0.60149
0.628658
0.692902
0.612981
0.664812
0.62344
0.613415
0.687183
0.620571
0.619012
0.65634
0.638586
0.667209
0.677843
0.688984
0.536739
0.535925
0.539594
0.533391
0.556744
0.555211
0.577425
0.699947
0.686202
0.632916
0.593751
0.594019
0.622305
0.60569
0.679628
0.615197
0.694878
0.679404
0.652136
0.62918
0.612248
0.623461
0.618154
0.657681
0.692926
0.693702
0.602137
0.604055
0.623888
0.695145
0.63261
0.52902
0.567802
0.559422
0.702013
0.697749
0.618272
0.61098
0.631076
0.703786
0.552587
0.573332
0.563551
0.620702
0.619528
0.59722
0.651393
0.602407
0.648211
0.588085
0.578695
0.607526
0.560017
0.56112
0.703894
0.684487
0.670974
0.617668
0.57
0.592458
0.60962
0.619064
0.623236
0.640966
0.566254
0.579482
0.697183
0.677528
0.576959
0.693969
0.65243
0.62668
0.56964
0.583957
0.579877
0.681661
0.67356
0.616428
0.685261
0.594166
0.642413
0.589699
0.658728
0.658857
0.68703
0.664771
0.697036
0.60517
0.597577
0.615956
0.679218
0.671704
0.693212
0.627929
0.603784
0.605945
0.730153
0.651608
0.587713
0.630903
0.64775
0.636319
0.616649
0.606038
0.599627
0.611219
0.613796
0.617079
0.583331
0.630742
0.723036
0.621611
0.60539
0.60513
0.68634
0.656273
0.658734
0.666857
0.644936
0.611801
0.661128
0.636152
0.633993
0.639631
0.669508
0.591448
0.631859
0.535025
0.547558
0.541271
0.550428
0.572425
0.592384
0.585318
0.566064
0.715717
0.641293
0.651362
0.738205
0.622812
0.596918
0.593724
0.579469
0.576167
0.588769
0.620471
0.609354
0.575253
0.601598
0.602664
0.547529
0.562748
0.676074
0.681066
0.589583
0.580984
0.574923
0.513251
0.505695
0.520941
0.599677
0.575497
0.601135
0.575382
0.579614
0.591847
0.688847
0.673437
0.729749
0.694493
0.562763
0.595822
0.567083
0.607568
0.587624
0.658289
0.594238
0.672418
0.661992
0.661902
0.630646
0.626062
0.618375
0.609813
0.59892
0.765174
0.654848
0.640805
0.640968
0.626773
0.589134
0.613899
0.570087
0.568858
0.552388
0.570639
0.785465
0.584467
0.583897
0.725003
0.706328
0.692902
0.669609
0.78277
0.742303
0.74053
0.708343
0.670518
0.744849
0.744301
0.707037
0.651395
0.721139
0.703961
0.658665
0.645042
0.665364
0.637848
0.632401
0.637429
0.643121
0.673415
0.65267
0.666297
0.671355
0.630852
0.632118
0.701685
0.694137
0.726623
0.700989
0.662715
0.660125
0.674817
0.630983
0.644869
0.728442
0.645774
0.691977
0.696553
0.6663
0.728645
0.620257
0.716819
0.727836
0.716396
0.724985
0.747577
0.757038
0.726151
0.714443
0.688272
0.707622
0.681189
0.672813
0.649464
0.647425
0.627076
0.713894
0.605251
0.617772
0.646749
0.621304
0.601472
0.695276
0.622705
0.638639
0.605558
0.685249
0.601408
0.627633
0.771562
0.76204
0.558001
0.564995
0.571301
0.540338
0.579128
0.565769
0.770783
0.782055
0.758056
0.77608
0.782935
0.757915
0.733614
0.74744
0.721834
0.767795
0.788209
0.741636
0.682767
0.703002
0.69614
0.686439
0.667176
0.630425
0.643632
0.638933
0.609778
0.611031
0.643568
0.614182
0.666739
0.711688
0.727544
0.585663
0.62544
0.761218
0.74001
0.559546
0.556184
0.679823
0.619512
0.630277
0.593554
0.609851
0.603783
0.611164
0.641479
0.631162
0.598736
0.622428
0.591923
0.610645
0.636193
0.590586
0.615539
0.620779
0.547055
0.641919
0.610862
0.59382
0.618538
0.603983
0.521629
0.575564
0.544681
0.585821
0.595428
0.581622
0.602629
0.560906
0.554365
0.619254
0.604252
0.603161
0.553389
0.516133
0.511722
0.577678
0.520956
0.554192
0.512583
0.505078
0.526591
0.798714
0.805406
0.778461
0.758078
0.77128
0.621297
0.623561
0.616246
0.634451
0.612959
0.609277
0.600659
0.636717
0.610298
0.639065
0.601384
0.610658
0.594915
0.61483
0.638408
0.794488
0.781306
0.688542
0.699771
0.693455
0.711262
0.683517
0.676448
0.73587
0.704852
0.684132
0.694957
0.670162
0.637251
0.571981
0.570453
0.586272
0.581073
0.659889
0.566544
0.549966
0.743061
0.725144
0.565563
0.551837
0.554692
0.537613
0.525523
0.53234
0.525842
0.505804
0.567174
0.613849
0.580538
0.548013
0.582446
0.598726
0.621919
0.554538
0.620668
0.545586
0.547093
0.554343
0.776628
0.74221
0.734404
0.723102
0.675087
0.576088
0.604255
0.641142
0.648456
0.614352
0.611174
0.678406
0.622657
0.614001
0.681196
0.614852
0.671379
0.711092
0.664904
0.699286
0.686909
0.630003
0.684672
0.660367
0.693013
0.704051
0.700195
0.653677
0.67558
0.672065
0.68248
0.672247
0.673091
0.683425
0.680304
0.686991
0.68669
0.695603
0.719359
0.709514
0.670821
0.72201
0.754289
0.741051
0.726275
0.611781
0.594458
0.657432
0.708727
0.576248
0.589794
0.557975
0.543137
0.565708
0.563608
0.773423
0.682675
0.699847
0.674915
0.721201
0.683338
0.731475
0.727178
0.683447
0.681235
0.649802
0.7013
0.665254
0.685883
0.625774
0.646319
0.635803
0.653487
0.62595
0.652518
0.641639
0.619776
0.688272
0.620986
0.672947
0.601156
0.701274
0.735821
0.633037
0.530886
0.519798
0.803398
0.754401
0.779346
0.764833
0.687993
0.710691
0.772327
0.680439
0.747158
0.672481
0.7346
0.674459
0.672268
0.664871
0.748821
0.768337
0.770654
0.665032
0.659683
0.671942
0.661011
0.64828
0.658078
0.637686
0.659151
0.638505
0.649728
0.659372
0.62965
0.627025
0.624323
0.627536
0.618028
0.613323
0.606415
0.65533
0.801392
0.736399
0.747958
0.600016
0.810138
0.787413
0.781374
0.769449
0.76286
0.767928
0.748607
0.749721
0.744461
0.729977
0.67651
0.717842
0.669563
0.718095
0.718575
0.703214
0.697661
0.663323
0.673475
0.655927
0.631383
0.682585
0.700806
0.654559
0.647245
0.666187
0.69062
0.638752
0.671421
0.602995
0.764867
0.77367
0.592881
0.61633
0.623969
0.651161
0.730847
0.657311
0.629187
0.671912
0.530166
0.697801
0.698458
0.688659
0.796106
0.734574
0.776373
0.771923
0.711242
0.792043
0.777184
0.703585
0.783932
0.70369
0.754551
0.673245
0.664953
0.703373
0.754073
0.748012
0.698148
0.621876
0.747948
0.664892
0.640904
0.632965
0.776374
0.697662
0.710999
0.718614
0.68052
0.761245
0.727192
0.754312
0.707931
0.706597
0.706442
0.718672
0.711518
0.667961
0.719322
0.732741
0.723674
0.727498
0.725302
0.732484
0.7404
0.722946
0.737935
0.725467
0.73629
0.728222
0.746847
0.751579
0.734959
0.740793
0.737032
0.763897
0.752266
0.753167
0.757665
0.75977
0.780849
0.790112
0.804127
0.751806
0.796907
0.803284
0.78335
0.657055
0.660894
0.663199
0.662839
0.661605
0.646301
0.645843
0.666319
0.671229
0.64749
0.637883
0.681753
0.683857
0.692703
0.68285
0.674732
0.688539
0.667266
0.693336
0.678993
0.704838
0.713858
0.66671
0.777099
0.76309
0.74663
0.735721
0.583485
0.562982
0.712844
0.533507
0.722836
0.728145
0.728846
0.50137
0.506146
0.715146
0.763104
0.601992
0.591964
0.57625
0.570037
0.535413
0.706237
0.500975
0.607133
0.694423
0.705773
0.59015
0.719776
0.727804
0.649446
0.637301
0.647204
0.64092
0.570522
0.77428
0.787977
0.642112
0.624167
0.677509
0.669955
0.663271
0.662723
0.654196
0.650593
0.596027
0.622982
0.613107
0.591427
0.578953
0.584034
0.600985
0.663499
0.690175
0.745957
0.761914
0.762098
0.799393
0.739434
0.631671
0.633553
0.669204
0.547454
0.612324
0.718185
0.705167
0.731247
0.705017
0.709185
0.732183
0.666356
0.65947
0.637655
0.624018
0.507129
0.506994
0.789762
0.787918
0.807664
0.764425
0.763584
0.748387
0.770827
0.740187
0.782006
0.747001
0.743707
0.69025
0.736849
0.644518
0.741156
0.754264
0.750225
0.761753
0.760422
0.747073
0.740763
0.726159
0.707804
0.678904
0.640319
0.697916
0.703778
0.713255
0.605468
0.667192
0.67072
0.712084
0.726476
0.671196
0.561816
0.69061
0.795292
0.679029
0.674754
0.662872
0.652934
0.75492
0.739008
0.660413
0.61269
0.572271
0.573246
0.630512
0.658967
0.64716
0.665901
0.700511
0.58853
0.56205
0.664821
0.690743
0.775394
0.771764
0.521727
0.553517
0.559251
0.503883
0.522602
0.4961
0.595239
0.58375
0.648237
0.656022
0.758909
0.747463
0.658757
0.702595
0.788369
0.600246
0.610218
0.655795
0.59943
0.636049
0.650515
0.719514
0.780561
0.76491
0.685685
0.68926
0.70645
0.563296
0.575418
0.770643
0.728164
0.733552
0.758695
0.79167
0.844367
0.851767
0.716225
0.735288
0.870853
0.74057
0.748602
0.856887
0.865333
0.90332
0.852027
0.748814
0.86299
0.713871
0.864221
0.794011
0.886213
0.76013
0.77102
0.800204
0.84983
0.825575
0.833263
0.778992
0.813772
0.776694
0.811359
0.814694
0.718758
0.736911
0.748962
0.787824
0.758526
0.779104
0.744597
0.762108
0.764176
0.753197
0.706652
0.736093
0.75539
0.738093
0.813597
0.91581
0.725886
0.866997
0.885172
0.877264
0.732479
0.886558
0.881662
0.915168
0.865076
0.798889
0.757976
0.862626
0.80213
0.913136
0.865578
0.943168
0.870119
0.852142
0.926135
0.738725
0.853219
0.786867
0.791185
0.7928
0.806953
0.772221
0.778337
0.770654
0.744224
0.801744
0.729003
0.770921
0.794869
0.804286
0.766244
0.753528
0.746329
0.73553
0.745945
0.815682
0.767003
0.734277
0.719068
0.758883
0.732356
0.710071
0.826379
0.804101
0.749712
0.705219
0.730554
0.717799
0.792257
0.754982
0.808944
0.702746
0.777187
0.739558
0.854481
0.784158
0.795201
0.702597
0.696071
0.802768
0.694768
0.798498
0.764842
0.702263
0.744634
0.711407
0.778399
0.790517
0.704355
0.730778
0.7081
0.809775
0.752443
0.766452
0.730986
0.739258
0.726363
0.808926
0.830152
0.792061
0.855025
0.862675
0.758854
0.788471
0.868535
0.851426
0.837641
0.825239
0.894361
0.878568
0.795145
0.856721
0.775465
0.794452
0.845984
0.852042
0.753333
0.765771
0.858207
0.842646
0.750866
0.844467
0.847432
0.779152
0.779746
0.735354
0.74535
0.883148
0.726622
0.889246
0.860974
0.758971
0.775105
0.886107
0.793823
0.797795
0.828557
0.864698
0.83195
0.866347
0.845353
0.850138
0.82937
0.73246
0.866272
0.855582
0.84886
0.831769
0.837678
0.840933
0.829975
0.830611
0.84735
0.8306
0.793259
0.839365
0.763695
0.834296
0.839408
0.833015
0.830087
0.833907
0.808131
0.824823
0.795727
0.805139
0.791958
0.857202
0.838034
0.839814
0.715755
0.737785
0.733939
0.735642
0.716526
0.703702
0.842089
0.828979
0.805161
0.819682
0.841003
0.863054
0.774568
0.800415
0.769273
0.762086
0.781601
0.802638
0.771561
0.789609
0.785295
0.802376
0.77221
0.832406
0.778907
0.80218
0.795965
0.827771
0.750169
0.784742
0.744494
0.768845
0.82722
0.789207
0.850817
0.761526
0.75657
0.801493
0.813221
0.781494
0.807132
0.759476
0.782819
0.757254
0.799534
0.774619
0.814568
0.834791
0.745952
0.742104
0.795948
0.831597
0.781874
0.859437
0.871616
0.757941
0.855719
0.776557
0.865624
0.826837
0.879321
0.788826
0.819611
0.872242
0.822076
0.819797
0.833586
0.849421
0.918939
0.900504
0.891244
0.932581
0.73237
0.835217
0.856262
0.822882
0.902323
0.888759
0.849688
0.921486
0.851776
0.857654
0.938509
0.746743
0.816809
0.857552
0.870135
0.871593
0.862429
0.960344
0.933538
0.765389
0.755197
0.744817
0.761325
0.756417
0.750345
0.811269
0.79237
0.878006
0.781706
0.726444
0.740241
0.749865
0.737508
0.743542
0.738753
0.7658
0.732101
0.791919
0.784463
0.85867
0.804697
0.74295
0.811183
0.788386
0.866484
0.817283
0.83468
0.814359
0.819323
0.832838
0.849128
0.821087
0.722463
0.719504
0.729585
0.763519
0.892599
0.906443
0.930496
0.828081
0.884706
0.829974
0.858163
0.869621
0.947809
0.853605
0.828818
0.855901
0.830702
0.838371
0.84361
0.770936
0.762618
0.769123
0.724039
0.842553
0.827921
0.89018
0.860895
0.88645
0.835443
0.840515
0.825625
0.81204
0.847911
0.880064
0.872783
0.806792
0.875727
0.870792
0.786641
0.830275
0.77973
0.774573
0.813983
0.821476
0.78725
0.818599
0.774667
0.807165
0.806239
0.81613
0.81186
0.814094
0.816514
0.819713
0.819974
0.820438
0.829936
0.827968
0.833808
0.843096
0.775135
0.852135
0.848147
0.772366
0.768359
0.839699
0.790146
0.84337
0.804077
0.779514
0.796941
0.812382
0.810176
0.807667
0.782087
0.826507
0.738636
0.713191
0.709948
0.710099
0.766263
0.86032
0.853754
0.815067
0.819838
0.851786
0.84171
0.727247
0.76928
0.944465
0.90409
0.909102
0.848805
0.854112
0.872344
0.799649
0.780704
0.818792
0.802352
0.826674
0.822311
0.818171
0.838558
0.831407
0.830526
0.779542
0.792111
0.787607
0.830782
0.824304
0.811962
0.801381
0.802522
0.800796
0.787398
0.783352
0.785917
0.818387
0.83001
0.822439
0.811066
0.784621
0.776817
0.840531
0.809361
0.866671
0.786892
0.777037
0.794466
0.849221
0.769763
0.746717
0.811612
0.807278
0.814489
0.798431
0.81
0.776092
0.75596
0.765045
0.776414
0.894077
0.879666
0.867209
0.853559
0.838451
0.920044
0.929202
0.913967
0.901221
0.913063
0.957663
0.958446
0.724392
0.712842
0.710189
0.795371
0.802839
0.773499
0.584037
0.605953
0.646473
0.554554
0.619351
0.556716
0.673963
0.653209
0.662072
0.656277
0.642066
0.631795
0.695324
0.617602
0.660017
0.754209
0.769801
0.708363
0.694302
0.691579
0.735089
0.743636
0.722503
0.699447
0.701268
0.674115
0.647689
0.630093
0.78317
0.764642
0.754003
0.747577
0.620723
0.537529
0.679412
0.691376
0.687512
0.698471
0.716719
0.485861
0.491831
0.505176
0.451891
0.444953
0.435404
0.425164
0.478708
0.47397
0.471256
0.455294
0.461274
0.448302
0.420195
0.425597
0.46415
0.450115
0.452861
0.463602
0.539151
0.54676
0.517581
0.527322
0.519006
0.494815
0.526786
0.511111
0.506223
0.518169
0.534151
0.51088
0.532843
0.490442
0.455006
0.505411
0.501393
0.468661
0.463302
0.452155
0.439274
0.44743
0.469526
0.469917
0.456984
0.464098
0.460147
0.485467
0.511418
0.534041
0.53107
0.526383
0.476149
0.473349
0.517123
0.483877
0.52716
0.517866
0.524417
0.508869
0.520043
0.506005
0.53156
0.518556
0.515177
0.430898
0.449288
0.44421
0.449674
0.506788
0.524394
0.512766
0.50642
0.528423
0.512198
0.527208
0.47247
0.511979
0.493186
0.479791
0.492881
0.503698
0.477638
0.574857
0.569199
0.552606
0.55139
0.548859
0.562819
0.538685
0.548709
0.554325
0.545328
0.537625
0.527504
0.53696
0.543444
0.514704
0.481855
0.486459
0.475995
0.557389
0.544664
0.556034
0.560926
0.540791
0.563657
0.51376
0.509816
0.503512
0.50385
0.487105
0.553008
0.538304
0.555128
0.551338
0.551335
0.514673
0.551582
0.524979
0.519986
0.519447
0.520706
0.485604
0.477996
0.48534
0.560772
0.558983
0.577502
0.557724
0.532735
0.538686
0.554423
0.557733
0.562374
