# bunny_500f_2
# Number of vertices: 4002, Number of faces: 8000
# Preprocessing time: 0.00158579
# Query time: 0.000303292
0.417706
0.360895
0.426827
0.470644
0.415212
0.400249
0.25585
0.492975
0.457101
0.309075
0.236324
0.348688
0.18604
0.37544
0.2915
0.179432
0.291293
0.242079
0.315402
0.457771
0.437461
0.569169
0.3364
0.512802
0.220149
0.467231
0.399552
0.168328
0.510081
0.466812
0.515673
0.561088
0.166346
0.395462
0.613409
0.504229
0.169711
0.38421
0.588619
0.535614
0.169139
0.171633
0.1179
0.183223
0.452376
0.536018
0.324609
0.536468
0.497485
0.409775
0.17286
0.108737
0.243002
0.524191
0.236012
0.591637
0.479172
0.276988
0.25922
0.524881
0.440466
0.454218
0.500724
0.624327
0.56823
0.378385
0.462604
0.296816
0.113676
0.452108
0.136715
0.271947
0.428191
0.203008
0.326188
0.122058
0.242467
0.132967
0.357548
0.318288
0.184923
0.483629
0.48312
0.228341
0.313172
0.501667
0.251721
0.396391
0.515553
0.0743779
0.180682
0.426007
0.331758
0.0470379
0.322426
0.392645
0.418686
0.224058
0.133039
0.385238
0
0.21072
0.276414
0.444901
0.531504
0.0921582
0.460538
0.37469
0.115305
0.0709266
0.306205
0.451263
0.131748
0.327678
0.18794
0.168222
0.202277
0.519789
0.431959
0.274893
0.486142
0.195154
0.41822
0.451687
0.11323
0.53898
0.264016
0.0576976
0.408935
0.367264
0.484095
0.319131
0.161014
0.370738
0.130478
0.356694
0.491292
0.0613513
0.242011
0.118932
0.483551
0.311959
0.258142
0.343137
0.581549
0.162779
0.500241
0.394057
0.492568
0.365863
0.408929
0.573822
0.622049
0.527643
0.579133
0.231375
0.133996
0.572118
0.573179
0.284252
0.214075
0.334262
0.411034
0.433824
0.448918
0.376222
0.505459
0.434756
0.396025
0.476003
0.178291
0.298525
0.196625
0.247398
0.550435
0.620579
0.497914
0.351369
0.512807
0.467285
0.489075
0.213721
0.189462
0.183135
0.290114
0.258071
0.325348
0.437621
0.388777
0.312984
0.453377
0.487784
0.436554
0.242313
0.366799
0.250413
0.294096
0.439984
0.366329
0.554672
0.454809
0.408426
0.3119
0.550244
0.495131
0.536417
0.567185
0.266357
0.401745
0.573467
0.280728
0.299516
0.608966
0.524194
0.594424
0.595523
0.601333
0.375482
0.325718
0.472626
0.655586
0.547186
0.361502
0.594286
0.502709
0.545689
0.391324
0.333453
0.575592
0.48197
0.358812
0.384409
0.44686
0.445046
0.629244
0.462342
0.41575
0.653436
0.621565
0.425448
0.572786
0.461186
0.624576
0.521802
0.505349
0.51996
0.584551
0.564019
0.617478
0.484906
0.54019
0.566177
0.405411
0.377322
0.386739
0.389072
0.414476
0.446976
0.440334
0.425144
0.447066
0.425185
0.438253
0.396336
0.367574
0.495538
0.465796
0.488767
0.483306
0.455111
0.474265
0.375598
0.351875
0.327266
0.337658
0.517225
0.494807
0.345418
0.507991
0.318656
0.282405
0.287445
0.437088
0.433381
0.465613
0.481906
0.253242
0.275634
0.440329
0.351364
0.224873
0.216243
0.402776
0.272372
0.247015
0.402512
0.269773
0.300397
0.320804
0.299404
0.448907
0.421107
0.215018
0.456872
0.482888
0.372155
0.180124
0.201157
0.530222
0.498764
0.231141
0.201237
0.537772
0.526073
0.265783
0.361054
0.339981
0.237008
0.273107
0.309271
0.306018
0.334968
0.20172
0.175478
0.547473
0.411469
0.430848
0.510814
0.472721
0.383037
0.202698
0.256466
0.294582
0.536385
0.540523
0.5009
0.1899
0.1742
0.356757
0.544674
0.169486
0.198382
0.491002
0.473806
0.461116
0.373144
0.579443
0.596599
0.616714
0.546458
0.278852
0.241568
0.560403
0.575704
0.292487
0.47451
0.151445
0.154692
0.464268
0.522957
0.427059
0.570215
0.48179
0.442793
0.496698
0.412763
0.391237
0.354504
0.423997
0.520751
0.505534
0.47794
0.426644
0.449157
0.556519
0.538714
0.562218
0.595328
0.61108
0.623242
0.54267
0.530808
0.332708
0.287648
0.138138
0.135797
0.14304
0.163865
0.177595
0.154813
0.202368
0.169228
0.499598
0.459169
0.144334
0.522686
0.155198
0.177953
0.37453
0.409944
0.626308
0.545013
0.279816
0.315609
0.217749
0.59443
0.564312
0.445483
0.489687
0.343149
0.143915
0.109865
0.534672
0.49716
0.407244
0.374385
0.410472
0.440568
0.369252
0.45355
0.609785
0.196262
0.183223
0.47997
0.134087
0.140201
0.110586
0.195466
0.242496
0.203379
0.474291
0.564477
0.175093
0.207083
0.363695
0.402344
0.446196
0.493233
0.247779
0.251409
0.22331
0.112352
0.0803875
0.0801492
0.279024
0.258233
0.155703
0.193567
0.584893
0.542393
0.491945
0.514515
0.414255
0.418208
0.155912
0.4282
0.451393
0.131931
0.0855901
0.400235
0.156514
0.167495
0.130086
0.336854
0.300183
0.296801
0.505626
0.48327
0.286849
0.320807
0.231226
0.254526
0.531849
0.190736
0.210313
0.259878
0.107622
0.105071
0.442671
0.470444
0.372716
0.402802
0.156247
0.228626
0.254707
0.263838
0.102358
0.19611
0.231578
0.0815331
0.502282
0.36756
0.344185
0.281028
0.243107
0.276519
0.251646
0.509109
0.489968
0.314589
0.339997
0.278616
0.150941
0.124564
0.34084
0.302565
0.467691
0.480878
0.09383
0.292186
0.498969
0.216085
0.057864
0.484733
0.466599
0.203185
0.177472
0.492647
0.464935
0.438189
0.456737
0.46151
0.201065
0.172564
0.441322
0.133224
0.0990411
0.291436
0.0632292
0.0227463
0.0358073
0.514166
0.480275
0.20428
0.231951
0.176261
0.219622
0.486835
0.365605
0.2993
0.257418
0.43143
0.161711
0.19925
0.283275
0.316406
0.422756
0.46685
0.429918
0.450297
0.283967
0.360387
0.386546
0.407372
0.416763
0.394694
0.143933
0.438781
0.0696297
0.100561
0.347639
0.502581
0.500665
0.340701
0.322574
0.509295
0.464575
0.419135
0.431649
0.373691
0.0427633
0.0380707
0.303704
0.516732
0.414288
0.397557
0.262993
0.304814
0.492593
0.458149
0.350485
0.349819
0.360413
0.106138
0.126982
0.485559
0.407582
0.295899
0.32531
0.547993
0.539329
0.127821
0.0952114
0.529051
0.490963
0.314545
0.308544
0.134523
0.129934
0.104378
0.176505
0.469486
0.496169
0.237255
0.226697
0.0301601
0.0624478
0.452451
0.426735
0.072005
0.0309129
0.392832
0.436504
0.403576
0.332358
0.143622
0.166522
0.186457
0.190226
0.299609
0.333531
0.475407
0.458225
0.357779
0.456123
0.0553109
0.145196
0.270809
0.29232
0.528033
0.505113
0.34562
0.0948306
0.35087
0.370853
0.138694
0.149433
0.230249
0.390643
0.390491
0.086118
0.461564
0.469054
0.374653
0.34568
0.487133
0.358689
0.403139
0.170907
0.333264
0.505232
0.521438
0.212175
0.2077
0.24404
0.14169
0.116043
0.0834781
0.564875
0.579032
0.542097
0.336923
0.309733
0.334779
0.119632
0.098031
0.19642
0.559632
0.374722
0.283908
0.505213
0.34349
0.563847
0.533594
0.129996
0.0987766
0.550327
0.549689
0.148132
0.162839
0.183402
0.487892
0.458788
0.233726
0.199323
0.0872598
0.523276
0.122884
0.379106
0.386698
0.589942
0.605917
0.37224
0.371451
0.411983
0.313152
0.271163
0.187019
0.401688
0.579189
0.543426
0.431802
0.404789
0.38367
0.408282
0.516092
0.242619
0.224091
0.206127
0.398428
0.428791
0.591198
0.434567
0.428828
0.282156
0.280205
0.459758
0.45801
0.489426
0.315989
0.276834
0.403179
0.546932
0.186597
0.158863
0.162557
0.150668
0.167362
0.197348
0.455888
0.45571
0.580916
0.600722
0.192802
0.172213
0.432708
0.417689
0.355581
0.368619
0.15439
0.158887
0.493107
0.465926
0.251622
0.285477
0.273412
0.323381
0.615186
0.357801
0.329344
0.197562
0.522693
0.524937
0.521042
0.265808
0.401862
0.227945
0.184457
0.321084
0.363797
0.438006
0.245881
0.531237
0.523276
0.483281
0.326645
0.494935
0.509481
0.464505
0.479841
0.458697
0.467962
0.611034
0.609382
0.486361
0.214452
0.227083
0.623841
0.443004
0.419427
0.609591
0.613167
0.482672
0.428433
0.215449
0.296573
0.298495
0.238406
0.252419
0.465895
0.276633
0.512292
0.390836
0.406828
0.264611
0.23411
0.223189
0.246491
0.217351
0.216234
0.247915
0.221949
0.356456
0.350733
0.560022
0.390736
0.507554
0.374005
0.424647
0.248158
0.536326
0.534188
0.541966
0.357791
0.383485
0.511536
0.512612
0.353466
0.413906
0.399427
0.451472
0.454318
0.470975
0.43863
0.469084
0.262022
0.273575
0.332502
0.334692
0.421772
0.423747
0.526966
0.562381
0.304877
0.286922
0.330181
0.384413
0.536783
0.273842
0.266074
0.554626
0.522465
0.497871
0.297923
0.580906
0.553529
0.573435
0.582073
0.594993
0.340691
0.279024
0.49824
0.545662
0.504737
0.507474
0.485353
0.334267
0.374042
0.538588
0.278029
0.309797
0.58611
0.304424
0.283604
0.440949
0.362622
0.376818
0.523099
0.562692
0.563136
0.321058
0.318702
0.445436
0.460074
0.612682
0.57559
0.602087
0.592881
0.324758
0.519387
0.474575
0.367344
0.573571
0.563743
0.592671
0.342189
0.312853
0.295049
0.314479
0.616302
0.460356
0.475462
0.355066
0.391564
0.339388
0.45261
0.491236
0.436187
0.408972
0.488157
0.550775
0.522743
0.338743
0.32592
0.369987
0.347947
0.643257
0.623837
0.50443
0.381239
0.354744
0.590773
0.555418
0.419724
0.579578
0.430888
0.432393
0.469061
0.402481
0.409098
0.621413
0.372914
0.534583
0.616814
0.626159
0.646207
0.629743
0.683455
0.456748
0.420551
0.408187
0.373446
0.474493
0.515536
0.391236
0.404059
0.383919
0.610124
0.629399
0.418147
0.453001
0.439144
0.590544
0.412237
0.473833
0.66486
0.520888
0.444968
0.583339
0.623159
0.534194
0.557106
0.644579
0.600798
0.500969
0.472126
0.668042
0.493164
0.514987
0.552502
0.667177
0.560439
0.593487
0.456815
0.428276
0.488158
0.572542
0.496014
0.479353
0.47134
0.497111
0.508616
0.643012
0.535896
0.618584
0.61088
0.597481
0.626118
0.572915
0.604666
0.553087
0.592273
0.57269
0.537102
0.542564
0.584063
0.522023
0.570651
0.59401
0.533743
0.534584
0.569577
0.243077
0.250194
0.214059
0.360485
0.427508
0.400434
0.3795
0.436739
0.438832
0.412921
0.390938
0.379923
0.394121
0.387485
0.401028
0.400917
0.4299
0.427554
0.442934
0.434193
0.437386
0.447751
0.415897
0.421123
0.431492
0.392041
0.377749
0.381094
0.48063
0.476962
0.491792
0.47066
0.451529
0.465071
0.456227
0.44511
0.464104
0.375848
0.363022
0.364369
0.339746
0.330372
0.342399
0.500861
0.493207
0.50925
0.356735
0.352784
0.341413
0.491675
0.498048
0.482035
0.300381
0.28588
0.304009
0.434123
0.450013
0.451064
0.479349
0.474163
0.488651
0.265656
0.283983
0.270621
0.444213
0.453023
0.455878
0.349927
0.332173
0.33688
0.237687
0.21965
0.235271
0.414861
0.429641
0.417499
0.259952
0.264451
0.277758
0.414128
0.411039
0.399901
0.285163
0.287512
0.270121
0.310378
0.313942
0.324233
0.435692
0.427871
0.443619
0.218067
0.235041
0.230581
0.470345
0.470048
0.484062
0.386977
0.387234
0.373113
0.197217
0.193962
0.211563
0.511943
0.514561
0.496728
0.215589
0.206755
0.221085
0.523137
0.516537
0.532166
0.268939
0.28617
0.283112
0.349083
0.356227
0.366633
0.256276
0.270501
0.2543
0.314293
0.328997
0.324312
0.308465
0.323364
0.316813
0.20358
0.189469
0.188461
0.538884
0.52329
0.532466
0.426422
0.418891
0.434725
0.4963
0.477713
0.490434
0.406021
0.392127
0.396908
0.21775
0.200904
0.219851
0.243177
0.248156
0.261326
0.300817
0.289427
0.28093
0.539346
0.520507
0.520498
0.182651
0.187713
0.19578
0.367737
0.353787
0.371353
0.531347
0.526976
0.550932
0.185614
0.185677
0.202719
0.481928
0.46477
0.474488
0.362681
0.343291
0.354002
0.590833
0.607122
0.598485
0.560163
0.562924
0.542123
0.261075
0.248584
0.267237
0.567261
0.589848
0.580293
0.285362
0.294502
0.300453
0.46534
0.453598
0.46117
0.150822
0.165912
0.165666
0.480953
0.464749
0.484908
0.541726
0.548696
0.532451
0.443698
0.428813
0.442739
0.550053
0.539504
0.553059
0.461982
0.452401
0.471348
0.489822
0.486068
0.502925
0.416221
0.402084
0.405812
0.376987
0.373656
0.358233
0.433334
0.415012
0.426084
0.511439
0.493169
0.501434
0.484192
0.500047
0.508249
0.437229
0.437096
0.423512
0.55329
0.539575
0.532492
0.540385
0.558989
0.56373
0.603224
0.617984
0.61391
0.536052
0.551474
0.557253
0.313568
0.291576
0.311234
0.153774
0.151244
0.135563
0.159673
0.164003
0.14781
0.170455
0.166293
0.158489
0.185048
0.179839
0.194612
0.478345
0.475762
0.497587
0.147716
0.163257
0.159602
0.553589
0.54161
0.532372
0.16601
0.170623
0.159255
0.37511
0.393646
0.391921
0.628108
0.622434
0.62406
0.585706
0.558717
0.569617
0.287049
0.303429
0.297418
0.229523
0.20849
0.221528
0.57854
0.559502
0.574024
0.4655
0.480781
0.460076
0.328746
0.334653
0.349723
0.140223
0.122511
0.126577
0.516884
0.500921
0.518747
0.39047
0.39182
0.408127
0.416559
0.425634
0.431933
0.351262
0.372381
0.353972
0.431324
0.415488
0.437228
0.618883
0.608859
0.611121
0.188016
0.193475
0.184608
0.491105
0.469002
0.475756
0.13777
0.154303
0.152624
0.123604
0.139392
0.126615
0.187779
0.20503
0.191078
0.222938
0.209792
0.230876
0.462152
0.46124
0.4741
0.567027
0.551072
0.550419
0.186756
0.190458
0.203468
0.364925
0.381927
0.385203
0.464193
0.487102
0.468907
0.248237
0.238059
0.232934
0.127923
0.141042
0.126438
0.080027
0.0950155
0.0965482
0.268984
0.255649
0.264928
0.16944
0.196805
0.175714
0.565084
0.555709
0.574959
0.509367
0.50671
0.522269
0.527067
0.500909
0.518108
0.429053
0.413512
0.431387
0.159946
0.148375
0.163742
0.429438
0.409579
0.425634
0.442746
0.450796
0.437365
0.144673
0.141761
0.153247
0.0822772
0.0972361
0.0987178
0.516786
0.501882
0.529058
0.414184
0.404415
0.420097
0.170543
0.17753
0.161064
0.600101
0.610001
0.596235
0.142589
0.142847
0.154105
0.356412
0.338682
0.358907
0.301753
0.290032
0.289179
0.488929
0.477316
0.492694
0.295101
0.305647
0.310924
0.245195
0.256297
0.24293
0.521066
0.523841
0.539053
0.207419
0.216291
0.200879
0.250432
0.274077
0.266581
0.118667
0.117363
0.104899
0.441514
0.458647
0.454576
0.38608
0.399319
0.386614
0.160519
0.17904
0.173458
0.238936
0.257012
0.24544
0.250285
0.261497
0.268826
0.104185
0.118041
0.11964
0.19159
0.21992
0.221809
0.095266
0.0911063
0.0763679
0.475971
0.486384
0.491306
0.364916
0.350407
0.355607
0.282708
0.262787
0.262113
0.265709
0.263895
0.252774
0.514974
0.500224
0.505723
0.331153
0.328324
0.341649
0.256614
0.271657
0.246033
0.137509
0.140049
0.153191
0.322021
0.316864
0.336709
0.479242
0.471265
0.482168
0.109571
0.0983067
0.112512
0.283016
0.294532
0.275343
0.515555
0.503077
0.518073
0.224715
0.210234
0.227322
0.0766353
0.088551
0.0691584
0.476257
0.457015
0.467277
0.220163
0.217055
0.205739
0.151222
0.164426
0.165409
0.495166
0.476395
0.481985
0.423214
0.420239
0.441581
0.473914
0.459259
0.477281
0.199691
0.188367
0.186514
0.455117
0.466227
0.450083
0.112709
0.11614
0.132003
0.298835
0.282934
0.300145
0.0819435
0.0731299
0.0903593
0.0286328
0.0470227
0.039175
0.487649
0.497472
0.469399
0.218205
0.223166
0.208024
0.181797
0.197936
0.207059
0.489232
0.508194
0.504937
0.357958
0.3674
0.351858
0.288098
0.299192
0.287587
0.241486
0.253237
0.244968
0.442302
0.458371
0.448233
0.190612
0.190382
0.202997
0.179234
0.186641
0.167071
0.287213
0.300368
0.304429
0.433704
0.444351
0.455857
0.415538
0.423972
0.440044
0.279514
0.26626
0.270249
0.368305
0.372287
0.380416
0.410492
0.407021
0.401331
0.136451
0.153557
0.158636
0.426486
0.438034
0.427512
0.0851551
0.101106
0.0861739
0.340081
0.351441
0.350129
0.497427
0.488244
0.50827
0.333645
0.331067
0.328893
0.494443
0.479626
0.464307
0.438727
0.422159
0.447846
0.423334
0.417356
0.40948
0.385111
0.366624
0.380025
0.0325219
0.0430638
0.053932
0.0533867
0.0534987
0.0362431
0.311199
0.311953
0.299569
0.500774
0.493534
0.509078
0.422538
0.406166
0.414645
0.276681
0.284527
0.296726
0.486322
0.474579
0.468995
0.344548
0.357342
0.346164
0.379318
0.366544
0.386965
0.117565
0.115139
0.102221
0.48872
0.474314
0.495236
0.403395
0.393882
0.411822
0.29249
0.308923
0.310235
0.545579
0.526201
0.533849
0.117249
0.100395
0.112535
0.513971
0.493422
0.508652
0.299028
0.294833
0.311623
0.13195
0.117842
0.117278
0.161012
0.154699
0.138145
0.48449
0.493527
0.478277
0.219381
0.212909
0.232859
0.0471893
0.0501443
0.0334309
0.453453
0.437731
0.44255
0.0591444
0.0521626
0.0376126
0.410188
0.402483
0.41907
0.422467
0.405348
0.420199
0.304935
0.317661
0.321757
0.146322
0.154674
0.158417
0.177043
0.187422
0.178624
0.303637
0.316598
0.321534
0.452385
0.466003
0.443639
0.341548
0.356288
0.341459
0.454325
0.445253
0.461609
0.0420276
0.0425519
0.0285409
0.13634
0.144404
0.134545
0.285734
0.282545
0.296679
0.495612
0.519573
0.48601
0.34355
0.340353
0.350274
0.0834765
0.0893821
0.0978285
0.350054
0.360539
0.360415
0.13527
0.146312
0.139815
0.209261
0.213934
0.224091
0.390859
0.381115
0.38079
0.0905845
0.0781226
0.0745414
0.449273
0.464145
0.452506
0.360902
0.347468
0.35987
0.455409
0.473466
0.471148
0.341785
0.353386
0.345434
0.402486
0.388112
0.388622
0.148307
0.15913
0.158004
0.326296
0.341212
0.331325
0.50049
0.512374
0.50836
0.214892
0.224028
0.226156
0.140669
0.128857
0.129393
0.100686
0.101183
0.084929
0.528678
0.551243
0.53973
0.556451
0.537567
0.562315
0.323264
0.320826
0.333951
0.109233
0.0942352
0.106975
0.195929
0.189586
0.202031
0.547209
0.545294
0.556285
0.364303
0.374995
0.383774
0.288423
0.29753
0.30079
0.496005
0.476613
0.486846
0.320624
0.329484
0.335281
0.55171
0.525862
0.537684
0.504494
0.490791
0.522008
0.115014
0.0977236
0.11391
0.533915
0.534834
0.548615
0.133091
0.126716
0.140282
0.155006
0.164891
0.171952
0.473636
0.455585
0.469043
0.214087
0.198001
0.215755
0.07011
0.0857533
0.0696632
0.514414
0.508376
0.504548
0.108571
0.105307
0.0903599
0.367467
0.37283
0.383249
0.600607
0.587641
0.578358
0.35669
0.369993
0.356875
0.389095
0.400335
0.399645
0.30302
0.291734
0.282791
0.181522
0.195867
0.184447
0.386486
0.374462
0.390796
0.561396
0.540362
0.558723
0.417853
0.403646
0.419244
0.386449
0.396238
0.398761
0.502087
0.509852
0.497517
0.23724
0.250733
0.257484
0.199622
0.215406
0.191051
0.398795
0.414154
0.414757
0.554278
0.570429
0.575358
0.42013
0.430296
0.41927
0.262392
0.281881
0.258985
0.445328
0.456871
0.443281
0.474577
0.459984
0.473852
0.298852
0.294847
0.277958
0.382022
0.387422
0.400376
0.52826
0.545351
0.532001
0.173502
0.160376
0.175724
0.146329
0.14465
0.159446
0.144127
0.157623
0.154025
0.18192
0.19259
0.177471
0.443208
0.455312
0.442447
0.548698
0.562876
0.564084
0.585441
0.598205
0.577356
0.185566
0.167471
0.17814
0.417841
0.409977
0.423382
0.342425
0.362515
0.351419
0.138374
0.140487
0.156271
0.475718
0.463426
0.480611
0.244936
0.264232
0.268758
0.299124
0.307171
0.28193
0.604649
0.611858
0.59711
0.33525
0.344305
0.321104
0.178229
0.163496
0.183638
0.505629
0.506481
0.524146
0.522625
0.539149
0.521828
0.258563
0.246829
0.235803
0.387894
0.38015
0.366252
0.195424
0.219392
0.204357
0.167298
0.152721
0.169279
0.324982
0.347619
0.341383
0.42487
0.423961
0.438216
0.25087
0.238092
0.258147
0.511637
0.523902
0.505976
0.474008
0.458131
0.469391
0.302845
0.321012
0.30566
0.490128
0.501308
0.496649
0.459295
0.473077
0.467637
0.445566
0.449261
0.461472
0.597301
0.59644
0.609943
0.459584
0.472348
0.474526
0.202784
0.219013
0.212185
0.618712
0.610176
0.61996
0.432169
0.411188
0.422667
0.599759
0.598263
0.617807
0.613572
0.595436
0.597061
0.468682
0.462993
0.449655
0.409949
0.414731
0.422612
0.192283
0.19969
0.204875
0.27795
0.282559
0.291957
0.226239
0.247855
0.23498
0.612584
0.621605
0.626748
0.433981
0.451249
0.445723
0.233477
0.253145
0.256664
0.502246
0.515924
0.495768
0.376178
0.384385
0.398643
0.254074
0.23563
0.242605
0.227378
0.210662
0.215974
0.232414
0.219884
0.234961
0.201355
0.216234
0.200182
0.232355
0.234871
0.217515
0.337513
0.353869
0.33276
0.5433
0.524461
0.541135
0.370629
0.371314
0.349727
0.498553
0.4868
0.493114
0.382989
0.406899
0.399312
0.234546
0.231039
0.217055
0.521396
0.538104
0.522829
0.521804
0.522098
0.536718
0.357088
0.369514
0.371459
0.498856
0.511533
0.499864
0.337988
0.349243
0.364559
0.398223
0.394266
0.409141
0.435885
0.428926
0.41403
0.443407
0.462264
0.451119
0.454526
0.463646
0.445389
0.244431
0.267246
0.253265
0.315356
0.31417
0.331947
0.407848
0.423066
0.409011
0.532261
0.544698
0.550128
0.285791
0.277409
0.297592
0.344941
0.327034
0.346845
0.3432
0.370252
0.358846
0.528986
0.516942
0.524768
0.270253
0.257095
0.260051
0.540361
0.516459
0.534785
0.471799
0.485885
0.48323
0.280051
0.256099
0.273765
0.568556
0.546892
0.562045
0.542226
0.564844
0.552044
0.573305
0.589858
0.580368
0.316292
0.322582
0.334714
0.272244
0.263222
0.258258
0.508517
0.53382
0.52196
0.48122
0.50396
0.488207
0.490804
0.467798
0.474741
0.335301
0.352988
0.35384
0.511027
0.524229
0.525082
0.280974
0.293834
0.299479
0.565898
0.575601
0.571335
0.292281
0.28847
0.276491
0.265849
0.278943
0.26287
0.432616
0.418255
0.428776
0.351636
0.370367
0.359002
0.510784
0.522379
0.505392
0.548612
0.562415
0.549437
0.298058
0.31985
0.298356
0.447709
0.449416
0.455204
0.59474
0.597124
0.581007
0.577185
0.588472
0.591895
0.566677
0.577833
0.580233
0.309142
0.315356
0.331905
0.502698
0.498094
0.479835
0.344539
0.323278
0.347972
0.554839
0.567211
0.551302
0.578072
0.563493
0.577279
0.33315
0.320729
0.311689
0.295631
0.304517
0.286478
0.307048
0.300098
0.289413
0.598511
0.588745
0.603606
0.443493
0.449825
0.468447
0.465855
0.475067
0.465698
0.357368
0.372165
0.375549
0.315885
0.326944
0.324944
0.472572
0.484149
0.464158
0.410178
0.422988
0.397937
0.462337
0.449997
0.475359
0.542498
0.529693
0.536719
0.33154
0.315064
0.321325
0.346899
0.353838
0.361912
0.33627
0.330393
0.319451
0.640267
0.617409
0.630037
0.507649
0.498077
0.515012
0.366909
0.347992
0.362475
0.569462
0.572532
0.555202
0.397175
0.39419
0.417556
0.580087
0.566402
0.564233
0.429318
0.44921
0.451183
0.385405
0.388884
0.40587
0.628292
0.60871
0.607955
0.365352
0.356165
0.347658
0.531657
0.538118
0.550111
0.605307
0.608327
0.620925
0.630076
0.630322
0.644164
0.610594
0.624827
0.615861
0.644292
0.664404
0.663159
0.440504
0.438302
0.420671
0.388647
0.371848
0.391586
0.490548
0.494703
0.509296
0.381235
0.388999
0.396635
0.379636
0.359891
0.365665
0.609026
0.62458
0.610062
0.402398
0.386804
0.403294
0.443826
0.423362
0.428833
0.595086
0.58344
0.601564
0.412058
0.398026
0.39388
0.456382
0.451361
0.433555
0.645967
0.63039
0.650735
0.52929
0.503219
0.512628
0.414039
0.431197
0.427709
0.583774
0.602237
0.604283
0.524253
0.546063
0.536599
0.63582
0.623187
0.61476
0.485687
0.465258
0.477297
0.67475
0.652805
0.665179
0.482345
0.504466
0.491233
0.541444
0.526605
0.514303
0.664883
0.671289
0.681831
0.546607
0.523757
0.538479
0.567717
0.574891
0.588334
0.436604
0.428712
0.440449
0.465263
0.461859
0.482262
0.409357
0.423516
0.417122
0.584215
0.56021
0.577388
0.489427
0.466721
0.474052
0.483185
0.475448
0.461384
0.493816
0.490056
0.472892
0.645723
0.656412
0.645264
0.516937
0.493288
0.512196
0.630322
0.614493
0.629631
0.597773
0.612107
0.611575
0.591728
0.572922
0.5942
0.609807
0.627411
0.621729
0.563549
0.546937
0.554499
0.599657
0.583694
0.588323
0.523312
0.526354
0.539594
0.592131
0.58035
0.572681
0.557646
0.546727
0.561884
0.48725
0.49653
0.510491
0.58139
0.586449
0.60062
0.514293
0.516596
0.534555
0.583652
0.582516
0.596979
0.547291
0.529576
0.553608
0.55319
0.553449
0.536445
0.254951
0.257075
0.240164
0.251183
0.241272
0.231961
0.278807
0.267093
0.262342
0.238798
0.219989
0.23241
0.201004
0.209087
0.196392
0.341045
0.34941
0.352064
0.435081
0.436588
0.423729
0.432098
0.41823
0.414746
0.371639
0.369941
0.381969
0.374211
0.384721
0.388468
0.410374
0.434074
0.413984
0.457271
0.455389
0.437335
0.444395
0.432565
0.425016
0.404686
0.387348
0.394459
0.409587
0.401385
0.401901
0.388749
0.36668
0.373345
0.415974
0.375167
0.402627
0.413965
0.459421
0.45528
0.432991
0.426454
0.458287
0.42054
0.426972
0.436488
0.440868
0.448242
0.411278
0.426651
0.386465
0.372611
0.406666
0.363958
0.506448
0.503406
0.480811
0.466297
0.46159
0.473139
0.476418
0.489449
0.474445
0.435876
0.482754
0.465257
0.354236
0.388517
0.362308
0.350201
0.3492
0.337453
0.317306
0.325191
0.522221
0.504739
0.507083
0.482642
0.328721
0.361846
0.500297
0.512818
0.320936
0.302529
0.31396
0.295949
0.268598
0.270103
0.453019
0.419345
0.416677
0.445647
0.496743
0.468405
0.461209
0.468565
0.254348
0.247177
0.257046
0.294359
0.432382
0.448655
0.335364
0.364353
0.229974
0.241718
0.20657
0.200622
0.400572
0.401501
0.290265
0.255524
0.243529
0.251721
0.388312
0.415922
0.252532
0.283277
0.295019
0.305235
0.334873
0.306419
0.295538
0.302717
0.457514
0.442073
0.429606
0.410916
0.229087
0.201064
0.498557
0.457527
0.455943
0.466067
0.358799
0.383615
0.21751
0.182221
0.179291
0.187453
0.482001
0.522397
0.533806
0.517044
0.236143
0.225766
0.210027
0.192848
0.548237
0.542273
0.526182
0.510039
0.279071
0.252149
0.379495
0.342549
0.331824
0.343871
0.234901
0.239981
0.260475
0.283564
0.315653
0.299624
0.323824
0.295615
0.320037
0.339063
0.185124
0.172394
0.218229
0.177792
0.530215
0.554653
0.445747
0.419594
0.402455
0.414926
0.504828
0.485521
0.514013
0.461567
0.387466
0.379426
0.221469
0.18402
0.274582
0.237913
0.271337
0.316
0.52122
0.505225
0.554569
0.557673
0.521325
0.500565
0.204192
0.177069
0.169934
0.17872
0.375453
0.337281
0.569771
0.521226
0.217328
0.167427
0.17046
0.182566
0.47393
0.470223
0.499436
0.492101
0.455119
0.450662
0.356077
0.381558
0.583785
0.604737
0.574063
0.582213
0.607656
0.617236
0.525173
0.568059
0.284335
0.269005
0.250173
0.229438
0.567357
0.544858
0.548865
0.598729
0.308086
0.276699
0.47094
0.479398
0.167841
0.135465
0.137503
0.169682
0.48354
0.448125
0.518194
0.520371
0.440775
0.412596
0.565891
0.553668
0.491503
0.473626
0.453556
0.436777
0.518365
0.473877
0.39492
0.425214
0.399669
0.387574
0.339114
0.369755
0.445506
0.403895
0.51177
0.529015
0.522112
0.487024
0.46087
0.499005
0.410957
0.440651
0.450037
0.451184
0.571685
0.544082
0.575551
0.519351
0.547017
0.547804
0.607067
0.619414
0.580522
0.59247
0.621307
0.623622
0.56458
0.520814
0.514341
0.541783
0.32973
0.307017
0.334774
0.267924
0.120592
0.120836
0.155629
0.151821
0.13065
0.155789
0.150689
0.145678
0.175494
0.180771
0.173449
0.16393
0.211108
0.188261
0.169866
0.166381
0.519492
0.485418
0.466172
0.454341
0.156184
0.131497
0.512269
0.530803
0.147345
0.162508
0.173346
0.181293
0.399606
0.355425
0.392593
0.410708
0.625785
0.607385
0.557396
0.533577
0.288
0.307767
0.270109
0.320587
0.239127
0.19602
0.590401
0.595942
0.581187
0.547151
0.444485
0.451791
0.475561
0.505626
0.363841
0.321251
0.131752
0.114844
0.156739
0.105928
0.534354
0.532809
0.512735
0.481133
0.424763
0.426919
0.39138
0.374197
0.377564
0.395592
0.446444
0.426818
0.348411
0.39007
0.459619
0.447437
0.617628
0.600392
0.175933
0.187327
0.203826
0.191706
0.502646
0.458344
0.152093
0.121207
0.127036
0.153688
0.113629
0.108879
0.177512
0.215143
0.25132
0.232663
0.214918
0.188626
0.487681
0.463156
0.580175
0.545714
0.22243
0.171798
0.178604
0.193962
0.405827
0.346465
0.380256
0.399255
0.451463
0.475736
0.443161
0.510776
0.228884
0.21472
0.261777
0.261191
0.242904
0.23032
0.113241
0.113822
0.0980885
0.0636728
0.0644826
0.095322
0.274649
0.279206
0.268417
0.246312
0.164862
0.14496
0.163569
0.224238
0.590332
0.576126
0.552483
0.533963
0.494156
0.495088
0.541765
0.488266
0.439029
0.431185
0.397766
0.399304
0.170447
0.140356
0.424553
0.439604
0.436291
0.463738
0.134966
0.13054
0.101163
0.0672538
0.412079
0.388643
0.144987
0.149515
0.165894
0.185637
0.130296
0.132327
0.356574
0.317481
0.285068
0.31418
0.3081
0.286031
0.509542
0.498938
0.503775
0.468354
0.324135
0.27803
0.297204
0.315902
0.229123
0.241314
0.234047
0.266995
0.532974
0.528083
0.184849
0.195235
0.196989
0.224517
0.233598
0.28573
0.0923619
0.0909565
0.1223
0.118587
0.461001
0.42514
0.461485
0.476395
0.381187
0.396354
0.37207
0.414861
0.168957
0.142773
0.239863
0.257085
0.223241
0.237509
0.274066
0.276664
0.0880964
0.116868
0.218761
0.166941
0.221928
0.242201
0.0622576
0.10156
0.506985
0.494041
0.359576
0.351411
0.379629
0.335563
0.264109
0.245255
0.301681
0.242377
0.240127
0.277577
0.275057
0.262985
0.494318
0.523441
0.49526
0.486016
0.351172
0.318448
0.315296
0.328444
0.26312
0.294887
0.166038
0.136493
0.122622
0.126856
0.355728
0.333784
0.31432
0.296764
0.492007
0.480666
0.460868
0.471257
0.106813
0.0830741
0.274672
0.310765
0.513348
0.488219
0.232808
0.20014
0.0500663
0.0660859
0.477644
0.49298
0.485429
0.447562
0.191406
0.215651
0.179145
0.178381
0.473433
0.511753
0.472783
0.457618
0.460418
0.416549
0.47897
0.471433
0.439931
0.442425
0.169998
0.210784
0.194878
0.179212
0.432826
0.449732
0.15131
0.113579
0.0942277
0.105831
0.307892
0.273005
0.0751532
0.0537448
0.0336547
0.0120576
0.0174484
0.0546746
0.45157
0.504494
0.525323
0.509134
0.193283
0.216126
0.229115
0.23833
0.230438
0.155895
0.195167
0.213074
0.504062
0.470027
0.349139
0.379091
0.286951
0.310528
0.252508
0.265157
0.439713
0.425003
0.149269
0.174493
0.192685
0.205796
0.320031
0.268885
0.29593
0.311459
0.478652
0.412692
0.431525
0.452743
0.457053
0.468117
0.407393
0.436593
0.278769
0.292451
0.39481
0.35894
0.363771
0.37781
0.398577
0.390449
0.415679
0.419324
0.416642
0.402851
0.167782
0.120034
0.430537
0.449178
0.0710747
0.0693805
0.0855797
0.11551
0.335332
0.360485
0.51685
0.52038
0.487985
0.479793
0.329857
0.335021
0.323693
0.321111
0.524298
0.497451
0.477428
0.457048
0.434969
0.405511
0.441522
0.426736
0.394711
0.353174
0.0653622
0.0210806
0.0199488
0.0545917
0.290623
0.31604
0.52433
0.508709
0.406829
0.431345
0.398502
0.390195
0.31286
0.253381
0.270119
0.287979
0.452395
0.499886
0.486292
0.469168
0.33887
0.334901
0.358618
0.360684
0.373798
0.346247
0.0885563
0.121237
0.129611
0.126451
0.502141
0.465048
0.425733
0.390491
0.314974
0.327853
0.276901
0.32666
0.539274
0.559524
0.558881
0.517343
0.122252
0.106987
0.130822
0.0824591
0.524682
0.506614
0.534027
0.475705
0.327881
0.325641
0.306166
0.291703
0.116541
0.0993117
0.149252
0.144987
0.118483
0.109211
0.184635
0.169127
0.463661
0.477634
0.489126
0.505849
0.251776
0.245867
0.222624
0.207008
0.0144609
0.0452293
0.0598206
0.0657835
0.435892
0.467753
0.438186
0.421154
0.0161351
0.0801417
0.0657439
0.0450873
0.403274
0.386348
0.434191
0.418123
0.43985
0.388907
0.337153
0.329766
0.170962
0.135304
0.154914
0.166378
0.183719
0.178289
0.195063
0.197266
0.329529
0.287099
0.310293
0.32695
0.439813
0.462039
0.488785
0.480078
0.345669
0.370944
0.47166
0.440027
0.0560352
0.0563166
0.137766
0.155399
0.305897
0.273316
0.268374
0.279325
0.474995
0.508526
0.55282
0.537609
0.355336
0.334065
0.106401
0.0794216
0.361418
0.370985
0.339955
0.370862
0.140443
0.126898
0.149712
0.156617
0.243412
0.215234
0.379247
0.400575
0.400312
0.380183
0.0705841
0.102106
0.457703
0.447179
0.475961
0.479753
0.372884
0.356436
0.37402
0.334173
0.484552
0.492927
0.351677
0.365222
0.387517
0.416762
0.170088
0.16809
0.318724
0.348677
0.519255
0.493688
0.516572
0.524169
0.222825
0.239181
0.205108
0.202738
0.217578
0.238018
0.130726
0.116455
0.152155
0.115931
0.0686655
0.10038
0.553693
0.571526
0.582149
0.564696
0.577866
0.515406
0.346987
0.346333
0.327641
0.314146
0.308679
0.32358
0.115646
0.123958
0.114494
0.0807631
0.211966
0.182712
0.56849
0.538704
0.395817
0.354159
0.274133
0.295237
0.496766
0.502425
0.349495
0.342891
0.552565
0.574385
0.551791
0.515426
0.129408
0.131958
0.116506
0.0803457
0.565398
0.564645
0.534552
0.536933
0.156338
0.138984
0.179212
0.190206
0.146587
0.174616
0.485082
0.492345
0.476879
0.439848
0.22266
0.209577
0.233064
0.183481
0.072138
0.103432
0.508123
0.506649
0.126139
0.120899
0.394756
0.397784
0.36176
0.377286
0.565267
0.609881
0.615758
0.593292
0.364036
0.358904
0.384373
0.383246
0.411267
0.411051
0.262896
0.323598
0.298645
0.277425
0.173343
0.20112
0.405589
0.397063
0.577713
0.577837
0.560526
0.52274
0.433643
0.420321
0.430341
0.387641
0.409783
0.373812
0.394992
0.408072
0.509118
0.522192
0.263258
0.221213
0.183047
0.209938
0.240853
0.232809
0.429345
0.381647
0.415895
0.430963
0.583111
0.584864
0.419343
0.423923
0.442439
0.438752
0.259512
0.255661
0.305986
0.303051
0.444814
0.447903
0.471948
0.47269
0.489503
0.489465
0.260114
0.320956
0.311787
0.293251
0.417493
0.396763
0.535275
0.561085
0.190662
0.181987
0.171106
0.144669
0.172455
0.149414
0.164475
0.136407
0.165371
0.172202
0.187344
0.206403
0.44339
0.445782
0.466165
0.467208
0.580925
0.578154
0.586504
0.613429
0.183697
0.202924
0.192204
0.152613
0.43905
0.431911
0.431376
0.40549
0.360153
0.33377
0.376852
0.381574
0.171659
0.174215
0.137518
0.144146
0.499446
0.483953
0.488451
0.44963
0.274589
0.29064
0.226205
0.283865
0.256202
0.282127
0.305679
0.328052
0.596199
0.625655
0.306253
0.344739
0.367563
0.353
0.203527
0.192804
0.542199
0.543669
0.505453
0.506726
0.504616
0.534881
0.278742
0.261679
0.409303
0.389942
0.210759
0.246289
0.186703
0.182865
0.337155
0.356514
0.303609
0.371038
0.447794
0.422797
0.266998
0.228099
0.506413
0.520074
0.5421
0.539888
0.478816
0.490489
0.313373
0.339553
0.506278
0.484531
0.505364
0.511699
0.475972
0.449681
0.479961
0.487793
0.473472
0.478784
0.445209
0.458517
0.617919
0.618158
0.596629
0.597487
0.489614
0.485883
0.220043
0.199357
0.230121
0.236777
0.625604
0.622178
0.429876
0.453541
0.441534
0.398116
0.62885
0.590469
0.595744
0.629194
0.487062
0.474769
0.438448
0.418943
0.219379
0.206926
0.306179
0.304577
0.285662
0.297913
0.234504
0.216467
0.260901
0.268873
0.459631
0.458284
0.278421
0.274275
0.491268
0.531831
0.414021
0.421383
0.368835
0.392277
0.256402
0.276952
0.223128
0.243281
0.238051
0.206834
0.2489
0.244197
0.230798
0.203639
0.199832
0.2308
0.203508
0.244722
0.251808
0.23995
0.328944
0.341068
0.372257
0.3712
0.556942
0.562426
0.389784
0.391717
0.503922
0.51064
0.391401
0.417764
0.360189
0.431288
0.252378
0.246035
0.520753
0.518309
0.553937
0.550449
0.555517
0.524891
0.386814
0.343709
0.365053
0.379968
0.503866
0.498426
0.524213
0.523741
0.381197
0.326015
0.42452
0.417042
0.402126
0.383125
0.458768
0.444321
0.458882
0.433672
0.473671
0.482773
0.425846
0.448236
0.46065
0.480382
0.25977
0.237763
0.285313
0.290624
0.349951
0.351897
0.318212
0.318054
0.409314
0.405925
0.433825
0.433754
0.568005
0.513973
0.538666
0.555963
0.316034
0.306348
0.297591
0.266831
0.349066
0.31073
0.374161
0.397352
0.535872
0.540761
0.262392
0.284161
0.279601
0.25339
0.550529
0.562003
0.54753
0.496294
0.479672
0.498534
0.290016
0.304284
0.57306
0.589389
0.576442
0.530426
0.561114
0.587457
0.581762
0.566127
0.597039
0.604663
0.35304
0.333802
0.287077
0.268862
0.512567
0.533867
0.483046
0.558663
0.495649
0.479454
0.527858
0.524289
0.506999
0.461707
0.35435
0.376234
0.320036
0.371645
0.537951
0.541051
0.317044
0.262773
0.290829
0.303023
0.580411
0.570741
0.309886
0.299109
0.270953
0.293841
0.438311
0.441168
0.370553
0.344938
0.382204
0.388824
0.510552
0.535193
0.553256
0.549026
0.577731
0.57749
0.298102
0.297789
0.342026
0.340131
0.448537
0.45797
0.441443
0.450257
0.609306
0.5948
0.60601
0.562678
0.587576
0.598096
0.592848
0.593343
0.349329
0.298864
0.455409
0.522856
0.512654
0.491682
0.371567
0.364101
0.55033
0.560243
0.585106
0.579356
0.592876
0.594334
0.354247
0.327134
0.276544
0.302896
0.322864
0.313528
0.323226
0.30589
0.617482
0.61002
0.484092
0.434746
0.456683
0.486886
0.396393
0.340797
0.371197
0.389497
0.332682
0.338228
0.443625
0.463285
0.481162
0.50167
0.385751
0.42387
0.449079
0.434016
0.498707
0.475971
0.547634
0.532071
0.553572
0.516374
0.328654
0.348198
0.342349
0.309687
0.378945
0.353506
0.353092
0.341292
0.623356
0.661791
0.645904
0.599991
0.523446
0.487045
0.374611
0.383235
0.371668
0.335176
0.539712
0.583442
0.588434
0.569025
0.441086
0.399316
0.564887
0.593127
0.455254
0.474667
0.408965
0.412903
0.449747
0.463957
0.422489
0.42574
0.382395
0.393818
0.640518
0.600072
0.38133
0.36486
0.553175
0.518736
0.633033
0.639236
0.603607
0.610961
0.656752
0.640182
0.625756
0.619133
0.671062
0.675827
0.401141
0.462878
0.449164
0.435713
0.413319
0.395988
0.399008
0.353491
0.529008
0.472797
0.478142
0.501049
0.405792
0.409919
0.375283
0.395186
0.369968
0.400893
0.612341
0.605583
0.618759
0.635183
0.415398
0.421196
0.437921
0.468109
0.459805
0.415525
0.610208
0.569962
0.428656
0.396603
0.477408
0.467162
0.647403
0.659965
0.547979
0.492838
0.44496
0.445534
0.62506
0.564393
0.604451
0.623795
0.549007
0.510041
0.55565
0.565843
0.592155
0.65501
0.630423
0.607558
0.487472
0.50968
0.494305
0.454935
0.676554
0.645431
0.499156
0.473221
0.516408
0.528018
0.567816
0.53508
0.645659
0.651419
0.551017
0.566842
0.607869
0.580791
0.453247
0.437321
0.442802
0.419129
0.505837
0.468775
0.595662
0.548772
0.474472
0.5103
0.500628
0.455522
0.450612
0.489913
0.501333
0.491058
0.51315
0.506143
0.644505
0.639161
0.530817
0.529471
0.615796
0.637507
0.601139
0.597467
0.626454
0.58372
0.608751
0.622863
0.580248
0.551423
0.616495
0.593198
0.568615
0.537217
0.577222
0.608685
0.5769
0.568642
0.552193
0.554344
0.52046
0.5308
0.563093
0.602279
0.53515
0.503584
0.607895
0.559246
0.570494
0.579927
0.553005
0.551914
0.509586
0.518042
0.56914
0.566994
0.22589
0.260094
0.24531
0.256787
0.227218
0.201196
0.362399
0.358588
0.412333
0.44229
0.398468
0.404398
0.393212
0.367125
0.417775
0.457727
0.420484
0.457367
0.406736
0.423517
