# bunny_500f_0
# Number of vertices: 252, Number of faces: 500
# Preprocessing time: 0.00119433
# Query time: 6.5208e-05
0.379581
0.328712
0.380257
0.411014
0.364835
0.357985
0.234091
0.450413
0.407296
0.282264
0.212614
0.315261
0.171458
0.332364
0.262503
0.156577
0.261793
0.221903
0.285449
0.407779
0.408091
0.547383
0.307837
0.45328
0.193392
0.428073
0.375315
0.15165
0.479287
0.463134
0.461706
0.52035
0.141205
0.359838
0.587153
0.486686
0.156601
0.369399
0.565549
0.531047
0.147348
0.157728
0.104607
0.160426
0.415002
0.493564
0.308025
0.513425
0.539097
0.374515
0.155716
0.0956706
0.226101
0.506011
0.229543
0.583334
0.477899
0.260655
0.242038
0.525862
0.438509
0.41442
0.457304
0.607828
0.562641
0.378
0.4563
0.28202
0.0940276
0.43415
0.122838
0.25902
0.4411
0.202616
0.311216
0.115246
0.216779
0.13121
0.349911
0.287639
0.187095
0.488477
0.447266
0.229654
0.295279
0.512998
0.262739
0.37499
0.473952
0.0729883
0.180308
0.431971
0.328493
0.0378343
0.337115
0.396193
0.427752
0.208672
0.117567
0.37326
0
0.196731
0.280572
0.428808
0.524606
0.0903109
0.466215
0.383293
0.0936065
0.0620986
0.325224
0.425063
0.110683
0.325309
0.172272
0.141883
0.173291
0.528141
0.442394
0.258351
0.518151
0.192597
0.402608
0.469885
0.101769
0.557803
0.245479
0.0451882
0.375294
0.387781
0.459428
0.298629
0.130797
0.358228
0.119367
0.332623
0.484513
0.05385
0.227299
0.103369
0.494687
0.287221
0.250345
0.353666
0.595867
0.15676
0.519692
0.405531
0.476603
0.338892
0.396509
0.583236
0.613282
0.539413
0.571424
0.197353
0.117612
0.598944
0.571092
0.283645
0.1815
0.319004
0.379441
0.449415
0.411971
0.381994
0.536644
0.460544
0.368237
0.487616
0.163671
0.288391
0.184583
0.231791
0.543165
0.632161
0.515335
0.348702
0.524573
0.47316
0.507712
0.193214
0.160157
0.164667
0.269549
0.242353
0.286786
0.431061
0.349125
0.300356
0.444117
0.48421
0.390527
0.213139
0.327408
0.217887
0.260884
0.396668
0.355246
0.571776
0.415915
0.395455
0.276673
0.567331
0.452513
0.525764
0.586244
0.249249
0.363344
0.577076
0.247586
0.279312
0.621755
0.517061
0.545078
0.606766
0.631115
0.354714
0.305701
0.426969
0.62691
0.498576
0.322603
0.577738
0.488894
0.504211
0.371384
0.314457
0.548586
0.450503
0.321555
0.346755
0.397137
0.418636
0.598101
0.439714
0.36721
0.659637
0.584551
0.395212
0.533852
0.434804
0.576371
0.486361
0.470296
0.468649
0.535121
0.513664
0.560057
0.450441
0.50723
0.520586
