# bunny_500f_0
# Number of vertices: 252, Number of faces: 500
# Preprocessing time: 1.67e-07
# Query time: 0.00101613
0.404329
0.348669
0.406729
0.439879
0.391586
0.375803
0.248252
0.47717
0.431032
0.298758
0.227591
0.326205
0.182517
0.354504
0.27207
0.165981
0.270959
0.231586
0.304223
0.438278
0.408419
0.525623
0.318677
0.490649
0.201899
0.439932
0.380579
0.162448
0.46357
0.439033
0.487544
0.54248
0.148285
0.379497
0.57417
0.459247
0.159399
0.357329
0.542181
0.507099
0.159046
0.15982
0.116194
0.173587
0.438347
0.506814
0.307243
0.502037
0.466968
0.386779
0.157574
0.10508
0.23227
0.49131
0.226169
0.56644
0.456098
0.259751
0.24217
0.502129
0.419585
0.431416
0.479094
0.597271
0.542074
0.355658
0.437426
0.272395
0.0990044
0.420823
0.135547
0.264932
0.4083
0.196673
0.309761
0.111301
0.230635
0.129566
0.334387
0.291368
0.171545
0.449592
0.460686
0.213541
0.303069
0.479358
0.237814
0.374769
0.48789
0.0745315
0.175014
0.395397
0.305603
0.0464442
0.30793
0.366293
0.392146
0.201381
0.122515
0.346213
0
0.199933
0.257442
0.424829
0.49347
0.0923531
0.431893
0.358588
0.108484
0.0688529
0.290221
0.408864
0.125087
0.305614
0.17345
0.155607
0.17869
0.486599
0.404912
0.264257
0.465221
0.190128
0.383076
0.423961
0.104209
0.51696
0.24462
0.0568055
0.380116
0.346256
0.444121
0.306892
0.150592
0.345253
0.128103
0.336997
0.457723
0.0600891
0.228991
0.110069
0.451082
0.289649
0.235823
0.323442
0.560025
0.154233
0.471369
0.372709
0.456962
0.349162
0.380115
0.540251
0.593231
0.493133
0.544393
0.21778
0.125925
0.552126
0.547912
0.275349
0.194655
0.300597
0.388158
0.405164
0.421809
0.366815
0.481691
0.412154
0.373436
0.434322
0.169551
0.282132
0.189697
0.233457
0.522845
0.599268
0.467431
0.341535
0.470282
0.45552
0.45811
0.202917
0.164013
0.170379
0.277592
0.244273
0.30601
0.421609
0.360084
0.29949
0.424649
0.454958
0.405352
0.214234
0.347156
0.220953
0.26428
0.406593
0.353866
0.5254
0.420231
0.391326
0.283589
0.519639
0.459656
0.503617
0.526729
0.25599
0.37425
0.555667
0.26718
0.280397
0.569506
0.504188
0.552151
0.564377
0.575649
0.364691
0.309041
0.442925
0.630863
0.50458
0.336143
0.558467
0.484484
0.512168
0.374425
0.318017
0.549927
0.45712
0.327959
0.355961
0.411005
0.433447
0.596506
0.444319
0.374692
0.621383
0.601745
0.402383
0.541931
0.442481
0.595154
0.507304
0.489163
0.478995
0.541011
0.528961
0.584957
0.460582
0.520791
0.542606
