# bunny_500f_2
# Number of vertices: 4002, Number of faces: 8000
# Preprocessing time: 4.1e-08
# Query time: 0.0154832
0.405491
0.349282
0.406227
0.442629
0.389543
0.37519
0.247759
0.480094
0.430564
0.300998
0.225927
0.326208
0.182841
0.356278
0.269454
0.166144
0.270616
0.233659
0.305249
0.435516
0.404133
0.525909
0.317779
0.490235
0.200713
0.445396
0.380924
0.159264
0.464635
0.435049
0.488384
0.547784
0.148404
0.378886
0.575251
0.460362
0.153924
0.356723
0.539591
0.502759
0.163029
0.159065
0.115419
0.174545
0.436337
0.507472
0.306945
0.499343
0.472451
0.385639
0.156808
0.10084
0.227117
0.487511
0.219662
0.557954
0.444004
0.255252
0.241669
0.496784
0.412484
0.428521
0.476607
0.588454
0.532986
0.356579
0.43087
0.273487
0.09767
0.423679
0.135455
0.259652
0.406338
0.195989
0.306184
0.107839
0.231961
0.126413
0.333182
0.289766
0.171181
0.447417
0.458287
0.210499
0.302787
0.474479
0.237274
0.372401
0.487025
0.074329
0.168244
0.39427
0.306894
0.0463151
0.307558
0.367631
0.393785
0.203541
0.12483
0.346233
0
0.202875
0.251508
0.423557
0.492321
0.0920633
0.428922
0.357782
0.11085
0.0706975
0.285958
0.411153
0.129354
0.301451
0.174693
0.16196
0.178267
0.484558
0.404624
0.267104
0.46508
0.190657
0.385834
0.426601
0.104044
0.515659
0.247835
0.0576324
0.376453
0.345769
0.440958
0.309787
0.154405
0.340758
0.12864
0.340284
0.45749
0.0609058
0.229414
0.112377
0.449245
0.292211
0.236646
0.313367
0.560016
0.155076
0.472733
0.363405
0.459601
0.34364
0.373506
0.545827
0.596387
0.494545
0.545427
0.222791
0.127862
0.553972
0.548436
0.276441
0.19962
0.303132
0.392152
0.395453
0.430101
0.367988
0.482645
0.412873
0.375874
0.432814
0.171969
0.280557
0.191791
0.239538
0.523838
0.599576
0.458552
0.336141
0.469327
0.457275
0.45988
0.206165
0.167833
0.175945
0.28178
0.247127
0.307221
0.421997
0.358477
0.29992
0.41788
0.447322
0.40488
0.216424
0.350891
0.223814
0.266532
0.406381
0.354717
0.525279
0.421911
0.390322
0.286868
0.51069
0.464178
0.496169
0.525232
0.255983
0.378189
0.560654
0.269903
0.286075
0.563738
0.508051
0.551957
0.55539
0.57766
0.363817
0.316968
0.444811
0.634949
0.507155
0.339804
0.551758
0.484506
0.517355
0.382075
0.320139
0.555434
0.461283
0.330809
0.359074
0.416643
0.432048
0.600224
0.44655
0.379472
0.612628
0.596578
0.404983
0.549993
0.451373
0.604174
0.50802
0.484548
0.481409
0.543812
0.531401
0.588776
0.458796
0.52875
0.543197
0.388519
0.361071
0.375071
0.370921
0.39635
0.426281
0.41412
0.400139
0.425149
0.399715
0.419946
0.37426
0.349272
0.46864
0.438939
0.461957
0.461555
0.442272
0.45568
0.352994
0.335765
0.311321
0.326854
0.495278
0.47218
0.329493
0.48898
0.305812
0.272376
0.274456
0.416582
0.407715
0.444312
0.459553
0.239864
0.265709
0.420042
0.336577
0.217826
0.204613
0.377714
0.265401
0.238036
0.382408
0.253278
0.283341
0.299226
0.284024
0.417851
0.39483
0.209206
0.435307
0.461407
0.349627
0.17096
0.188471
0.503235
0.475591
0.217222
0.188581
0.517726
0.513035
0.250983
0.342863
0.317916
0.223589
0.257039
0.287956
0.288068
0.316205
0.192633
0.16306
0.524883
0.392571
0.411478
0.487195
0.453057
0.364239
0.19098
0.236331
0.277767
0.494831
0.497007
0.46055
0.171425
0.161868
0.342479
0.520643
0.157896
0.182549
0.445737
0.432979
0.421375
0.350866
0.531977
0.551751
0.567518
0.496945
0.257867
0.220825
0.518793
0.540273
0.274927
0.44298
0.148808
0.145948
0.426186
0.481352
0.411354
0.537556
0.439482
0.405713
0.467823
0.382402
0.365938
0.329343
0.393959
0.475142
0.472855
0.445637
0.405301
0.425804
0.515822
0.50878
0.522394
0.559249
0.575757
0.586334
0.513938
0.499431
0.311283
0.268552
0.127596
0.126823
0.131771
0.159692
0.168522
0.147266
0.182079
0.149745
0.477172
0.438364
0.132164
0.489466
0.149901
0.173366
0.351904
0.384193
0.579938
0.507462
0.254639
0.290093
0.200395
0.558438
0.536541
0.414744
0.454025
0.316277
0.130271
0.0979816
0.507555
0.470375
0.380823
0.348246
0.383757
0.413839
0.346346
0.426782
0.577502
0.186181
0.170628
0.451899
0.120846
0.123406
0.0995191
0.1887
0.21803
0.185977
0.448787
0.535567
0.160525
0.192319
0.343195
0.380373
0.418316
0.463315
0.237666
0.238165
0.211238
0.0998923
0.0780186
0.0741128
0.261167
0.239019
0.148427
0.183137
0.554144
0.511723
0.464127
0.48051
0.390744
0.390394
0.14223
0.407658
0.420711
0.125082
0.0709854
0.380073
0.145584
0.16053
0.122996
0.314965
0.285373
0.273688
0.477214
0.456369
0.274148
0.304158
0.214812
0.234439
0.496696
0.179192
0.195108
0.249829
0.106499
0.100946
0.419585
0.44362
0.35385
0.383404
0.146386
0.213061
0.232826
0.246021
0.0969543
0.185846
0.224398
0.0700963
0.475104
0.344035
0.321685
0.265635
0.228163
0.252971
0.231147
0.473005
0.457931
0.297733
0.320878
0.260319
0.139279
0.11446
0.32216
0.284373
0.44067
0.44653
0.0837358
0.267752
0.463845
0.201848
0.0487082
0.447897
0.441891
0.189018
0.164666
0.451599
0.429897
0.414297
0.425644
0.436489
0.187584
0.159853
0.41472
0.123837
0.089255
0.276574
0.0538804
0.0226518
0.0357919
0.492031
0.458169
0.189142
0.21456
0.168418
0.209742
0.446838
0.340887
0.272798
0.238907
0.397379
0.14849
0.184955
0.26495
0.296692
0.40096
0.444492
0.408404
0.428876
0.264328
0.34098
0.365713
0.376123
0.389335
0.368066
0.14259
0.407886
0.0654429
0.0958642
0.332596
0.46533
0.459265
0.309715
0.292051
0.486636
0.44429
0.3941
0.399795
0.348805
0.0427493
0.0380446
0.278056
0.488593
0.374841
0.363973
0.253081
0.291969
0.452975
0.419518
0.330791
0.323165
0.328705
0.105153
0.121272
0.463158
0.388121
0.266436
0.293236
0.519566
0.516876
0.122529
0.0899913
0.490188
0.453787
0.292516
0.280063
0.129932
0.122399
0.0995762
0.170678
0.432752
0.461422
0.223796
0.211551
0.0301409
0.0580013
0.413053
0.390011
0.067471
0.0308694
0.356392
0.411954
0.380671
0.303356
0.135459
0.153749
0.16919
0.175449
0.291297
0.319205
0.448795
0.426167
0.321779
0.422852
0.0454215
0.141858
0.258233
0.278867
0.508692
0.483872
0.334828
0.0868958
0.321555
0.340535
0.134192
0.143983
0.213904
0.359716
0.359453
0.0838948
0.429492
0.439746
0.351058
0.324708
0.455068
0.328328
0.377502
0.164197
0.312347
0.472859
0.488861
0.196951
0.190025
0.223726
0.136928
0.112807
0.0795164
0.541138
0.559618
0.520723
0.323752
0.295718
0.320302
0.11087
0.0967838
0.190584
0.524056
0.342509
0.266845
0.474475
0.318911
0.54013
0.50973
0.123406
0.0930924
0.517314
0.516832
0.138953
0.158538
0.173394
0.446632
0.425854
0.211386
0.186648
0.0760664
0.485975
0.111019
0.344995
0.355482
0.565208
0.581747
0.341721
0.346465
0.379044
0.288347
0.248442
0.174911
0.36636
0.555549
0.51558
0.40648
0.383077
0.367585
0.384009
0.486633
0.23579
0.215359
0.197815
0.37176
0.399225
0.557968
0.416405
0.402029
0.267012
0.264328
0.43402
0.429572
0.456753
0.295197
0.26112
0.37562
0.516946
0.17991
0.153877
0.155345
0.144043
0.159731
0.18607
0.414672
0.423107
0.549673
0.574214
0.184801
0.165353
0.401004
0.38333
0.335501
0.354196
0.13771
0.144163
0.466945
0.443311
0.236532
0.270006
0.252578
0.302006
0.581383
0.332852
0.321477
0.179868
0.488958
0.493836
0.489242
0.255449
0.376402
0.217881
0.165761
0.308145
0.351386
0.402277
0.235351
0.504996
0.494034
0.449386
0.30928
0.45156
0.475385
0.426059
0.437168
0.422878
0.431725
0.591173
0.588383
0.448401
0.206915
0.217962
0.601941
0.416618
0.410324
0.582763
0.594375
0.454828
0.392589
0.207888
0.28442
0.288054
0.233194
0.24155
0.429834
0.267734
0.495697
0.375904
0.394829
0.25876
0.215983
0.196736
0.219491
0.192181
0.197489
0.229009
0.213463
0.333453
0.326953
0.529594
0.364698
0.464248
0.357189
0.407597
0.236811
0.491861
0.492317
0.512796
0.338498
0.35696
0.472048
0.473658
0.335389
0.381546
0.376558
0.43876
0.427226
0.440679
0.412355
0.4357
0.246503
0.249627
0.321397
0.32211
0.389104
0.397485
0.48755
0.516957
0.298785
0.278521
0.319526
0.371479
0.497214
0.246463
0.239245
0.536378
0.510927
0.4644
0.278289
0.551519
0.530265
0.546983
0.537569
0.549107
0.329765
0.259151
0.484474
0.530954
0.469039
0.470415
0.46987
0.321068
0.360163
0.501182
0.266339
0.297523
0.560057
0.275426
0.27078
0.405369
0.345793
0.359535
0.489475
0.521499
0.523124
0.311836
0.302062
0.415761
0.422903
0.588961
0.535647
0.559561
0.552228
0.313175
0.502084
0.457323
0.357957
0.532864
0.524679
0.552908
0.317956
0.292223
0.282204
0.300073
0.576126
0.442249
0.43561
0.346078
0.374617
0.325147
0.423824
0.454889
0.423252
0.395705
0.474662
0.512168
0.485415
0.309468
0.298233
0.353308
0.32747
0.619471
0.606272
0.475873
0.354634
0.329507
0.572812
0.538089
0.401844
0.538977
0.413861
0.422939
0.452899
0.378232
0.399055
0.601109
0.342936
0.516598
0.576723
0.584376
0.604387
0.584913
0.640523
0.436584
0.407865
0.387398
0.357787
0.449493
0.490481
0.361038
0.370734
0.361345
0.569343
0.588763
0.387503
0.428361
0.418063
0.561606
0.382637
0.452528
0.624949
0.504566
0.434245
0.559483
0.599287
0.51269
0.531404
0.623901
0.58101
0.480203
0.458876
0.638615
0.483395
0.498709
0.531137
0.623628
0.543863
0.572998
0.41775
0.393756
0.461921
0.55694
0.452426
0.45003
0.450806
0.472207
0.479201
0.594008
0.490597
0.575703
0.562138
0.580813
0.600103
0.527352
0.565472
0.512429
0.5569
0.534784
0.509957
0.507995
0.570753
0.496885
0.541046
0.570965
0.507387
0.513243
0.542601
0.23547
0.236583
0.202186
0.34702
0.403452
0.384044
0.363604
0.413323
0.414549
0.393964
0.374413
0.36724
0.381326
0.371523
0.383948
0.384953
0.410381
0.404568
0.419281
0.407663
0.412798
0.420631
0.394898
0.403592
0.41031
0.370133
0.361164
0.361275
0.453772
0.450862
0.465327
0.453651
0.435144
0.443648
0.437646
0.431089
0.449944
0.355229
0.342416
0.348244
0.323649
0.318083
0.329793
0.478991
0.468775
0.484766
0.339187
0.33843
0.329002
0.472966
0.47549
0.460047
0.289474
0.274686
0.290658
0.412149
0.423482
0.42811
0.457799
0.453172
0.467491
0.252655
0.27097
0.257215
0.42419
0.432076
0.435238
0.333292
0.318852
0.321158
0.227835
0.210697
0.222901
0.389394
0.404061
0.392425
0.251095
0.254959
0.268615
0.391824
0.387002
0.378145
0.268107
0.275839
0.258494
0.291081
0.298302
0.305915
0.406893
0.405063
0.418945
0.211047
0.226735
0.222578
0.448809
0.448061
0.462144
0.363935
0.364466
0.350548
0.186953
0.181217
0.197785
0.485043
0.490319
0.473058
0.20218
0.197936
0.211223
0.503727
0.502117
0.51732
0.25787
0.275198
0.267967
0.329905
0.333778
0.347193
0.239454
0.251754
0.238642
0.293693
0.307333
0.302672
0.287788
0.301938
0.299111
0.192093
0.176844
0.176974
0.521857
0.506749
0.510355
0.407016
0.40116
0.415498
0.473288
0.457808
0.469493
0.386738
0.373124
0.378012
0.208078
0.191513
0.207822
0.225867
0.234295
0.243626
0.284173
0.273166
0.264469
0.497166
0.478354
0.47924
0.167608
0.175372
0.180395
0.350405
0.338825
0.355259
0.50731
0.503592
0.525866
0.173951
0.172262
0.18918
0.439512
0.424218
0.435313
0.347189
0.329123
0.333225
0.545342
0.560718
0.550114
0.514231
0.514345
0.495242
0.240202
0.229112
0.247621
0.531468
0.551372
0.538102
0.267057
0.273386
0.282105
0.42308
0.41277
0.433169
0.145016
0.157121
0.159765
0.441896
0.430185
0.445853
0.499755
0.507141
0.489412
0.422965
0.408512
0.422207
0.522738
0.512426
0.530218
0.422069
0.414364
0.430485
0.454345
0.459996
0.47495
0.385215
0.373306
0.38122
0.3552
0.34849
0.33651
0.399694
0.383695
0.392912
0.472339
0.454591
0.456536
0.450203
0.465284
0.463635
0.414713
0.416845
0.404025
0.503842
0.49491
0.483121
0.512726
0.52454
0.536062
0.568895
0.583565
0.577292
0.506664
0.518817
0.526592
0.294204
0.272094
0.290159
0.142484
0.142042
0.126815
0.147869
0.152212
0.137618
0.164191
0.158531
0.153191
0.165189
0.161401
0.175758
0.456854
0.453761
0.47555
0.139692
0.155581
0.147422
0.51915
0.505955
0.500972
0.161306
0.16629
0.15519
0.352482
0.370082
0.36922
0.588435
0.574363
0.582205
0.551051
0.524056
0.534961
0.265514
0.281887
0.272078
0.211237
0.190221
0.200952
0.548677
0.528975
0.537555
0.430868
0.446106
0.429308
0.30151
0.309503
0.322117
0.128221
0.112811
0.114558
0.490023
0.473227
0.490801
0.364094
0.36546
0.380784
0.395718
0.399469
0.408496
0.328713
0.34932
0.331973
0.404558
0.388211
0.409896
0.585159
0.575602
0.569298
0.17764
0.180043
0.172529
0.463166
0.441134
0.448986
0.121672
0.135796
0.13567
0.1125
0.12821
0.115445
0.182932
0.193181
0.183451
0.200386
0.190081
0.209821
0.438797
0.436575
0.449174
0.537743
0.52268
0.5228
0.172736
0.175725
0.189448
0.343628
0.360442
0.363615
0.436396
0.459013
0.439928
0.237142
0.225736
0.222994
0.116155
0.126728
0.111687
0.0725749
0.0851396
0.0880369
0.250023
0.239377
0.249707
0.160123
0.187157
0.168132
0.534405
0.526521
0.544405
0.480654
0.477402
0.493729
0.496556
0.471126
0.487632
0.401974
0.387789
0.401365
0.146095
0.134542
0.149759
0.403022
0.384283
0.398703
0.422204
0.424234
0.412261
0.137736
0.134616
0.146176
0.0716555
0.0883149
0.08443
0.479459
0.466277
0.493854
0.393771
0.384828
0.40043
0.158056
0.167165
0.150772
0.568916
0.57893
0.565355
0.133141
0.135337
0.144428
0.331793
0.31346
0.332321
0.281302
0.270075
0.272762
0.462866
0.451285
0.465712
0.282199
0.291835
0.296071
0.227773
0.237379
0.2248
0.491772
0.493263
0.507964
0.195353
0.201506
0.187088
0.239934
0.263426
0.255605
0.113912
0.111375
0.10106
0.417161
0.433664
0.42827
0.366566
0.378527
0.367645
0.151858
0.170372
0.16278
0.220869
0.238797
0.228385
0.225228
0.236507
0.243163
0.100686
0.111358
0.11551
0.181515
0.209535
0.211336
0.0836429
0.0831825
0.0686154
0.45064
0.45934
0.465868
0.343339
0.329999
0.333096
0.266408
0.247362
0.246945
0.24374
0.24175
0.232211
0.480076
0.465686
0.473524
0.309911
0.310124
0.319402
0.239601
0.257831
0.232632
0.126336
0.130084
0.141898
0.303626
0.298513
0.318329
0.452189
0.438944
0.449477
0.0994713
0.09151
0.104897
0.264907
0.274409
0.256009
0.480427
0.467346
0.482191
0.209923
0.19614
0.213189
0.0665992
0.0760792
0.0582399
0.442864
0.426826
0.432447
0.20465
0.201331
0.191115
0.138444
0.152262
0.152521
0.457467
0.43883
0.446863
0.400764
0.397351
0.418277
0.44195
0.43049
0.448394
0.182355
0.174888
0.171542
0.428207
0.440464
0.424358
0.105269
0.1053
0.121281
0.282981
0.268778
0.285956
0.0722312
0.0607043
0.0772107
0.0232348
0.0412818
0.0320722
0.467143
0.475362
0.449192
0.201861
0.207761
0.193366
0.171521
0.188326
0.196368
0.446973
0.465432
0.46282
0.339097
0.345235
0.329984
0.264143
0.27375
0.262673
0.222242
0.232939
0.226862
0.409911
0.424238
0.413578
0.176742
0.176796
0.187945
0.16626
0.174181
0.15474
0.269479
0.28151
0.286022
0.407672
0.422306
0.429881
0.393486
0.40396
0.417993
0.263499
0.250257
0.251316
0.344301
0.352164
0.355301
0.381078
0.379597
0.372672
0.130715
0.142517
0.151501
0.398254
0.408443
0.401196
0.0806029
0.0954504
0.0813362
0.325528
0.336744
0.330863
0.45732
0.449406
0.465982
0.300854
0.298794
0.306569
0.471341
0.457447
0.442261
0.416155
0.399913
0.425425
0.393871
0.384828
0.380382
0.360388
0.342793
0.354855
0.0285242
0.0359169
0.0489255
0.0504583
0.0506236
0.0340445
0.282726
0.285741
0.274265
0.468029
0.458128
0.474306
0.38568
0.369857
0.381053
0.261785
0.274546
0.278416
0.448676
0.435278
0.431432
0.318838
0.327638
0.317279
0.346048
0.336532
0.356707
0.114133
0.109835
0.098812
0.466368
0.453975
0.463605
0.38199
0.376261
0.393241
0.26517
0.28253
0.278426
0.52137
0.502178
0.5059
0.113787
0.096957
0.107245
0.473619
0.455444
0.470399
0.278336
0.270827
0.287613
0.126477
0.112305
0.112688
0.157094
0.149834
0.134974
0.447318
0.456085
0.441481
0.204885
0.198181
0.217599
0.0439131
0.0469113
0.0307085
0.414047
0.400426
0.404867
0.0565268
0.0486918
0.0353995
0.373736
0.365002
0.38154
0.399621
0.383878
0.396544
0.279103
0.290215
0.291803
0.139184
0.144741
0.150208
0.160969
0.168049
0.165676
0.29461
0.307215
0.306574
0.42157
0.434862
0.411582
0.310631
0.32173
0.30665
0.419424
0.412232
0.426511
0.0339823
0.0355936
0.0219909
0.131488
0.138255
0.127616
0.27474
0.26933
0.285455
0.476282
0.498599
0.464519
0.326821
0.329101
0.337584
0.0769337
0.0846764
0.0907918
0.321571
0.331807
0.331095
0.12964
0.140554
0.134504
0.198868
0.199742
0.210729
0.359534
0.35022
0.350041
0.0856361
0.0731415
0.070429
0.420123
0.434084
0.424862
0.341133
0.328426
0.338729
0.423577
0.441402
0.439118
0.312304
0.323751
0.315109
0.377772
0.365491
0.363352
0.144688
0.153179
0.154311
0.30534
0.320543
0.310855
0.467336
0.479579
0.474322
0.192535
0.205019
0.208155
0.136497
0.124878
0.125321
0.0968295
0.0983265
0.0824618
0.506543
0.528792
0.517587
0.53711
0.51504
0.539759
0.310228
0.306445
0.319708
0.10368
0.08874
0.0983248
0.178593
0.176367
0.188705
0.509168
0.506883
0.526129
0.33033
0.338606
0.349774
0.273199
0.281191
0.287157
0.469519
0.451352
0.456586
0.304074
0.305998
0.318317
0.528679
0.503223
0.514553
0.479493
0.466109
0.499521
0.107703
0.0923734
0.109036
0.501336
0.502166
0.515933
0.124276
0.117324
0.130689
0.14813
0.155168
0.164262
0.435608
0.418786
0.428633
0.207896
0.193176
0.197981
0.0591921
0.076369
0.061722
0.480232
0.466217
0.46148
0.099927
0.0939403
0.0817695
0.335223
0.342333
0.350223
0.57536
0.562931
0.553311
0.330514
0.343794
0.332171
0.358141
0.368815
0.367431
0.274829
0.267667
0.25654
0.169795
0.180347
0.176245
0.353733
0.341769
0.355942
0.534831
0.514606
0.535659
0.392563
0.379197
0.394569
0.362884
0.375623
0.37041
0.471047
0.478292
0.465413
0.222496
0.230634
0.241663
0.191607
0.207731
0.184617
0.37518
0.386329
0.390564
0.520054
0.537251
0.541133
0.402245
0.411297
0.393665
0.243574
0.265571
0.245292
0.419876
0.430284
0.416724
0.441536
0.428634
0.442395
0.280912
0.277433
0.261952
0.35619
0.361361
0.369076
0.499557
0.515959
0.502031
0.167196
0.155593
0.170004
0.139181
0.139226
0.153457
0.139
0.151761
0.148132
0.17291
0.179703
0.167165
0.406695
0.41859
0.411248
0.517167
0.532728
0.532427
0.560605
0.57227
0.554062
0.177133
0.159409
0.170852
0.388341
0.379875
0.391043
0.325288
0.344996
0.336997
0.124227
0.127452
0.139253
0.449691
0.438604
0.455743
0.234027
0.253293
0.252465
0.27775
0.289886
0.264891
0.571898
0.585211
0.572002
0.310302
0.328016
0.304819
0.161704
0.153318
0.172446
0.472418
0.47468
0.491948
0.487444
0.504266
0.486799
0.244244
0.237155
0.223011
0.358536
0.355088
0.337082
0.185428
0.209328
0.19431
0.154269
0.139735
0.151334
0.315123
0.33695
0.329132
0.39108
0.391009
0.405262
0.23082
0.221908
0.244438
0.485434
0.497156
0.479322
0.447266
0.431911
0.43581
0.288621
0.305281
0.288612
0.450606
0.461693
0.462754
0.417785
0.431533
0.425077
0.410722
0.415441
0.425055
0.577562
0.576484
0.589912
0.422565
0.435409
0.436791
0.195349
0.211242
0.201581
0.596518
0.586202
0.594898
0.414363
0.39393
0.396721
0.567192
0.567255
0.5851
0.59251
0.571969
0.576002
0.438284
0.43606
0.419497
0.375378
0.37857
0.387263
0.186048
0.192988
0.196712
0.268526
0.272168
0.281882
0.219743
0.239922
0.224459
0.592899
0.601101
0.606966
0.397792
0.414918
0.409694
0.225324
0.242837
0.24877
0.472947
0.492053
0.474392
0.363381
0.372964
0.385584
0.247843
0.226952
0.237346
0.204686
0.188694
0.198115
0.205951
0.195214
0.207834
0.178558
0.193533
0.181194
0.213641
0.220783
0.204001
0.315171
0.327942
0.310076
0.512942
0.494011
0.51097
0.34584
0.349388
0.327954
0.455161
0.443433
0.450363
0.366779
0.390504
0.382388
0.224394
0.220767
0.207192
0.47728
0.493452
0.478523
0.492907
0.485774
0.503385
0.335245
0.34904
0.346656
0.459883
0.472517
0.461303
0.319709
0.332471
0.34627
0.369474
0.366654
0.379067
0.424418
0.415787
0.403023
0.419513
0.435088
0.427083
0.425212
0.433359
0.419382
0.230371
0.248749
0.233012
0.304443
0.302583
0.32054
0.378979
0.394154
0.382759
0.488932
0.501173
0.50532
0.279926
0.268474
0.288641
0.323147
0.312581
0.330623
0.326719
0.353677
0.345964
0.490201
0.478207
0.48549
0.242392
0.229631
0.232865
0.525018
0.501786
0.516894
0.44346
0.452515
0.447084
0.2629
0.24353
0.259642
0.542812
0.521191
0.532858
0.517302
0.539971
0.52572
0.527385
0.542778
0.533503
0.308808
0.315001
0.325108
0.248734
0.243842
0.235409
0.496406
0.520853
0.508126
0.446813
0.469553
0.45124
0.4756
0.452823
0.461052
0.322367
0.339845
0.34058
0.471187
0.487138
0.485231
0.270582
0.282037
0.288916
0.544387
0.545377
0.55308
0.262789
0.259865
0.247207
0.254186
0.266712
0.25119
0.397367
0.384803
0.394485
0.336304
0.35114
0.344698
0.475175
0.486208
0.469845
0.508626
0.521368
0.509622
0.288983
0.310492
0.291501
0.413487
0.413594
0.419638
0.568152
0.574299
0.554048
0.534886
0.546708
0.548458
0.527859
0.537595
0.541403
0.295228
0.302262
0.317703
0.486144
0.480793
0.463343
0.335255
0.312474
0.337115
0.519245
0.529544
0.513139
0.536789
0.522997
0.537699
0.309778
0.297238
0.291618
0.275448
0.287502
0.269925
0.293008
0.285885
0.276079
0.566829
0.553198
0.562842
0.425275
0.432704
0.450228
0.427331
0.440079
0.431524
0.34422
0.358973
0.358633
0.301856
0.31252
0.312219
0.441005
0.445599
0.428996
0.397243
0.410639
0.386069
0.449333
0.433389
0.458646
0.498957
0.487211
0.499158
0.303483
0.286961
0.292162
0.336419
0.338105
0.351192
0.311702
0.309534
0.295003
0.620844
0.60003
0.604476
0.470408
0.466293
0.482275
0.341601
0.322904
0.336712
0.552695
0.555102
0.538368
0.381082
0.378729
0.400398
0.534704
0.521509
0.524336
0.415837
0.434767
0.434205
0.369981
0.379402
0.38883
0.607881
0.588953
0.590154
0.335704
0.326671
0.318069
0.512606
0.52079
0.530149
0.565802
0.566822
0.58133
0.589492
0.582071
0.595206
0.569395
0.583208
0.57265
0.612336
0.619795
0.629426
0.421041
0.420218
0.403271
0.36994
0.354798
0.373391
0.463867
0.469677
0.482469
0.351126
0.359068
0.364609
0.360809
0.341935
0.34434
0.5693
0.583166
0.570617
0.37659
0.360085
0.372859
0.421668
0.402748
0.406972
0.554472
0.548459
0.566343
0.383907
0.370347
0.368252
0.435251
0.436788
0.419881
0.604105
0.587197
0.60739
0.514429
0.49063
0.497702
0.402697
0.419587
0.417483
0.557272
0.578368
0.577716
0.499744
0.521342
0.510636
0.611522
0.602925
0.590496
0.469696
0.449266
0.457121
0.648692
0.63475
0.643644
0.46938
0.491486
0.474968
0.518125
0.505551
0.492015
0.637864
0.627208
0.642235
0.527905
0.505237
0.522061
0.543903
0.553522
0.566364
0.402476
0.393876
0.404719
0.446409
0.448625
0.467017
0.377988
0.390337
0.382612
0.567594
0.543676
0.5583
0.449925
0.433587
0.434478
0.459439
0.451076
0.43863
0.464187
0.464496
0.446933
0.610891
0.608669
0.621344
0.471501
0.4565
0.477707
0.583826
0.56775
0.577962
0.578689
0.595432
0.592337
0.545182
0.540221
0.55912
0.569913
0.587374
0.582134
0.519076
0.502524
0.50914
0.560992
0.546229
0.549666
0.494556
0.49509
0.508712
0.579042
0.563699
0.559633
0.520949
0.509038
0.523151
0.469034
0.474419
0.490943
0.556333
0.558667
0.571828
0.488561
0.493313
0.510592
0.558424
0.552206
0.567055
0.519826
0.501131
0.524439
0.526045
0.529618
0.512627
0.241451
0.246579
0.229714
0.242373
0.231392
0.223152
0.262655
0.252575
0.247974
0.224449
0.20651
0.219471
0.186161
0.199126
0.186563
0.32907
0.336528
0.33997
0.408073
0.410892
0.400659
0.406845
0.397111
0.393936
0.358075
0.354763
0.366545
0.359107
0.370267
0.373101
0.393391
0.413802
0.393123
0.432681
0.430628
0.413408
0.421574
0.412221
0.40251
0.386711
0.370547
0.37604
0.396531
0.38955
0.380978
0.367947
0.354014
0.361687
0.399893
0.359396
0.380218
0.391531
0.435292
0.428202
0.416658
0.400546
0.433596
0.39562
0.405
0.415548
0.414675
0.42643
0.386213
0.413124
0.365088
0.352213
0.382636
0.348428
0.47969
0.476244
0.457503
0.443001
0.435557
0.446597
0.452062
0.472167
0.461571
0.42325
0.468593
0.443308
0.341572
0.365421
0.339722
0.329673
0.337808
0.317408
0.305826
0.315598
0.500027
0.483259
0.490614
0.457995
0.315663
0.343574
0.486054
0.489379
0.306183
0.289145
0.303158
0.28643
0.25904
0.25986
0.431471
0.400199
0.395521
0.419716
0.474286
0.446591
0.440362
0.446286
0.244461
0.234267
0.247132
0.284423
0.41291
0.428307
0.322232
0.34732
0.215742
0.234223
0.200921
0.193113
0.379426
0.3763
0.282626
0.247165
0.235152
0.242812
0.369411
0.395794
0.241182
0.263148
0.275909
0.29352
0.312765
0.285356
0.276989
0.291739
0.431898
0.404443
0.395677
0.389778
0.221948
0.196539
0.475445
0.436089
0.435307
0.447025
0.336234
0.364174
0.205587
0.175834
0.167679
0.174547
0.460069
0.495637
0.50887
0.491421
0.225884
0.208998
0.193972
0.184954
0.532545
0.529138
0.501413
0.497093
0.261864
0.241177
0.36125
0.324637
0.313072
0.321572
0.224368
0.224727
0.244029
0.264198
0.297186
0.280199
0.311301
0.275865
0.302537
0.318755
0.176041
0.161043
0.208896
0.164926
0.508063
0.536922
0.425013
0.40031
0.385808
0.395456
0.481885
0.463848
0.490178
0.443857
0.370844
0.360156
0.20772
0.174663
0.254181
0.21809
0.255062
0.298452
0.478182
0.463222
0.512382
0.514353
0.477772
0.458423
0.185229
0.158966
0.155019
0.170964
0.359832
0.325085
0.545371
0.496741
0.201487
0.15809
0.15714
0.16676
0.44058
0.433115
0.456978
0.451624
0.4172
0.412675
0.335874
0.365037
0.534407
0.554913
0.529812
0.538341
0.56464
0.57411
0.477148
0.517499
0.264563
0.250715
0.231886
0.210122
0.525167
0.508173
0.513667
0.562203
0.290511
0.259139
0.445311
0.436637
0.164928
0.132921
0.13182
0.158108
0.441446
0.414267
0.472485
0.484945
0.42493
0.396967
0.545815
0.526758
0.449195
0.436116
0.417525
0.403217
0.487087
0.451844
0.373113
0.392939
0.370908
0.35934
0.317521
0.341981
0.414123
0.375502
0.464161
0.489864
0.489262
0.45473
0.43189
0.464134
0.392361
0.416474
0.426042
0.430114
0.525749
0.508403
0.536679
0.491817
0.510946
0.509523
0.569894
0.581507
0.546306
0.557147
0.585899
0.588942
0.53327
0.493993
0.486541
0.512193
0.308238
0.287739
0.314983
0.249025
0.112527
0.11225
0.14254
0.142757
0.121781
0.14459
0.148777
0.14062
0.169009
0.173044
0.163039
0.153633
0.191972
0.170016
0.151773
0.148542
0.496339
0.456949
0.438667
0.432339
0.141161
0.123224
0.482751
0.494729
0.143141
0.156687
0.168149
0.174738
0.381114
0.334472
0.369
0.385979
0.591927
0.561185
0.519556
0.495199
0.261978
0.281217
0.248599
0.299044
0.221626
0.17901
0.548297
0.562914
0.551104
0.518937
0.416769
0.418341
0.440613
0.469054
0.336461
0.295524
0.118276
0.100875
0.143249
0.097967
0.506204
0.504816
0.484791
0.453615
0.397316
0.399358
0.366182
0.349549
0.350471
0.368322
0.421756
0.401563
0.326455
0.366602
0.432207
0.419767
0.585457
0.567138
0.163555
0.179408
0.188045
0.181253
0.474556
0.430323
0.137151
0.107343
0.109395
0.137188
0.10497
0.0984727
0.171735
0.200753
0.229887
0.209201
0.196834
0.172738
0.461131
0.437952
0.549131
0.51742
0.208408
0.157816
0.164603
0.179944
0.383965
0.32638
0.3582
0.376996
0.423665
0.446498
0.415655
0.482743
0.219205
0.205373
0.250415
0.248972
0.227781
0.215417
0.0972493
0.105823
0.0956944
0.0616356
0.0602501
0.0881331
0.260657
0.259324
0.249317
0.22884
0.157789
0.136937
0.153925
0.211786
0.558422
0.54526
0.521664
0.50593
0.467902
0.462328
0.507069
0.454815
0.40925
0.405807
0.375418
0.374818
0.156752
0.126731
0.401444
0.412812
0.416455
0.4305
0.129353
0.12215
0.0853882
0.0565246
0.390312
0.369167
0.135402
0.142607
0.15469
0.17867
0.122191
0.127273
0.33478
0.294889
0.272477
0.29162
0.283058
0.263867
0.481184
0.4714
0.475202
0.441956
0.296687
0.266296
0.286547
0.305183
0.212604
0.222275
0.216734
0.245994
0.496911
0.493072
0.173217
0.18186
0.188258
0.207933
0.224327
0.275623
0.0915243
0.0887176
0.121166
0.112959
0.435827
0.402306
0.437538
0.45097
0.358969
0.374122
0.353469
0.393857
0.157776
0.13417
0.223779
0.239002
0.205506
0.216849
0.251325
0.258423
0.0847544
0.109491
0.211742
0.156849
0.211656
0.23394
0.0545797
0.0882237
0.481349
0.468353
0.336157
0.327993
0.356222
0.315335
0.249961
0.231119
0.285707
0.228185
0.221149
0.254708
0.25151
0.240783
0.465419
0.486928
0.459282
0.451482
0.327719
0.29895
0.300939
0.313905
0.245901
0.28088
0.154072
0.123814
0.110506
0.118582
0.337338
0.312513
0.293647
0.278503
0.457373
0.454898
0.429541
0.437651
0.0939836
0.0768706
0.25128
0.286008
0.475547
0.452565
0.218405
0.186173
0.0424074
0.0598824
0.440956
0.460741
0.459253
0.424395
0.178349
0.199847
0.165942
0.165898
0.43812
0.470379
0.432153
0.420103
0.436573
0.392299
0.453949
0.437594
0.411757
0.417445
0.156224
0.193136
0.186525
0.170859
0.407158
0.41936
0.138996
0.109139
0.0888008
0.0926815
0.293029
0.25824
0.0698984
0.0445427
0.0332985
0.0120576
0.0174484
0.0546498
0.431425
0.483487
0.502952
0.486891
0.17943
0.199468
0.211081
0.22241
0.219744
0.148199
0.187322
0.204317
0.464371
0.429967
0.32555
0.353534
0.262446
0.282806
0.23652
0.243645
0.40229
0.394391
0.13669
0.161247
0.178546
0.193622
0.301428
0.252514
0.276322
0.29079
0.452492
0.386942
0.412164
0.432788
0.435537
0.446028
0.385536
0.415277
0.254763
0.276434
0.369143
0.33514
0.348378
0.361299
0.370311
0.362842
0.384181
0.389864
0.391506
0.377719
0.165102
0.11952
0.399796
0.417576
0.0678654
0.0662504
0.0824985
0.108673
0.320459
0.344776
0.480207
0.477271
0.451067
0.443035
0.3155
0.30694
0.296534
0.291088
0.500299
0.475279
0.455006
0.434026
0.409921
0.380477
0.411895
0.395127
0.369818
0.328292
0.0653241
0.0210806
0.0199488
0.0544987
0.265404
0.290041
0.492354
0.480902
0.376555
0.391515
0.359369
0.354045
0.297292
0.242646
0.261302
0.279118
0.414861
0.467362
0.444584
0.428275
0.312476
0.322361
0.337759
0.333484
0.337807
0.317047
0.0880524
0.119585
0.125869
0.118968
0.458619
0.443061
0.405232
0.372253
0.283744
0.294335
0.250851
0.297471
0.506791
0.535345
0.535076
0.495392
0.116624
0.101498
0.127241
0.0790228
0.486522
0.468952
0.492068
0.439976
0.303309
0.296049
0.289955
0.266438
0.113505
0.0963206
0.143749
0.137287
0.110768
0.102169
0.179123
0.163481
0.428436
0.44076
0.454106
0.470651
0.236196
0.230453
0.212186
0.192384
0.0144609
0.0451829
0.0569094
0.0623937
0.398359
0.426127
0.400757
0.386045
0.0161351
0.0774769
0.0610495
0.0449154
0.36909
0.349019
0.40645
0.392374
0.415638
0.3688
0.30552
0.301125
0.1617
0.129094
0.146844
0.154526
0.173925
0.165157
0.174342
0.176789
0.313875
0.279022
0.301696
0.316517
0.407989
0.436289
0.46172
0.448568
0.311721
0.334347
0.437775
0.407528
0.0477137
0.050916
0.135071
0.15091
0.294453
0.263008
0.253437
0.26394
0.45122
0.486064
0.531877
0.519119
0.34445
0.32352
0.0975058
0.0741106
0.331646
0.34071
0.311726
0.342608
0.136837
0.122502
0.144697
0.150186
0.224479
0.203539
0.352524
0.368781
0.368624
0.349704
0.0693593
0.0987126
0.432903
0.416945
0.442813
0.448368
0.348614
0.335369
0.35442
0.315426
0.452292
0.461207
0.320023
0.335573
0.363577
0.391664
0.166125
0.160108
0.298116
0.327468
0.485039
0.461428
0.484243
0.491526
0.212102
0.226965
0.184445
0.181901
0.203438
0.221966
0.126027
0.111971
0.147225
0.112119
0.0665431
0.0950888
0.529856
0.547909
0.559586
0.543206
0.558651
0.494201
0.331954
0.331438
0.316505
0.302145
0.292478
0.307272
0.106266
0.11839
0.113073
0.0796907
0.204997
0.177663
0.543105
0.503337
0.363596
0.322031
0.257841
0.276698
0.464366
0.458314
0.332396
0.317246
0.527938
0.551022
0.53185
0.489349
0.12523
0.124026
0.11038
0.0761931
0.532703
0.531335
0.500329
0.504555
0.146475
0.133012
0.174191
0.182129
0.143594
0.164621
0.44216
0.453563
0.443932
0.406987
0.204887
0.190596
0.220519
0.178818
0.0637891
0.0931774
0.473793
0.471503
0.117445
0.109311
0.359677
0.364207
0.329589
0.347174
0.542085
0.583454
0.590675
0.570426
0.345902
0.328397
0.35379
0.356937
0.377423
0.378725
0.239771
0.294574
0.282448
0.261398
0.164181
0.184898
0.369484
0.364254
0.557316
0.550942
0.53257
0.495461
0.408914
0.398566
0.40407
0.365973
0.379465
0.355655
0.379185
0.392966
0.480913
0.491204
0.255767
0.215309
0.175221
0.200449
0.231993
0.223617
0.404635
0.359277
0.381105
0.394183
0.558338
0.552162
0.387307
0.406836
0.424123
0.418336
0.245284
0.244222
0.288698
0.285854
0.416702
0.423163
0.44536
0.444035
0.458441
0.455568
0.245985
0.301448
0.291518
0.274934
0.38397
0.368977
0.503754
0.531679
0.1847
0.175894
0.165547
0.140804
0.166363
0.141444
0.156996
0.129829
0.158528
0.165426
0.1801
0.192617
0.417988
0.404967
0.42412
0.428874
0.548545
0.54922
0.561491
0.585437
0.177323
0.193884
0.184815
0.146275
0.405427
0.396812
0.397656
0.372465
0.345101
0.31397
0.35672
0.363688
0.153026
0.15471
0.124913
0.134959
0.474578
0.461144
0.461855
0.427436
0.256898
0.272798
0.2153
0.272911
0.242489
0.26802
0.291454
0.310522
0.562417
0.597662
0.298408
0.315577
0.351167
0.345014
0.191927
0.171171
0.509373
0.512156
0.471009
0.476416
0.472498
0.507206
0.264195
0.252725
0.379541
0.37319
0.202615
0.235928
0.164703
0.169835
0.322637
0.342044
0.293785
0.359615
0.41802
0.387081
0.258738
0.215718
0.476835
0.495205
0.515308
0.510745
0.440116
0.463653
0.294674
0.323382
0.479216
0.441232
0.461928
0.472053
0.432648
0.411307
0.441252
0.446154
0.435069
0.440161
0.409211
0.424187
0.597853
0.596857
0.577576
0.574663
0.451234
0.446933
0.207809
0.191849
0.222549
0.228372
0.600015
0.600208
0.399857
0.435144
0.43192
0.389503
0.600157
0.563283
0.577146
0.609234
0.456218
0.455284
0.402623
0.382697
0.209162
0.20096
0.293692
0.294393
0.272897
0.28334
0.224929
0.211265
0.254675
0.257138
0.423337
0.432131
0.271505
0.262849
0.477759
0.511263
0.398793
0.408003
0.354047
0.38177
0.247748
0.27037
0.211361
0.220574
0.211515
0.181486
0.220842
0.21734
0.205336
0.179756
0.186708
0.208404
0.196318
0.22232
0.236943
0.230226
0.307682
0.320616
0.344596
0.343472
0.52694
0.531147
0.361205
0.369786
0.461423
0.467023
0.37311
0.399473
0.344052
0.41467
0.241549
0.235861
0.477817
0.475157
0.508888
0.509161
0.522184
0.499257
0.358186
0.324942
0.346638
0.357003
0.465209
0.45908
0.484425
0.484657
0.363099
0.307974
0.391726
0.388299
0.370928
0.366309
0.447039
0.430383
0.43381
0.411323
0.443111
0.450346
0.402405
0.417845
0.428817
0.446378
0.234957
0.226936
0.265969
0.266385
0.338624
0.340309
0.307485
0.301899
0.387227
0.374124
0.4006
0.404783
0.522267
0.47457
0.499216
0.512245
0.306826
0.297947
0.290989
0.258598
0.335841
0.302117
0.362644
0.380755
0.496708
0.50195
0.233652
0.256101
0.252291
0.227123
0.529064
0.546476
0.535198
0.485489
0.444618
0.462956
0.274074
0.282535
0.539562
0.563129
0.553174
0.507216
0.53431
0.562241
0.538441
0.523205
0.551742
0.557297
0.339697
0.322091
0.263046
0.253079
0.497363
0.5181
0.471316
0.544851
0.455898
0.443947
0.492173
0.489805
0.49099
0.445813
0.340147
0.361468
0.307119
0.357951
0.497958
0.506155
0.306437
0.252589
0.278438
0.290441
0.564718
0.541109
0.280302
0.271009
0.258814
0.280355
0.403714
0.406327
0.354672
0.331857
0.361097
0.367244
0.479081
0.498548
0.51444
0.508259
0.536919
0.535805
0.284762
0.287021
0.330144
0.321559
0.419247
0.426738
0.410529
0.41523
0.583826
0.580499
0.562146
0.522931
0.5475
0.557149
0.553884
0.551558
0.337718
0.287574
0.439106
0.506297
0.494276
0.473462
0.36071
0.350403
0.510045
0.519653
0.542653
0.540299
0.553543
0.552526
0.329495
0.302893
0.2645
0.278585
0.305615
0.300277
0.309053
0.291861
0.570215
0.580932
0.465958
0.416641
0.419989
0.449406
0.375227
0.332043
0.36195
0.376247
0.322288
0.323659
0.413902
0.434637
0.449898
0.459852
0.373526
0.407273
0.437166
0.419856
0.481557
0.463593
0.512723
0.498909
0.510358
0.474599
0.299064
0.320117
0.314582
0.282042
0.368179
0.33775
0.328322
0.323781
0.599787
0.637801
0.625334
0.58421
0.494912
0.458534
0.349615
0.357757
0.34639
0.309939
0.523082
0.568426
0.569144
0.54829
0.422747
0.383089
0.529916
0.547742
0.435761
0.456324
0.395714
0.403539
0.440066
0.451228
0.396993
0.407659
0.35915
0.382635
0.620093
0.57984
0.351398
0.336343
0.535129
0.499867
0.592862
0.599641
0.563516
0.568315
0.609567
0.597293
0.596497
0.574489
0.647058
0.627745
0.388789
0.442571
0.433385
0.422826
0.3935
0.379098
0.386311
0.339076
0.502655
0.446648
0.454481
0.476989
0.371708
0.376577
0.346619
0.365517
0.344712
0.380764
0.570119
0.559654
0.582969
0.598326
0.381282
0.395185
0.416729
0.44245
0.439495
0.402041
0.581268
0.541078
0.39676
0.370026
0.456922
0.452387
0.61805
0.620369
0.530382
0.477036
0.426188
0.433094
0.598493
0.538195
0.581965
0.601055
0.522537
0.489107
0.533475
0.541341
0.567929
0.630691
0.613797
0.590934
0.4666
0.493671
0.480853
0.441846
0.635703
0.618382
0.480722
0.463461
0.505906
0.515038
0.543707
0.518929
0.619038
0.608325
0.538015
0.547818
0.587198
0.560624
0.418546
0.40374
0.414274
0.384776
0.483098
0.441598
0.577469
0.534067
0.435731
0.467233
0.466611
0.429021
0.430098
0.469275
0.478662
0.465568
0.482048
0.480947
0.601082
0.591787
0.499022
0.485488
0.57655
0.594625
0.559743
0.551783
0.606517
0.564642
0.595715
0.593892
0.535652
0.51997
0.576851
0.553523
0.52788
0.497075
0.537899
0.572042
0.542763
0.532426
0.522574
0.520532
0.496655
0.494981
0.55083
0.584725
0.515351
0.477402
0.583126
0.537026
0.544541
0.556955
0.527861
0.529732
0.482805
0.496901
0.546058
0.537365
0.217896
0.252486
0.232428
0.241776
0.215556
0.188548
0.350293
0.343388
0.391164
0.413848
0.379812
0.387675
0.376357
0.351482
0.393909
0.435479
0.396634
0.432224
0.383976
0.398451
