# bunny_500f_1
# Number of vertices: 1002, Number of faces: 2000
# Preprocessing time: 0.00298046
# Query time: 0.00019525
0.391215
0.337552
0.39108
0.424511
0.375258
0.36423
0.239922
0.464099
0.417056
0.289352
0.21958
0.318313
0.17692
0.342106
0.266208
0.16108
0.264088
0.226108
0.294578
0.420263
0.402806
0.533687
0.312338
0.469964
0.195485
0.433997
0.375168
0.156055
0.469807
0.449281
0.474355
0.535882
0.143685
0.368574
0.574446
0.471695
0.155672
0.361941
0.552717
0.516534
0.155309
0.157372
0.110571
0.164858
0.426103
0.501782
0.305413
0.519206
0.498587
0.379068
0.154146
0.0995406
0.22667
0.495523
0.228936
0.567938
0.459002
0.260531
0.239797
0.511628
0.423688
0.419854
0.468971
0.601994
0.549425
0.364436
0.444297
0.274375
0.0955294
0.432135
0.131313
0.262782
0.421607
0.205553
0.309428
0.112083
0.22783
0.13105
0.343123
0.293817
0.181636
0.467651
0.446451
0.223027
0.305421
0.493735
0.254517
0.375361
0.480437
0.0733578
0.177147
0.411778
0.315206
0.0408776
0.327987
0.380581
0.40804
0.203221
0.121269
0.357252
0
0.205984
0.275324
0.430714
0.502262
0.0896284
0.443236
0.376018
0.100616
0.0670123
0.31378
0.419164
0.119782
0.328564
0.177532
0.152002
0.179026
0.502214
0.43138
0.268631
0.496591
0.191685
0.39224
0.45059
0.101812
0.53671
0.25244
0.049888
0.389033
0.375772
0.443994
0.311143
0.139779
0.3667
0.123345
0.343818
0.476608
0.0549744
0.232615
0.106731
0.471287
0.296321
0.241851
0.346973
0.573779
0.155674
0.498838
0.40067
0.466634
0.350678
0.402924
0.561805
0.57952
0.514293
0.544962
0.206891
0.122622
0.585061
0.545852
0.281653
0.189054
0.310098
0.392619
0.439236
0.426384
0.375078
0.520945
0.447004
0.379521
0.474007
0.165784
0.284647
0.186663
0.238078
0.531823
0.595875
0.507485
0.34314
0.511058
0.464024
0.493711
0.198324
0.162171
0.17192
0.27607
0.246174
0.296106
0.426577
0.357397
0.302421
0.452351
0.487146
0.397333
0.214673
0.335713
0.219648
0.264
0.406415
0.355575
0.5595
0.424271
0.393526
0.280528
0.562974
0.461382
0.532241
0.572478
0.253705
0.371214
0.569193
0.254296
0.283839
0.6187
0.512604
0.552228
0.607466
0.6154
0.358339
0.313076
0.433759
0.630371
0.508534
0.327126
0.584398
0.486776
0.509999
0.378696
0.319053
0.550489
0.457205
0.326201
0.351656
0.40393
0.422164
0.600392
0.442536
0.372475
0.667192
0.587845
0.401249
0.54582
0.444145
0.59315
0.490886
0.478249
0.475239
0.543469
0.523032
0.574277
0.457115
0.518028
0.53097
0.374964
0.348763
0.362206
0.356231
0.380539
0.410619
0.397849
0.384552
0.407198
0.387689
0.405435
0.35921
0.335769
0.45468
0.426132
0.447904
0.444662
0.426603
0.440558
0.343264
0.324821
0.301603
0.315492
0.476498
0.450734
0.316855
0.47465
0.293402
0.262904
0.264518
0.406871
0.396807
0.426862
0.442588
0.232053
0.256957
0.405069
0.32314
0.211412
0.198101
0.368693
0.254611
0.230974
0.368094
0.248948
0.277172
0.292298
0.275413
0.413839
0.392425
0.202681
0.42362
0.448854
0.343637
0.165514
0.18291
0.489015
0.465306
0.210333
0.182285
0.504375
0.498444
0.243043
0.340399
0.313537
0.220431
0.253288
0.284032
0.282678
0.308292
0.18895
0.158134
0.500554
0.379439
0.398379
0.475421
0.44385
0.35189
0.189905
0.230365
0.27545
0.504972
0.50833
0.470235
0.166356
0.156461
0.331853
0.509429
0.157175
0.183846
0.444104
0.433945
0.415882
0.342015
0.542338
0.556081
0.573571
0.512732
0.253822
0.216792
0.524343
0.544832
0.273343
0.439695
0.143462
0.141355
0.432483
0.482521
0.400748
0.529345
0.453158
0.413144
0.46911
0.385152
0.365874
0.330889
0.402801
0.491341
0.488027
0.450317
0.394789
0.417313
0.530481
0.50315
0.540013
0.570066
0.591225
0.59392
0.553515
0.524392
0.309573
0.27057
0.12721
0.124613
0.127702
0.153203
0.162634
0.144309
0.178068
0.145435
0.490067
0.450697
0.127629
0.520003
0.144129
0.162833
0.345733
0.374174
0.589507
0.520643
0.255459
0.29129
0.197966
0.568202
0.546088
0.422076
0.467551
0.319438
0.133895
0.0988765
0.522301
0.485502
0.389031
0.354368
0.391487
0.403527
0.34439
0.439733
0.58828
0.176034
0.172212
0.465689
0.117454
0.11968
0.0970356
0.174212
0.218356
0.183811
0.440913
0.548111
0.166594
0.200647
0.345009
0.378081
0.43161
0.480939
0.244751
0.244438
0.223056
0.0971347
0.0732263
0.0716952
0.263561
0.244846
0.143683
0.179894
0.569573
0.529956
0.484512
0.497924
0.401126
0.399712
0.149316
0.418954
0.437508
0.120787
0.0701912
0.391485
0.1472
0.167985
0.122933
0.318747
0.281301
0.27724
0.471161
0.449565
0.279655
0.302776
0.223295
0.244117
0.500742
0.189957
0.205424
0.256977
0.104829
0.102699
0.411334
0.43356
0.364675
0.3993
0.154218
0.215065
0.232521
0.249818
0.0943692
0.189132
0.222341
0.0711725
0.463452
0.35216
0.33086
0.275966
0.237235
0.264915
0.248363
0.496216
0.481143
0.309564
0.335045
0.262147
0.145941
0.119004
0.330826
0.290077
0.459366
0.45649
0.0864442
0.273587
0.477401
0.215929
0.0492785
0.465003
0.459705
0.198527
0.173968
0.460346
0.441936
0.410071
0.44298
0.45624
0.188382
0.159886
0.432932
0.123202
0.0855535
0.295736
0.0523325
0.0194769
0.0330395
0.512892
0.483975
0.201936
0.232494
0.170177
0.212775
0.450626
0.352556
0.287187
0.261455
0.407497
0.149939
0.189059
0.288476
0.321692
0.404166
0.437719
0.43257
0.456296
0.291765
0.354884
0.375782
0.392993
0.404368
0.382279
0.142563
0.424341
0.0629275
0.0930879
0.352937
0.479689
0.476731
0.323714
0.308381
0.515977
0.472854
0.411586
0.419358
0.360321
0.0408996
0.0352436
0.30464
0.503105
0.384848
0.375028
0.250655
0.288535
0.461592
0.426709
0.332036
0.342806
0.336763
0.0989293
0.115821
0.463925
0.402108
0.273622
0.301089
0.524193
0.529628
0.111283
0.0831873
0.504669
0.473805
0.325483
0.311268
0.130314
0.121475
0.0971899
0.172445
0.452554
0.482215
0.228308
0.216521
0.0239155
0.052816
0.419498
0.398158
0.065489
0.0260884
0.366431
0.428408
0.402925
0.333339
0.131175
0.153218
0.166399
0.17593
0.292361
0.316136
0.474337
0.447582
0.331738
0.443119
0.0430079
0.131112
0.262523
0.283063
0.539395
0.512775
0.332788
0.0848069
0.349098
0.360273
0.120807
0.12926
0.218255
0.372709
0.378673
0.0751739
0.453211
0.452779
0.37625
0.351088
0.478131
0.359099
0.405697
0.146424
0.341257
0.494086
0.506398
0.197937
0.18602
0.221189
0.126922
0.102338
0.0726094
0.552329
0.582605
0.546466
0.326345
0.299638
0.324348
0.108172
0.0913172
0.175299
0.527953
0.350282
0.271274
0.47646
0.356204
0.557069
0.53958
0.117789
0.0886697
0.524998
0.52801
0.136978
0.154229
0.172372
0.451742
0.432307
0.197556
0.168689
0.0726689
0.489887
0.106259
0.379024
0.381824
0.568889
0.581717
0.3774
0.385041
0.397718
0.294735
0.253763
0.161566
0.402556
0.575372
0.538949
0.436567
0.415435
0.368162
0.38923
0.510128
0.238948
0.216763
0.197904
0.408687
0.436558
0.549412
0.414703
0.406869
0.253168
0.262017
0.466836
0.459357
0.485673
0.295219
0.264581
0.414071
0.534282
0.173077
0.147587
0.149088
0.138458
0.15107
0.17929
0.458639
0.461056
0.554545
0.564116
0.177747
0.158901
0.439648
0.421636
0.339736
0.35697
0.133478
0.139129
0.503305
0.478866
0.240473
0.274428
0.241806
0.287696
0.564203
0.339991
0.328654
0.174542
0.511769
0.524968
0.498036
0.256044
0.383257
0.216023
0.161821
0.313461
0.357718
0.41977
0.229451
0.543813
0.530821
0.488118
0.315024
0.493387
0.514967
0.472234
0.483668
0.464269
0.470629
0.594094
0.590952
0.492792
0.20368
0.213778
0.591163
0.423844
0.416717
0.574995
0.590247
0.462378
0.425105
0.198064
0.285848
0.289313
0.22281
0.230228
0.441989
0.256193
0.504762
0.381559
0.400867
0.256754
0.210317
0.193042
0.215755
0.189154
0.195006
0.227332
0.210953
0.326554
0.32829
0.552266
0.367613
0.510791
0.362835
0.411165
0.235433
0.542066
0.536097
0.554163
0.321051
0.347402
0.509769
0.519393
0.340876
0.377188
0.362565
0.444685
0.430684
0.442834
0.415667
0.43703
0.239458
0.243723
0.322755
0.324583
0.389558
0.400118
0.538546
0.569581
0.295762
0.276606
0.310334
0.372503
0.543645
0.241058
0.237218
0.545908
0.518454
0.467236
0.268561
0.594448
0.56958
0.582026
0.59232
0.600339
0.324216
0.257546
0.491722
0.536834
0.484387
0.498951
0.474146
0.321332
0.360175
0.522736
0.264796
0.294082
0.573426
0.270853
0.269012
0.404202
0.342082
0.349577
0.488833
0.556231
0.569799
0.298285
0.288388
0.416262
0.423303
0.603317
0.588331
0.614665
0.598792
0.308658
0.503808
0.460274
0.341358
0.531055
0.544669
0.568581
0.30796
0.29042
0.281307
0.29819
0.626786
0.444964
0.434279
0.342427
0.371061
0.319877
0.414135
0.450988
0.421822
0.39412
0.473061
0.509818
0.483505
0.304719
0.294973
0.349574
0.324088
0.63988
0.608598
0.466335
0.345095
0.322409
0.572619
0.538125
0.399127
0.537938
0.410411
0.418074
0.448487
0.364954
0.380732
0.59612
0.336943
0.516164
0.627825
0.618799
0.656009
0.64238
0.659606
0.430176
0.399442
0.38531
0.357654
0.440863
0.48474
0.354762
0.364269
0.356913
0.569226
0.596562
0.381848
0.427907
0.413995
0.557222
0.373715
0.446945
0.635478
0.498289
0.415642
0.55695
0.599452
0.509835
0.528492
0.614834
0.570283
0.473371
0.447077
0.637785
0.475564
0.49433
0.522712
0.623282
0.536075
0.567948
0.411195
0.386716
0.447442
0.539808
0.444055
0.441039
0.446602
0.468882
0.472226
0.597248
0.481662
0.578593
0.558774
0.567621
0.587014
0.519648
0.563951
0.508766
0.548741
0.531616
0.501502
0.501102
0.554444
0.490771
0.532095
0.554505
0.500937
0.5045
0.531304
0.238205
0.241268
0.206421
0.347481
0.40779
0.386451
0.364849
0.406952
0.403599
0.379162
