# bunny_500f_2
# Number of vertices: 4002, Number of faces: 8000
# Preprocessing time: 0.00580129
# Query time: 3.17713
0.410293
0.354161
0.410511
0.446222
0.393557
0.381223
0.251884
0.484417
0.436445
0.304228
0.231607
0.331822
0.185908
0.359857
0.275728
0.170875
0.276518
0.237327
0.310445
0.440656
0.412852
0.532359
0.323788
0.495313
0.206702
0.451538
0.386913
0.164783
0.471927
0.441574
0.494329
0.552033
0.153849
0.384708
0.582516
0.465793
0.160321
0.362718
0.547008
0.508331
0.165617
0.161298
0.117891
0.177439
0.441617
0.516269
0.312682
0.506084
0.47744
0.392425
0.16179
0.105996
0.233583
0.495656
0.224795
0.566016
0.454484
0.260131
0.247323
0.502196
0.418071
0.434372
0.483543
0.596808
0.541203
0.360417
0.437491
0.277637
0.103203
0.434114
0.136691
0.265255
0.412407
0.20008
0.313173
0.113157
0.236151
0.130093
0.338367
0.296168
0.176022
0.453735
0.465272
0.215944
0.308682
0.482987
0.242772
0.379846
0.493872
0.0743779
0.172864
0.399994
0.311714
0.0470379
0.313233
0.372169
0.398642
0.20616
0.127548
0.350884
0
0.205229
0.261408
0.431287
0.499752
0.0921582
0.434673
0.364003
0.112981
0.0709266
0.293608
0.416823
0.131258
0.312672
0.179038
0.164126
0.182216
0.491467
0.412259
0.269395
0.470595
0.193927
0.390222
0.431212
0.106436
0.521889
0.251904
0.0576976
0.388337
0.353669
0.447151
0.312772
0.15637
0.352318
0.130246
0.344262
0.464988
0.0613513
0.233718
0.116993
0.456062
0.296595
0.240422
0.325013
0.565677
0.157549
0.478103
0.374868
0.464452
0.356938
0.38541
0.550516
0.602059
0.500795
0.551855
0.225747
0.132279
0.55889
0.554917
0.282364
0.202515
0.30656
0.396114
0.409975
0.432641
0.373778
0.490527
0.420991
0.380609
0.442536
0.174641
0.286379
0.193888
0.245028
0.53049
0.604464
0.473552
0.342383
0.479095
0.463223
0.467909
0.210652
0.17333
0.181154
0.286536
0.253684
0.310775
0.428017
0.364333
0.30419
0.430964
0.459186
0.408477
0.224228
0.354793
0.230915
0.2746
0.412211
0.359011
0.533383
0.427588
0.39628
0.293781
0.525771
0.466358
0.508414
0.53599
0.259952
0.384096
0.566995
0.271848
0.291551
0.577622
0.513659
0.557535
0.570424
0.585258
0.368808
0.322806
0.447128
0.638402
0.512971
0.345297
0.564311
0.490489
0.521536
0.388227
0.327998
0.559343
0.467613
0.338695
0.366071
0.422475
0.437634
0.604546
0.451379
0.385539
0.627698
0.602803
0.413216
0.556618
0.457496
0.610096
0.510575
0.491991
0.488494
0.551775
0.537406
0.596262
0.468978
0.535315
0.551279
0.393497
0.365958
0.379988
0.37362
0.39891
0.43038
0.417479
0.403728
0.428309
0.405839
0.424959
0.377298
0.352476
0.474965
0.445331
0.467939
0.465948
0.446712
0.460598
0.358597
0.340553
0.316296
0.331209
0.499574
0.47523
0.333112
0.493884
0.309447
0.276185
0.278982
0.422719
0.414047
0.44958
0.464688
0.244829
0.270864
0.425541
0.340315
0.221638
0.209172
0.383927
0.267661
0.241768
0.386445
0.259669
0.289738
0.304951
0.289219
0.427798
0.402468
0.212445
0.441216
0.466717
0.355545
0.175217
0.193646
0.509393
0.482029
0.221879
0.192901
0.522165
0.517453
0.255993
0.348791
0.323947
0.229667
0.261546
0.294099
0.29356
0.322133
0.198174
0.168178
0.527157
0.397528
0.416199
0.493213
0.459514
0.368988
0.19671
0.242352
0.284339
0.503436
0.503199
0.469009
0.177148
0.166031
0.348238
0.526259
0.163523
0.188991
0.454361
0.4398
0.43288
0.356494
0.53947
0.558845
0.575317
0.504316
0.264043
0.226938
0.527438
0.547688
0.280591
0.453267
0.151437
0.150044
0.433348
0.489244
0.416305
0.543527
0.446152
0.412703
0.479621
0.389433
0.372231
0.335507
0.400425
0.481905
0.478669
0.452799
0.409604
0.43211
0.522311
0.514919
0.529246
0.56752
0.583998
0.594754
0.519511
0.505756
0.318258
0.27538
0.132917
0.132288
0.136399
0.162257
0.171717
0.150025
0.187855
0.155466
0.483268
0.442839
0.136773
0.495519
0.15201
0.17541
0.358201
0.389617
0.587844
0.514448
0.260495
0.296172
0.205949
0.565053
0.541895
0.420721
0.461274
0.321914
0.136498
0.103298
0.513031
0.475697
0.385999
0.353268
0.389009
0.419212
0.353157
0.432088
0.586072
0.187968
0.1746
0.457359
0.125826
0.129301
0.104034
0.191088
0.223497
0.188133
0.454779
0.541367
0.166929
0.198892
0.349883
0.387432
0.424838
0.47141
0.243038
0.244014
0.21673
0.105033
0.0803788
0.0783658
0.266209
0.244137
0.150869
0.186412
0.562892
0.520478
0.470562
0.488128
0.39628
0.396707
0.147012
0.41187
0.42796
0.127354
0.076223
0.384189
0.148421
0.164568
0.125594
0.318816
0.290237
0.279058
0.483312
0.463193
0.281083
0.311337
0.218997
0.239722
0.501121
0.184565
0.200094
0.255483
0.107618
0.103267
0.426172
0.449825
0.358924
0.388668
0.150491
0.216861
0.235776
0.250578
0.0990639
0.189948
0.22731
0.0752923
0.481552
0.351447
0.329221
0.272396
0.234838
0.259079
0.237653
0.479409
0.463634
0.304412
0.327422
0.268179
0.143608
0.11827
0.327065
0.288925
0.446494
0.453363
0.0875606
0.271713
0.468242
0.207135
0.0529052
0.454454
0.449465
0.193619
0.169673
0.457009
0.434215
0.421158
0.431215
0.441465
0.1906
0.162965
0.420208
0.126772
0.0928312
0.282243
0.0573145
0.0227463
0.0358073
0.498059
0.464168
0.194779
0.221085
0.170769
0.213477
0.452368
0.345924
0.280356
0.246408
0.401348
0.152813
0.188667
0.271749
0.303144
0.407805
0.451218
0.413882
0.434771
0.272953
0.347577
0.3726
0.381539
0.39458
0.372968
0.14379
0.41332
0.0670835
0.0976042
0.338356
0.471471
0.466317
0.321002
0.301589
0.492617
0.4495
0.39866
0.405685
0.353646
0.0427633
0.0380707
0.288697
0.496007
0.379887
0.367982
0.256766
0.297397
0.460361
0.426148
0.341295
0.334812
0.331265
0.10613
0.123286
0.47139
0.39512
0.270691
0.297234
0.527864
0.522868
0.12455
0.0920296
0.497701
0.461207
0.303359
0.29168
0.131735
0.124736
0.101432
0.173418
0.439897
0.46787
0.227478
0.215835
0.0301601
0.0599565
0.418443
0.395561
0.0691918
0.0309129
0.361783
0.416999
0.387292
0.313502
0.138255
0.157692
0.172592
0.178442
0.293863
0.324717
0.453864
0.432159
0.326981
0.429486
0.0506597
0.143767
0.261742
0.282732
0.513902
0.48862
0.337635
0.0892075
0.332708
0.352298
0.136277
0.146091
0.216715
0.37202
0.371173
0.0852025
0.437365
0.44733
0.358336
0.331691
0.461067
0.339505
0.384542
0.166248
0.32017
0.478877
0.494505
0.199932
0.193535
0.227646
0.138981
0.113727
0.0821829
0.54774
0.564883
0.526354
0.327245
0.299577
0.323816
0.113406
0.097991
0.19229
0.531169
0.34695
0.270992
0.482296
0.332079
0.545979
0.514859
0.126485
0.0971411
0.523385
0.522818
0.141666
0.160874
0.176533
0.452277
0.430672
0.214295
0.18821
0.0821306
0.49143
0.117232
0.35744
0.366481
0.571455
0.587826
0.353055
0.359389
0.390538
0.293214
0.252462
0.176264
0.379016
0.560723
0.520866
0.412888
0.391125
0.373168
0.395985
0.492683
0.240906
0.218647
0.200733
0.381265
0.408364
0.564256
0.418844
0.413898
0.271062
0.268437
0.440844
0.437175
0.465291
0.300359
0.265775
0.386998
0.522438
0.182113
0.156222
0.158834
0.148687
0.162845
0.190432
0.427695
0.432271
0.555819
0.580387
0.188012
0.169837
0.411924
0.395851
0.340185
0.357467
0.144543
0.150211
0.474184
0.451293
0.241923
0.275986
0.257486
0.307137
0.587811
0.337838
0.327401
0.185756
0.497732
0.502317
0.496313
0.259336
0.381575
0.22107
0.172561
0.313746
0.356452
0.414182
0.240103
0.512313
0.50229
0.458312
0.3153
0.461361
0.484159
0.440656
0.451096
0.43422
0.444802
0.596471
0.593921
0.461055
0.212098
0.222802
0.606978
0.422241
0.416121
0.588501
0.599446
0.461006
0.404917
0.209915
0.288644
0.29202
0.235184
0.245224
0.442378
0.270764
0.502077
0.382007
0.400776
0.264045
0.222038
0.203922
0.22625
0.199723
0.204345
0.236012
0.218738
0.336796
0.331637
0.537989
0.370527
0.477164
0.363191
0.413757
0.242843
0.505607
0.502173
0.52125
0.340147
0.361122
0.484055
0.487081
0.34132
0.386666
0.37878
0.444431
0.431773
0.444857
0.416199
0.441233
0.252274
0.255932
0.325635
0.326594
0.395162
0.403466
0.50259
0.531255
0.304222
0.284417
0.324987
0.376296
0.511082
0.252489
0.247275
0.542728
0.516962
0.469445
0.283915
0.55985
0.537821
0.554497
0.552455
0.561502
0.33524
0.266477
0.490986
0.537067
0.481396
0.484043
0.474933
0.32566
0.364826
0.514853
0.27252
0.303612
0.568516
0.282749
0.276606
0.411348
0.351823
0.364976
0.493676
0.533714
0.537287
0.314799
0.306217
0.420962
0.42888
0.596678
0.55073
0.574754
0.566655
0.318108
0.508173
0.463509
0.360226
0.536363
0.538056
0.565647
0.323044
0.299916
0.289713
0.306574
0.58781
0.448209
0.441761
0.35208
0.38072
0.330959
0.427351
0.460846
0.427899
0.400181
0.479676
0.517133
0.491678
0.316976
0.306258
0.360085
0.334791
0.626849
0.610916
0.478694
0.361024
0.336422
0.57786
0.543766
0.407055
0.544911
0.420027
0.429196
0.459358
0.384105
0.401028
0.604987
0.350427
0.522385
0.591736
0.598434
0.616472
0.599733
0.652147
0.44211
0.413375
0.395849
0.366942
0.454679
0.49569
0.368129
0.378269
0.36936
0.575167
0.599252
0.394565
0.438346
0.425412
0.565954
0.389752
0.459969
0.637608
0.508857
0.436166
0.565716
0.605534
0.519255
0.537777
0.62771
0.584148
0.485531
0.464287
0.646418
0.489155
0.505064
0.536354
0.631052
0.550358
0.579566
0.425017
0.400839
0.46741
0.560367
0.459662
0.45428
0.458915
0.481505
0.485853
0.603095
0.497781
0.585407
0.569844
0.587253
0.608904
0.534534
0.573778
0.520311
0.564086
0.542293
0.516932
0.514158
0.576892
0.505382
0.551146
0.57826
0.516276
0.521068
0.549403
0.237592
0.241065
0.206543
0.349984
0.40918
0.38795
0.367156
0.419421
0.419437
0.396105
0.379381
0.372273
0.386303
0.375631
0.385556
0.38904
0.41389
0.408786
0.423519
0.411161
0.416456
0.424173
0.400319
0.408564
0.415176
0.374205
0.362713
0.364639
0.460156
0.456394
0.471091
0.457142
0.438332
0.447993
0.442587
0.435652
0.454443
0.361344
0.348554
0.353046
0.328494
0.322982
0.334803
0.483358
0.472318
0.487923
0.342865
0.341217
0.330635
0.477898
0.480548
0.46485
0.293146
0.278806
0.29488
0.418213
0.429915
0.434185
0.462176
0.4586
0.472728
0.258038
0.27624
0.262188
0.428731
0.437638
0.439268
0.336832
0.322169
0.32505
0.232272
0.214994
0.227142
0.395696
0.410179
0.398555
0.254643
0.258763
0.272251
0.395247
0.390458
0.381766
0.274503
0.281829
0.264537
0.297129
0.303419
0.310425
0.415569
0.411932
0.426182
0.214657
0.230537
0.22614
0.45366
0.454102
0.467118
0.370443
0.370469
0.356982
0.191479
0.18594
0.202459
0.491232
0.496302
0.479111
0.20681
0.201524
0.215175
0.508509
0.506594
0.521882
0.262292
0.279503
0.273151
0.335816
0.339737
0.35315
0.245485
0.25822
0.244932
0.299632
0.313764
0.308767
0.293843
0.308265
0.305563
0.197505
0.182058
0.182385
0.525134
0.509604
0.514362
0.412193
0.405733
0.42053
0.479404
0.463746
0.475215
0.391405
0.37764
0.382969
0.213932
0.197238
0.213675
0.231408
0.238561
0.24923
0.289893
0.277862
0.270467
0.504413
0.485727
0.487902
0.172176
0.179541
0.185176
0.355026
0.343766
0.359757
0.512706
0.508943
0.531343
0.179635
0.177842
0.194884
0.445975
0.432388
0.441472
0.353044
0.33534
0.339185
0.552726
0.568232
0.5578
0.521202
0.521887
0.502276
0.246364
0.235149
0.253589
0.53989
0.558532
0.545211
0.272849
0.279555
0.28791
0.440767
0.429025
0.439953
0.148442
0.161194
0.163278
0.449792
0.435926
0.452996
0.508191
0.515747
0.497784
0.428368
0.414451
0.428239
0.528504
0.518126
0.535345
0.429021
0.42148
0.436822
0.468267
0.467478
0.483402
0.39457
0.381119
0.38797
0.361328
0.354659
0.342586
0.406841
0.390722
0.399866
0.478712
0.461116
0.463257
0.456462
0.473383
0.470999
0.419966
0.423142
0.409999
0.511387
0.501512
0.490617
0.51952
0.530067
0.541436
0.576921
0.591614
0.5857
0.512168
0.524987
0.532067
0.300939
0.279008
0.297172
0.147976
0.147594
0.132065
0.152773
0.156945
0.141908
0.16707
0.161399
0.155944
0.170704
0.167477
0.181874
0.462016
0.459545
0.480699
0.143092
0.158699
0.151748
0.525484
0.512385
0.506869
0.163483
0.168209
0.157149
0.358261
0.375443
0.373535
0.596104
0.58174
0.589856
0.557244
0.531124
0.54252
0.271454
0.287829
0.278041
0.217016
0.195983
0.20696
0.554026
0.534175
0.544041
0.438945
0.454224
0.435314
0.307514
0.315656
0.328367
0.134152
0.118098
0.120103
0.495408
0.478807
0.496343
0.369226
0.370374
0.386234
0.400447
0.404592
0.41378
0.335697
0.356162
0.338727
0.409862
0.393982
0.415649
0.592629
0.582716
0.576701
0.180502
0.183762
0.174734
0.468655
0.446593
0.454294
0.12737
0.141714
0.141348
0.117684
0.133422
0.119976
0.184488
0.195264
0.185766
0.205002
0.195399
0.215619
0.445508
0.442741
0.456038
0.543384
0.528285
0.528328
0.178896
0.182267
0.195605
0.350645
0.367447
0.370457
0.442167
0.464933
0.447306
0.242878
0.231382
0.228319
0.121036
0.132116
0.117325
0.0760163
0.089563
0.0915735
0.255306
0.24491
0.255558
0.163159
0.190139
0.170651
0.543169
0.533458
0.552443
0.487134
0.484653
0.501407
0.504653
0.478777
0.496195
0.407067
0.39247
0.407632
0.151971
0.140334
0.155546
0.408559
0.389251
0.404389
0.426416
0.432439
0.419326
0.14016
0.136983
0.148654
0.0759527
0.0924683
0.0897363
0.486798
0.473029
0.49996
0.397941
0.388793
0.404475
0.16192
0.171242
0.154808
0.577616
0.587258
0.573733
0.136192
0.138071
0.146934
0.336436
0.318294
0.337672
0.285664
0.274678
0.277841
0.468265
0.457156
0.472043
0.288197
0.299273
0.302791
0.231977
0.242001
0.229578
0.49752
0.500111
0.512432
0.200839
0.207235
0.19248
0.246399
0.270044
0.261431
0.116324
0.113758
0.10294
0.423762
0.440416
0.434193
0.370755
0.383786
0.372761
0.156651
0.175126
0.167687
0.22481
0.242509
0.232767
0.229822
0.242247
0.248193
0.102298
0.113751
0.117382
0.184904
0.213217
0.214263
0.0889201
0.0879043
0.0731659
0.456424
0.465688
0.471747
0.35071
0.336909
0.340629
0.273164
0.253959
0.253682
0.249382
0.24794
0.237938
0.48626
0.471718
0.479322
0.317193
0.316728
0.3263
0.247245
0.263778
0.239075
0.130369
0.133881
0.146183
0.308319
0.30218
0.322025
0.458045
0.447477
0.458381
0.103289
0.094449
0.108644
0.269476
0.278917
0.260367
0.484828
0.473977
0.488924
0.216523
0.202019
0.219107
0.0705358
0.0810007
0.0631901
0.449804
0.432967
0.438509
0.208872
0.206065
0.195811
0.143388
0.156958
0.157575
0.462247
0.443503
0.451258
0.407707
0.404297
0.425312
0.447627
0.435819
0.453765
0.186288
0.177902
0.174058
0.433952
0.445845
0.429738
0.108306
0.109537
0.125302
0.289723
0.274719
0.291915
0.0757336
0.0653146
0.082006
0.0265365
0.0439727
0.0362639
0.472125
0.481365
0.453938
0.207856
0.214033
0.199227
0.175379
0.191819
0.200487
0.453251
0.471323
0.469065
0.344166
0.35017
0.33483
0.269962
0.280033
0.269404
0.228755
0.24024
0.233959
0.415324
0.430193
0.417685
0.182073
0.181626
0.193138
0.169551
0.177577
0.158126
0.275804
0.287633
0.292698
0.414856
0.429027
0.437165
0.398829
0.409205
0.423336
0.270279
0.25703
0.259239
0.350672
0.358966
0.361941
0.385606
0.384838
0.37676
0.132394
0.145474
0.153442
0.403407
0.414444
0.406557
0.0823267
0.0975628
0.0832474
0.331537
0.342882
0.337375
0.464755
0.456512
0.47201
0.311188
0.307084
0.315743
0.477595
0.463475
0.448266
0.421255
0.405176
0.430837
0.398889
0.390972
0.385633
0.365484
0.347388
0.35928
0.030535
0.0389753
0.0507567
0.0516479
0.0519102
0.0351393
0.291269
0.294616
0.282491
0.474654
0.462623
0.481928
0.389825
0.373608
0.385008
0.268822
0.278186
0.286289
0.45436
0.442374
0.437033
0.331279
0.338562
0.327766
0.349744
0.341199
0.361613
0.11534
0.111689
0.100292
0.472936
0.462694
0.470631
0.388898
0.383695
0.401104
0.268424
0.284055
0.282926
0.528099
0.50994
0.514508
0.115252
0.098398
0.109271
0.481404
0.462726
0.478082
0.287969
0.280574
0.296812
0.128414
0.11437
0.11449
0.159197
0.151893
0.136527
0.454138
0.463171
0.44867
0.20842
0.201964
0.221573
0.0455087
0.0484486
0.0322193
0.419874
0.405715
0.410949
0.0576558
0.0501841
0.0365333
0.379138
0.370521
0.387108
0.406381
0.39041
0.40222
0.28861
0.300736
0.30311
0.140687
0.148164
0.152758
0.164398
0.171992
0.167661
0.297644
0.310298
0.313005
0.42703
0.440506
0.417573
0.313513
0.32602
0.311516
0.425813
0.418515
0.433434
0.0385598
0.0392262
0.0260141
0.133189
0.140273
0.129858
0.277841
0.273068
0.288711
0.481492
0.503551
0.469469
0.333363
0.332136
0.341537
0.0790192
0.0864367
0.0929954
0.332997
0.343374
0.342357
0.131914
0.14285
0.136544
0.201753
0.203111
0.214109
0.3714
0.361888
0.362168
0.087747
0.0751762
0.072269
0.426949
0.440399
0.431745
0.347651
0.335079
0.345008
0.42884
0.447401
0.444535
0.323229
0.334694
0.326255
0.38537
0.372505
0.370627
0.146265
0.155383
0.155685
0.312468
0.327028
0.317732
0.473516
0.485588
0.48114
0.196667
0.208724
0.212076
0.13792
0.126399
0.126902
0.0986513
0.0992942
0.0835063
0.51257
0.535286
0.524126
0.54232
0.520487
0.545215
0.313985
0.310131
0.323785
0.105747
0.0907779
0.1008
0.181994
0.179267
0.191689
0.516761
0.514352
0.533535
0.334329
0.343955
0.3538
0.276504
0.285173
0.29106
0.477423
0.458352
0.464394
0.31134
0.31814
0.325904
0.53445
0.508859
0.520449
0.484364
0.471041
0.504508
0.11126
0.0949919
0.111371
0.506973
0.508395
0.522152
0.126848
0.11985
0.133323
0.150724
0.158134
0.167123
0.440016
0.422175
0.43414
0.206912
0.193945
0.199506
0.0650625
0.0814869
0.0658499
0.48779
0.472068
0.467325
0.104856
0.100099
0.0866444
0.347277
0.353263
0.362003
0.580947
0.568897
0.559446
0.341158
0.354458
0.345464
0.369735
0.380385
0.378776
0.279298
0.272196
0.260636
0.171695
0.181831
0.177755
0.366067
0.354132
0.368548
0.540085
0.51956
0.540791
0.399014
0.386053
0.401648
0.374333
0.385346
0.38284
0.47724
0.48454
0.471425
0.22594
0.234033
0.245939
0.195653
0.210779
0.187181
0.383776
0.395211
0.399293
0.527027
0.543487
0.548093
0.407399
0.417116
0.405874
0.247583
0.26978
0.248469
0.426414
0.438176
0.424593
0.449892
0.436841
0.450711
0.285591
0.281671
0.266655
0.368395
0.373486
0.38305
0.504805
0.521299
0.507723
0.16942
0.157643
0.172024
0.142606
0.141847
0.156383
0.141805
0.155169
0.150694
0.176103
0.182797
0.170289
0.417446
0.427547
0.42051
0.52332
0.538347
0.538561
0.566823
0.578813
0.560019
0.181038
0.163374
0.174256
0.399303
0.391407
0.403427
0.329198
0.349284
0.340347
0.130783
0.13361
0.145886
0.456794
0.445608
0.462621
0.238754
0.25805
0.258426
0.282894
0.293075
0.26812
0.578158
0.591487
0.57858
0.315288
0.33334
0.310144
0.167651
0.158415
0.177561
0.481081
0.483241
0.500649
0.495827
0.511133
0.494139
0.249326
0.240487
0.228187
0.363461
0.3601
0.341884
0.188358
0.212298
0.197487
0.159858
0.145522
0.158206
0.320046
0.342816
0.334452
0.401913
0.402362
0.415993
0.233929
0.226461
0.248686
0.492713
0.505071
0.487238
0.455895
0.440631
0.444856
0.294458
0.31148
0.294731
0.459489
0.470667
0.471669
0.432542
0.446322
0.438892
0.422291
0.426872
0.43659
0.58282
0.581899
0.595225
0.436133
0.447324
0.450823
0.199911
0.21603
0.205863
0.602211
0.591969
0.600845
0.420068
0.399466
0.402117
0.573353
0.573242
0.591341
0.597558
0.576675
0.581062
0.443983
0.441929
0.425
0.388006
0.391318
0.4003
0.188277
0.195156
0.199366
0.272336
0.276086
0.285918
0.221577
0.241106
0.226828
0.598039
0.606422
0.611663
0.41004
0.427308
0.422206
0.228363
0.246052
0.251621
0.479507
0.498597
0.480715
0.369151
0.378774
0.391227
0.252964
0.231138
0.242361
0.211049
0.194494
0.20399
0.213115
0.200518
0.214607
0.186109
0.200982
0.188108
0.220498
0.227238
0.209977
0.319631
0.333513
0.314944
0.520805
0.502269
0.519412
0.350782
0.355139
0.333731
0.466936
0.455517
0.463986
0.373053
0.39681
0.388475
0.229892
0.226789
0.213086
0.490738
0.505492
0.490228
0.501477
0.494897
0.512436
0.339437
0.35055
0.35043
0.471882
0.484461
0.474417
0.325799
0.338429
0.35237
0.373241
0.370219
0.382844
0.430765
0.422357
0.409415
0.42386
0.439709
0.431572
0.430116
0.439124
0.422883
0.236174
0.255162
0.23958
0.308532
0.306331
0.324685
0.384269
0.399308
0.388753
0.503712
0.516049
0.519319
0.285223
0.274008
0.29419
0.326659
0.317517
0.335104
0.332236
0.359286
0.350731
0.504926
0.492884
0.499156
0.250009
0.237402
0.239194
0.531184
0.507981
0.523266
0.448285
0.45746
0.458636
0.268669
0.24862
0.26449
0.550941
0.529296
0.541307
0.523953
0.546484
0.53312
0.542009
0.556938
0.546835
0.31433
0.320689
0.33016
0.256501
0.251039
0.242896
0.502802
0.527516
0.514423
0.460194
0.482922
0.464787
0.481814
0.458973
0.467488
0.326778
0.344269
0.345194
0.48433
0.500785
0.498308
0.276725
0.288169
0.29511
0.55073
0.553808
0.559431
0.270311
0.266884
0.254749
0.259853
0.272588
0.257361
0.403571
0.390875
0.400074
0.34202
0.356876
0.349751
0.481197
0.491401
0.477786
0.520859
0.534401
0.523655
0.292027
0.312453
0.292327
0.418941
0.419728
0.425512
0.575783
0.582531
0.562097
0.550036
0.56186
0.56356
0.542617
0.551883
0.556173
0.299834
0.306776
0.322501
0.492135
0.486939
0.469438
0.337825
0.315162
0.339856
0.532144
0.543141
0.526743
0.548961
0.534964
0.550752
0.315592
0.30331
0.29674
0.282824
0.295658
0.277806
0.300122
0.292354
0.282845
0.575563
0.563108
0.574815
0.43138
0.438901
0.456322
0.433825
0.445345
0.437126
0.350312
0.365061
0.364707
0.307753
0.318969
0.317782
0.444064
0.451259
0.434467
0.401994
0.414985
0.390348
0.454034
0.439024
0.464363
0.505303
0.493571
0.505296
0.310696
0.294279
0.299605
0.342249
0.344563
0.357125
0.319815
0.317371
0.303091
0.626421
0.606276
0.611645
0.476683
0.469942
0.48685
0.348665
0.329854
0.342649
0.55844
0.560681
0.543509
0.386014
0.383356
0.405277
0.540002
0.527548
0.530244
0.422055
0.441199
0.440495
0.374274
0.381358
0.393647
0.611434
0.592648
0.59483
0.343151
0.334217
0.325548
0.518703
0.526685
0.53605
0.580535
0.581052
0.595991
0.601423
0.596006
0.609254
0.58454
0.598399
0.587755
0.622216
0.633472
0.640348
0.426198
0.425762
0.408646
0.377361
0.362849
0.382123
0.46809
0.474807
0.487295
0.358574
0.365277
0.37187
0.36971
0.350644
0.352191
0.576061
0.588601
0.582298
0.384274
0.367841
0.380188
0.430462
0.409779
0.416215
0.560386
0.552953
0.571072
0.389679
0.377112
0.372919
0.442644
0.44256
0.424803
0.618042
0.600062
0.617409
0.518768
0.494272
0.503123
0.405878
0.423035
0.419378
0.5633
0.584614
0.583809
0.506112
0.527776
0.516843
0.616104
0.606471
0.595101
0.475325
0.4549
0.462058
0.659288
0.6383
0.647889
0.475953
0.498073
0.481309
0.523131
0.510931
0.496656
0.64375
0.635875
0.65462
0.534386
0.511758
0.528502
0.550097
0.558875
0.572147
0.409705
0.399967
0.412229
0.450771
0.451314
0.468944
0.385131
0.397662
0.389814
0.573105
0.549284
0.560831
0.456799
0.439117
0.441464
0.468455
0.460381
0.447818
0.47015
0.471826
0.45426
0.621247
0.615801
0.626172
0.478808
0.463194
0.483785
0.593086
0.575984
0.586444
0.58519
0.60182
0.598747
0.552553
0.546073
0.565707
0.578988
0.596592
0.590713
0.526185
0.509574
0.516236
0.568827
0.553559
0.557622
0.501471
0.500266
0.514472
0.584621
0.57019
0.565752
0.527882
0.516278
0.531102
0.47623
0.481479
0.498294
0.565315
0.568255
0.581417
0.49796
0.502121
0.519525
0.565147
0.558276
0.573699
0.529387
0.511477
0.534481
0.532965
0.536888
0.519922
0.24513
0.249526
0.232727
0.245418
0.235114
0.226202
0.267241
0.256577
0.252779
0.228967
0.210737
0.224072
0.189216
0.203
0.190434
0.332334
0.338998
0.343243
0.413879
0.417022
0.406694
0.411973
0.402026
0.398968
0.361138
0.358093
0.370112
0.363238
0.373345
0.37715
0.399526
0.419995
0.399303
0.438441
0.435758
0.418637
0.422403
0.411633
0.406391
0.387505
0.374224
0.380616
0.401325
0.394443
0.386695
0.3739
0.35905
0.366606
0.403829
0.363333
0.384212
0.39555
0.43936
0.431608
0.420321
0.404325
0.437168
0.398381
0.408095
0.419233
0.420744
0.431246
0.392241
0.417719
0.368449
0.355498
0.386017
0.351933
0.485619
0.482253
0.463512
0.449008
0.441023
0.452472
0.455874
0.47581
0.4659
0.427877
0.473082
0.448129
0.346606
0.371032
0.345313
0.335757
0.342526
0.323198
0.310367
0.319295
0.501806
0.487567
0.493415
0.461013
0.319318
0.346647
0.490554
0.49483
0.31092
0.294275
0.306845
0.290132
0.26286
0.264263
0.437591
0.406286
0.401523
0.425448
0.479406
0.44991
0.445784
0.451424
0.248791
0.239564
0.252329
0.289501
0.417571
0.433591
0.327166
0.350922
0.220785
0.237896
0.204558
0.197185
0.385419
0.382466
0.285516
0.250858
0.238554
0.246667
0.372966
0.399655
0.247266
0.269634
0.281205
0.29955
0.318423
0.291169
0.282773
0.296009
0.439404
0.418159
0.407064
0.396138
0.225311
0.199769
0.481248
0.441092
0.441352
0.453011
0.342677
0.370132
0.211017
0.179609
0.17232
0.179448
0.466135
0.501348
0.514834
0.499136
0.229678
0.214385
0.199088
0.188094
0.537215
0.533549
0.50717
0.501469
0.266668
0.245521
0.367219
0.330463
0.31893
0.328086
0.230378
0.230842
0.250016
0.270414
0.303009
0.285426
0.317519
0.282266
0.307805
0.324203
0.181579
0.166369
0.214504
0.1698
0.511725
0.540418
0.429969
0.404978
0.390019
0.400956
0.488232
0.470697
0.496164
0.449646
0.37503
0.364279
0.213592
0.180353
0.260155
0.224121
0.26164
0.304871
0.486553
0.471164
0.519545
0.520681
0.483512
0.465875
0.191111
0.16452
0.159461
0.173971
0.365569
0.330478
0.550914
0.503266
0.207937
0.163761
0.162645
0.173175
0.446367
0.445085
0.462681
0.456854
0.425943
0.423069
0.340972
0.370441
0.542044
0.562538
0.536729
0.54499
0.571935
0.581721
0.484318
0.525255
0.270452
0.256498
0.237666
0.216209
0.532317
0.516314
0.521838
0.569207
0.29619
0.264803
0.45283
0.454825
0.167778
0.135457
0.135304
0.162735
0.448851
0.420867
0.480023
0.493476
0.430021
0.401842
0.55103
0.533741
0.453436
0.442829
0.424977
0.409518
0.498306
0.458095
0.379246
0.400878
0.377316
0.366145
0.323512
0.348379
0.420836
0.381525
0.47108
0.495925
0.494925
0.461002
0.438175
0.472416
0.397748
0.421589
0.43097
0.436444
0.533179
0.514282
0.543635
0.498612
0.51757
0.516267
0.577658
0.589522
0.554411
0.565388
0.594186
0.59713
0.53919
0.499341
0.49209
0.519575
0.315116
0.294155
0.321475
0.255922
0.117365
0.117572
0.148258
0.148276
0.125513
0.149819
0.150246
0.143287
0.171848
0.175955
0.165805
0.156595
0.198088
0.175754
0.157467
0.154533
0.50187
0.467001
0.447776
0.43868
0.146233
0.126922
0.48834
0.501198
0.144882
0.159147
0.17032
0.177625
0.386376
0.340781
0.375513
0.391993
0.599851
0.568994
0.527619
0.503217
0.267276
0.286832
0.254532
0.304987
0.22724
0.184496
0.555677
0.570135
0.55643
0.524289
0.422352
0.425956
0.448018
0.477091
0.342363
0.300665
0.124082
0.106544
0.149429
0.102726
0.511723
0.510337
0.490283
0.459263
0.402831
0.404755
0.371301
0.354119
0.356066
0.374094
0.427278
0.407859
0.333021
0.373492
0.437916
0.425099
0.593626
0.575926
0.166272
0.182132
0.192253
0.185414
0.479962
0.435856
0.142062
0.112535
0.115175
0.142961
0.108507
0.103543
0.174346
0.203761
0.235797
0.212849
0.197996
0.176334
0.467956
0.443395
0.556109
0.522982
0.214566
0.164001
0.170388
0.185746
0.390625
0.333333
0.365164
0.383632
0.429909
0.453498
0.42123
0.488546
0.224851
0.210687
0.256115
0.254798
0.233636
0.221188
0.102952
0.109707
0.0980798
0.0636642
0.0633867
0.0930015
0.266487
0.263918
0.253375
0.233919
0.1602
0.139232
0.156883
0.215448
0.567069
0.553629
0.529986
0.511732
0.47358
0.471301
0.514925
0.461938
0.415695
0.413191
0.379799
0.379517
0.161547
0.131455
0.407447
0.418478
0.420669
0.43935
0.131573
0.124834
0.0908951
0.060785
0.395802
0.373042
0.139044
0.146587
0.156481
0.182709
0.125345
0.129936
0.338607
0.298831
0.277942
0.295817
0.288742
0.268948
0.488084
0.478754
0.481694
0.448337
0.303251
0.271783
0.293113
0.311731
0.216874
0.227632
0.221848
0.251151
0.503754
0.497954
0.177558
0.186462
0.192955
0.213518
0.229442
0.281334
0.0923575
0.0901057
0.122296
0.116056
0.441504
0.409073
0.444409
0.457836
0.363932
0.379099
0.35734
0.399573
0.162087
0.138905
0.227584
0.243136
0.20962
0.218926
0.254974
0.261983
0.0862439
0.112044
0.215834
0.160894
0.215766
0.236418
0.0590556
0.0933747
0.487389
0.475328
0.342904
0.334947
0.363731
0.322075
0.255894
0.23704
0.291295
0.234325
0.226968
0.260212
0.258346
0.248446
0.470802
0.493506
0.465601
0.45751
0.334193
0.306127
0.306929
0.319913
0.252205
0.286998
0.158525
0.128658
0.114871
0.122988
0.341044
0.317233
0.298261
0.28208
0.464476
0.460283
0.437126
0.443981
0.0986792
0.0792164
0.255136
0.290101
0.480409
0.459129
0.223859
0.191221
0.0468642
0.0622282
0.447974
0.468322
0.467224
0.431358
0.183081
0.204675
0.171227
0.170322
0.444495
0.475723
0.437689
0.424726
0.443241
0.399519
0.458925
0.443566
0.41697
0.42238
0.159557
0.197271
0.188901
0.173235
0.412532
0.426064
0.142896
0.110799
0.0906953
0.0974777
0.298699
0.263829
0.0716208
0.0482671
0.0336547
0.0120576
0.0174484
0.0546746
0.436109
0.488879
0.509489
0.493382
0.184982
0.205027
0.217001
0.229105
0.223866
0.150404
0.189676
0.207316
0.469996
0.435394
0.330539
0.358791
0.270037
0.289775
0.243283
0.25201
0.406821
0.399285
0.140676
0.165591
0.182635
0.196811
0.308158
0.258333
0.283803
0.298096
0.459536
0.394132
0.420394
0.441309
0.441017
0.451396
0.390867
0.421132
0.265209
0.283217
0.376388
0.341887
0.354869
0.36826
0.375608
0.368258
0.389666
0.394439
0.396819
0.383028
0.1672
0.120034
0.405045
0.423313
0.0692425
0.0674599
0.0837518
0.11109
0.326138
0.350708
0.488236
0.484619
0.458316
0.44982
0.325223
0.316972
0.306021
0.298822
0.506667
0.480643
0.460419
0.438933
0.414493
0.385035
0.41678
0.400181
0.374667
0.33313
0.0653622
0.0210806
0.0199488
0.0545917
0.275617
0.301033
0.500725
0.489319
0.381477
0.396905
0.364143
0.357638
0.304313
0.246759
0.264341
0.282132
0.420434
0.473358
0.451369
0.434625
0.323863
0.328901
0.349143
0.345678
0.341553
0.321062
0.0885563
0.121103
0.127402
0.121337
0.465128
0.451081
0.412616
0.37885
0.287953
0.298688
0.254824
0.301661
0.514268
0.541413
0.54137
0.501728
0.118897
0.10374
0.128822
0.0804658
0.494006
0.476208
0.500107
0.446831
0.312704
0.307771
0.296932
0.276056
0.114924
0.0977022
0.145717
0.139757
0.113125
0.104378
0.182185
0.165571
0.434944
0.447899
0.461114
0.477534
0.240159
0.234569
0.215251
0.196749
0.0144609
0.0452293
0.0582701
0.0638639
0.403931
0.431915
0.405317
0.39073
0.0161351
0.0785752
0.062759
0.0450873
0.373299
0.354404
0.413739
0.399875
0.422839
0.375086
0.317655
0.312003
0.165117
0.129669
0.149346
0.157712
0.177761
0.168023
0.177848
0.180309
0.320734
0.28142
0.304432
0.31968
0.413258
0.440903
0.466947
0.454519
0.31581
0.33936
0.44455
0.413828
0.0523197
0.0535129
0.13696
0.152866
0.297843
0.265786
0.25717
0.267646
0.455927
0.491494
0.536844
0.523914
0.347351
0.326356
0.0999099
0.0760689
0.343053
0.352169
0.322611
0.353658
0.138442
0.124615
0.146736
0.152437
0.227843
0.20697
0.363697
0.380848
0.380462
0.361308
0.0701836
0.100511
0.439971
0.424888
0.450509
0.454965
0.356071
0.34172
0.360751
0.322146
0.457912
0.467302
0.332179
0.34653
0.369957
0.398701
0.16724
0.161896
0.305872
0.33533
0.492015
0.467042
0.4905
0.497764
0.215909
0.230547
0.188139
0.185524
0.206701
0.225618
0.128408
0.114151
0.1486
0.11368
0.0679724
0.0987143
0.53636
0.554263
0.565049
0.548864
0.563742
0.49978
0.335714
0.335602
0.319827
0.305735
0.295645
0.310359
0.108782
0.120473
0.114449
0.0807231
0.207469
0.178611
0.550054
0.510311
0.36802
0.326387
0.26182
0.281329
0.47117
0.464424
0.340113
0.327414
0.534217
0.556798
0.536814
0.494549
0.127359
0.127977
0.114789
0.0791924
0.538909
0.537637
0.507313
0.510085
0.149284
0.135304
0.17664
0.185155
0.145587
0.167549
0.447959
0.458414
0.448763
0.411732
0.208123
0.193649
0.222337
0.180389
0.0684225
0.0988678
0.481082
0.476638
0.122413
0.115505
0.371969
0.375684
0.341973
0.358422
0.548421
0.589367
0.596856
0.576276
0.354105
0.339799
0.365188
0.367386
0.388623
0.390304
0.243449
0.299286
0.287685
0.266275
0.16563
0.188551
0.382042
0.37656
0.562285
0.556048
0.537498
0.500806
0.416046
0.406649
0.411792
0.373982
0.391724
0.364989
0.382965
0.395771
0.486534
0.497295
0.261399
0.219711
0.177815
0.205331
0.23549
0.226987
0.413403
0.367535
0.395013
0.406968
0.564826
0.558375
0.399127
0.408631
0.42668
0.425472
0.249538
0.247808
0.292736
0.289709
0.424317
0.430273
0.453253
0.451696
0.466794
0.463967
0.250626
0.305916
0.296219
0.280018
0.396846
0.379806
0.509898
0.536986
0.186663
0.178105
0.167888
0.142847
0.169374
0.145433
0.159072
0.134425
0.163389
0.169448
0.18449
0.196724
0.426742
0.419408
0.435271
0.437627
0.554741
0.554288
0.568002
0.591734
0.18012
0.197654
0.189306
0.150733
0.418219
0.409626
0.409463
0.384656
0.349254
0.318381
0.361456
0.368284
0.158611
0.161433
0.130987
0.140007
0.481385
0.46905
0.469755
0.435476
0.262758
0.278388
0.220049
0.277683
0.24311
0.273006
0.296559
0.313273
0.568845
0.603616
0.304365
0.32037
0.356481
0.350864
0.197059
0.177726
0.518243
0.520801
0.479416
0.484444
0.478907
0.514069
0.268889
0.256267
0.384699
0.378584
0.205692
0.238978
0.171854
0.175331
0.328709
0.347946
0.298271
0.365843
0.42993
0.399032
0.263453
0.219395
0.48505
0.501937
0.523207
0.518945
0.448315
0.472215
0.300659
0.32964
0.487801
0.451031
0.471709
0.480848
0.444728
0.425832
0.456029
0.460881
0.447077
0.452442
0.422053
0.437496
0.603062
0.602167
0.582505
0.580239
0.465634
0.459005
0.21248
0.197052
0.227768
0.233421
0.606052
0.605738
0.405227
0.441029
0.437782
0.395274
0.606429
0.56816
0.582184
0.615054
0.462194
0.461383
0.416078
0.39504
0.212523
0.202905
0.297972
0.298484
0.277057
0.287679
0.229168
0.213713
0.255847
0.259977
0.437244
0.441272
0.272993
0.266177
0.483948
0.517848
0.404852
0.413504
0.360248
0.388133
0.253082
0.275689
0.216634
0.226886
0.218552
0.188595
0.228127
0.225214
0.21319
0.186108
0.192298
0.215623
0.200824
0.229535
0.24391
0.236182
0.31334
0.324581
0.349717
0.349194
0.535392
0.5396
0.366728
0.375522
0.47581
0.478161
0.379212
0.405575
0.35031
0.420962
0.24719
0.241852
0.48758
0.489827
0.521289
0.519336
0.531201
0.507572
0.362654
0.327995
0.34831
0.359025
0.479814
0.470979
0.496566
0.4965
0.369051
0.313868
0.396513
0.39239
0.37646
0.366452
0.453306
0.435915
0.437189
0.41427
0.449106
0.455318
0.406488
0.423833
0.433172
0.452046
0.241552
0.232111
0.272367
0.273044
0.342845
0.344522
0.311702
0.307152
0.393083
0.380202
0.406544
0.409996
0.535134
0.4896
0.514274
0.52723
0.312378
0.303836
0.296328
0.264359
0.340974
0.306978
0.366786
0.386386
0.508397
0.516701
0.241138
0.263564
0.260365
0.235041
0.535647
0.552616
0.541467
0.491455
0.458225
0.469045
0.278374
0.288866
0.548559
0.571365
0.560716
0.514893
0.542222
0.569073
0.549996
0.538293
0.566379
0.570806
0.345165
0.32802
0.270996
0.260551
0.503575
0.524201
0.477582
0.551387
0.468951
0.457038
0.500519
0.503248
0.496466
0.451621
0.344946
0.366345
0.311535
0.362379
0.510822
0.51977
0.312606
0.258615
0.284455
0.296243
0.570898
0.549368
0.287792
0.278377
0.265091
0.286164
0.409455
0.412468
0.359844
0.337892
0.367189
0.372691
0.481767
0.50388
0.529197
0.520532
0.548301
0.549194
0.287815
0.289673
0.333095
0.325498
0.425005
0.43108
0.416188
0.420875
0.590914
0.5867
0.576788
0.538024
0.562557
0.572238
0.568732
0.565025
0.34268
0.292241
0.445323
0.512235
0.500379
0.479534
0.363448
0.353929
0.52251
0.524833
0.547747
0.553767
0.564975
0.564681
0.335007
0.309471
0.271582
0.286629
0.31394
0.308074
0.316283
0.297783
0.583497
0.588732
0.471936
0.422599
0.425855
0.455833
0.381405
0.337884
0.3681
0.382327
0.328131
0.33081
0.417571
0.437593
0.453494
0.466616
0.377831
0.412898
0.440702
0.424211
0.487428
0.467582
0.518528
0.503905
0.515753
0.480497
0.306546
0.327188
0.322567
0.290091
0.373899
0.345332
0.336438
0.33228
0.607232
0.643987
0.628054
0.590169
0.497855
0.46133
0.354455
0.364888
0.353344
0.316857
0.528906
0.574055
0.572555
0.5537
0.427263
0.388234
0.534632
0.552765
0.442045
0.462781
0.401795
0.409779
0.446277
0.457727
0.402252
0.412377
0.365132
0.385699
0.62392
0.583721
0.358747
0.343355
0.539473
0.505887
0.607888
0.614291
0.578532
0.581371
0.624205
0.612447
0.604424
0.587913
0.651051
0.642409
0.394144
0.446443
0.439038
0.428399
0.403019
0.387892
0.391421
0.347596
0.50764
0.450259
0.460253
0.483122
0.379115
0.382769
0.35426
0.372569
0.352752
0.388719
0.581929
0.565073
0.588073
0.603731
0.38861
0.402827
0.425521
0.45273
0.446252
0.406784
0.585617
0.545449
0.403591
0.377223
0.463562
0.458269
0.622127
0.635012
0.534433
0.481551
0.431544
0.437062
0.604586
0.543926
0.588168
0.607445
0.528557
0.495539
0.540109
0.547936
0.572522
0.635138
0.617161
0.595814
0.470244
0.499282
0.485561
0.447418
0.650736
0.625425
0.487227
0.469484
0.512046
0.521574
0.548574
0.524561
0.625122
0.616551
0.544393
0.554394
0.593638
0.567158
0.425804
0.411099
0.421372
0.391658
0.488014
0.446376
0.581542
0.537312
0.442918
0.474729
0.471519
0.436226
0.438334
0.477141
0.487239
0.47525
0.485954
0.488274
0.611762
0.600063
0.504292
0.492512
0.583876
0.603785
0.568276
0.559364
0.6133
0.57123
0.600039
0.602347
0.542756
0.525175
0.585049
0.562379
0.535839
0.504682
0.546403
0.579612
0.549589
0.539354
0.528541
0.526602
0.503967
0.501417
0.557375
0.59262
0.521991
0.487099
0.589726
0.544995
0.55339
0.564817
0.536972
0.538015
0.492762
0.504635
0.553057
0.543216
0.220404
0.254608
0.237009
0.246189
0.219884
0.192911
0.353578
0.346773
0.396286
0.419883
0.384744
0.391291
0.380464
0.354809
0.399953
0.441657
0.402015
0.43488
0.389422
0.401924
