# bunny_500f_2
# Number of vertices: 4002, Number of faces: 8000
# Preprocessing time: 4.1e-08
# Query time: 0.0138652
0.406011
0.3498
0.406035
0.442126
0.389353
0.37439
0.247559
0.480218
0.429924
0.300827
0.226034
0.325112
0.183095
0.35611
0.269452
0.166121
0.270224
0.233803
0.304892
0.43512
0.405511
0.523318
0.317421
0.489447
0.200739
0.445183
0.38085
0.159422
0.462763
0.434284
0.487755
0.547929
0.148448
0.379268
0.572896
0.456805
0.153949
0.356356
0.538244
0.501553
0.164119
0.157568
0.115802
0.174991
0.435948
0.510065
0.306839
0.499161
0.472356
0.385396
0.156712
0.101093
0.227141
0.486139
0.220479
0.558546
0.446301
0.255093
0.24153
0.495032
0.411076
0.428449
0.47668
0.588378
0.53293
0.35461
0.429543
0.271773
0.0976843
0.428289
0.135973
0.261316
0.406102
0.196718
0.305543
0.107839
0.23214
0.126868
0.330977
0.289814
0.170594
0.446985
0.457656
0.21051
0.304107
0.475945
0.23689
0.372171
0.487492
0.0743558
0.168248
0.393758
0.306729
0.0464058
0.307058
0.366405
0.393634
0.20094
0.124908
0.345287
0
0.202379
0.254528
0.423802
0.49149
0.0920747
0.427734
0.357455
0.11085
0.0707938
0.286526
0.411103
0.130066
0.305762
0.174932
0.162009
0.179215
0.483976
0.403885
0.266458
0.464629
0.191684
0.385541
0.425422
0.104044
0.515172
0.247036
0.0576324
0.379479
0.345931
0.441007
0.309032
0.154332
0.343891
0.128661
0.339365
0.456312
0.0609186
0.229654
0.112488
0.44892
0.291488
0.236595
0.316825
0.559455
0.155141
0.471271
0.366429
0.459584
0.350021
0.376257
0.544169
0.595416
0.493436
0.544409
0.222784
0.127877
0.552818
0.548101
0.278906
0.197781
0.302174
0.390888
0.401632
0.427291
0.370022
0.481816
0.412762
0.375347
0.433929
0.171941
0.281639
0.191144
0.239945
0.525011
0.598156
0.464951
0.337844
0.470448
0.458771
0.458863
0.206214
0.165924
0.176542
0.281191
0.247225
0.306529
0.423508
0.358693
0.300076
0.421605
0.449263
0.403071
0.216404
0.350129
0.223532
0.266371
0.406039
0.354781
0.524204
0.421563
0.391521
0.286691
0.517058
0.460353
0.498488
0.527351
0.256726
0.378
0.562711
0.269664
0.285437
0.568678
0.509157
0.55198
0.561564
0.576646
0.365135
0.317369
0.443399
0.635357
0.507204
0.339657
0.554734
0.485663
0.51689
0.382449
0.320832
0.555633
0.461378
0.330333
0.358778
0.41551
0.433867
0.598928
0.446689
0.37735
0.618838
0.596455
0.405209
0.550085
0.4518
0.60363
0.507444
0.484265
0.480496
0.543743
0.529042
0.586986
0.46017
0.528785
0.543294
0.387368
0.359692
0.375556
0.369637
0.394873
0.42606
0.413276
0.399833
0.424276
0.39905
0.41926
0.373329
0.348665
0.468368
0.438717
0.461409
0.461521
0.442593
0.455131
0.351852
0.334292
0.310366
0.327311
0.495191
0.471822
0.329467
0.488157
0.305424
0.272448
0.274097
0.416511
0.407553
0.444982
0.458982
0.239721
0.265279
0.420534
0.335919
0.217609
0.20445
0.377435
0.264201
0.238285
0.382234
0.253716
0.283789
0.298446
0.283844
0.421438
0.396189
0.209302
0.435311
0.46068
0.349287
0.170924
0.18845
0.502968
0.475715
0.217302
0.188853
0.516122
0.513299
0.250992
0.342813
0.317748
0.223808
0.255224
0.287944
0.2872
0.316084
0.192792
0.163057
0.524577
0.392539
0.410404
0.487202
0.453525
0.364081
0.191099
0.236198
0.277752
0.494266
0.494186
0.459995
0.171519
0.162204
0.342744
0.520161
0.157995
0.182563
0.445279
0.431542
0.425453
0.350504
0.530275
0.5497
0.566026
0.495455
0.257858
0.220736
0.518237
0.538168
0.274793
0.446727
0.14918
0.145908
0.42481
0.479707
0.410827
0.537382
0.437999
0.404948
0.472483
0.382606
0.366142
0.329434
0.393261
0.474355
0.471799
0.44403
0.403822
0.425688
0.514832
0.507333
0.522013
0.558286
0.575732
0.585617
0.513561
0.499252
0.311175
0.268082
0.127648
0.126999
0.131763
0.160512
0.168499
0.147573
0.181679
0.149433
0.476979
0.436757
0.132495
0.488949
0.150601
0.173755
0.351668
0.383772
0.579145
0.505141
0.254479
0.29011
0.200264
0.55754
0.534945
0.412577
0.451963
0.315618
0.130265
0.0980126
0.506141
0.46902
0.379542
0.346883
0.382359
0.413237
0.345755
0.425435
0.578197
0.18428
0.170501
0.450228
0.120846
0.123467
0.0995191
0.189088
0.21758
0.182855
0.447823
0.534037
0.160337
0.192208
0.342152
0.379748
0.418013
0.464098
0.239372
0.239916
0.213021
0.100101
0.0784432
0.0742259
0.261491
0.239259
0.148578
0.18304
0.555312
0.513056
0.464243
0.479825
0.390464
0.38929
0.141675
0.405823
0.420812
0.125312
0.0710349
0.37832
0.144552
0.161259
0.12313
0.312991
0.285655
0.273774
0.476071
0.457149
0.276989
0.304311
0.214161
0.234506
0.494868
0.180942
0.195646
0.251334
0.107273
0.100946
0.418772
0.443378
0.353618
0.383155
0.146863
0.212924
0.230128
0.245878
0.0970932
0.186036
0.225149
0.0701148
0.47491
0.343838
0.321559
0.2655
0.228054
0.253013
0.231477
0.472608
0.457478
0.297474
0.32039
0.261048
0.138897
0.114469
0.32181
0.283848
0.44056
0.44592
0.0837358
0.267263
0.462006
0.201312
0.0487082
0.447682
0.442547
0.188648
0.164575
0.450816
0.428024
0.413499
0.425126
0.436442
0.187591
0.159853
0.414416
0.12386
0.0892736
0.276072
0.0538804
0.0226547
0.0357959
0.491525
0.457643
0.189243
0.215055
0.16812
0.209918
0.446592
0.340381
0.273166
0.240094
0.395596
0.148721
0.184071
0.265059
0.295906
0.400434
0.443818
0.407997
0.428668
0.266585
0.340481
0.365292
0.375563
0.388894
0.367229
0.142937
0.40657
0.0654429
0.0959584
0.332119
0.463897
0.458532
0.312904
0.293521
0.486412
0.44344
0.392895
0.398817
0.348649
0.0427496
0.038051
0.281791
0.488693
0.374212
0.36263
0.253253
0.292697
0.454609
0.420526
0.333817
0.327895
0.326029
0.105582
0.121704
0.463826
0.387971
0.266561
0.292475
0.520939
0.516263
0.122528
0.0899905
0.489672
0.453345
0.29681
0.283734
0.129933
0.122373
0.0996086
0.171149
0.432255
0.460441
0.222943
0.211258
0.0301409
0.0580013
0.412801
0.390235
0.067471
0.0308694
0.35664
0.409439
0.3798
0.304941
0.135751
0.154701
0.169532
0.175214
0.290542
0.319934
0.447457
0.425129
0.321899
0.422616
0.0454215
0.142441
0.257471
0.27808
0.507779
0.482671
0.333958
0.0869091
0.32448
0.344038
0.134192
0.143962
0.214087
0.363693
0.362378
0.0838599
0.428891
0.43947
0.350666
0.324167
0.454036
0.330742
0.376156
0.164167
0.312807
0.471743
0.487219
0.196609
0.190346
0.224154
0.136887
0.112452
0.0794542
0.540854
0.558719
0.520201
0.322819
0.29467
0.318655
0.111013
0.0968443
0.190054
0.523669
0.34253
0.266104
0.474154
0.325152
0.539631
0.508482
0.123406
0.0931008
0.51607
0.515438
0.139033
0.158515
0.173612
0.446432
0.425808
0.210555
0.186234
0.0760664
0.485783
0.111008
0.348594
0.357648
0.564808
0.581341
0.344635
0.352022
0.381792
0.289422
0.249099
0.173584
0.370048
0.554299
0.514195
0.404324
0.38309
0.368801
0.388217
0.485531
0.237716
0.215283
0.198058
0.373305
0.399793
0.556933
0.413487
0.405321
0.26733
0.264371
0.432239
0.428318
0.456239
0.295426
0.261051
0.378846
0.515431
0.179978
0.153904
0.155345
0.144207
0.159335
0.18592
0.418922
0.423644
0.548557
0.573566
0.184798
0.165369
0.402951
0.386998
0.335002
0.352196
0.137633
0.144128
0.465487
0.44272
0.237677
0.271714
0.251967
0.301393
0.580309
0.333991
0.323877
0.179829
0.48852
0.492969
0.491162
0.255401
0.377445
0.2181
0.165622
0.309625
0.352381
0.405029
0.234957
0.503616
0.493119
0.449757
0.310538
0.452725
0.475608
0.432286
0.442236
0.425069
0.435108
0.590217
0.587625
0.451936
0.207156
0.218061
0.600528
0.417757
0.412001
0.581529
0.59329
0.456145
0.395786
0.207827
0.284691
0.288069
0.232762
0.24148
0.433233
0.267826
0.497051
0.377501
0.396653
0.258903
0.215929
0.196525
0.218172
0.191887
0.197486
0.229003
0.213028
0.331907
0.325981
0.528534
0.364586
0.468419
0.35838
0.408973
0.237168
0.496767
0.493519
0.512782
0.337174
0.35635
0.474117
0.477934
0.336563
0.381168
0.375104
0.440185
0.426233
0.439225
0.410737
0.435172
0.246465
0.248773
0.321546
0.322113
0.389094
0.397467
0.493962
0.522336
0.298941
0.279076
0.319132
0.371759
0.501924
0.244378
0.239206
0.53775
0.512503
0.463864
0.278293
0.551462
0.529035
0.545744
0.543467
0.55282
0.329775
0.259021
0.486698
0.532744
0.472725
0.474171
0.470421
0.321486
0.360476
0.504818
0.266841
0.297736
0.55912
0.274645
0.270342
0.405299
0.345874
0.359119
0.48765
0.523944
0.528135
0.311926
0.302058
0.414847
0.422754
0.58783
0.541901
0.565837
0.557556
0.314613
0.503596
0.458829
0.358109
0.530923
0.527876
0.55559
0.31643
0.29215
0.282699
0.29989
0.579386
0.443445
0.43551
0.346483
0.37469
0.324614
0.422617
0.454756
0.423395
0.395833
0.475123
0.510742
0.485236
0.308862
0.297959
0.353228
0.326823
0.618541
0.607551
0.474341
0.354093
0.329131
0.574351
0.539237
0.402421
0.538881
0.413931
0.423317
0.452855
0.377752
0.397752
0.601443
0.342347
0.517605
0.582864
0.589178
0.608033
0.590722
0.643501
0.437384
0.409595
0.387948
0.359346
0.448891
0.489504
0.359812
0.370484
0.361248
0.569165
0.590996
0.386299
0.429836
0.417746
0.560313
0.382539
0.452392
0.629382
0.504487
0.432757
0.559213
0.599029
0.512819
0.53129
0.62303
0.579267
0.480596
0.460661
0.638513
0.483822
0.498468
0.531369
0.621759
0.543772
0.57309
0.417084
0.393144
0.461095
0.55611
0.452098
0.446355
0.451019
0.473158
0.477963
0.593508
0.490535
0.577045
0.561962
0.58078
0.600027
0.527299
0.564942
0.512336
0.555212
0.53366
0.509018
0.505878
0.569548
0.496737
0.542549
0.571076
0.507687
0.513244
0.541345
0.234715
0.236522
0.202426
0.345639
0.403512
0.382617
0.362229
0.413252
0.414124
0.392388
0.373169
0.366852
0.380979
0.371678
0.381557
0.38507
0.409719
0.404554
0.419201
0.407106
0.41257
0.420193
0.393699
0.402601
0.408721
0.370118
0.358841
0.360687
0.453536
0.449775
0.464487
0.452907
0.434139
0.443612
0.437102
0.430944
0.449872
0.354641
0.341839
0.34675
0.322346
0.318026
0.329574
0.478939
0.468097
0.483908
0.339173
0.337564
0.32716
0.472313
0.47425
0.458665
0.28923
0.274535
0.290475
0.411917
0.423362
0.427799
0.458167
0.453449
0.467882
0.252562
0.270796
0.257099
0.424138
0.432784
0.434953
0.333024
0.318412
0.320959
0.227699
0.210575
0.222169
0.388957
0.403469
0.392087
0.251333
0.255144
0.268897
0.391397
0.386548
0.377971
0.268557
0.27613
0.258838
0.290934
0.29777
0.304033
0.409284
0.405657
0.419914
0.211267
0.226848
0.222861
0.447562
0.44811
0.460948
0.363808
0.364151
0.350443
0.186951
0.181138
0.197377
0.484693
0.490077
0.472731
0.202475
0.198169
0.211538
0.502672
0.501793
0.516921
0.258155
0.275302
0.26797
0.329811
0.333487
0.347074
0.239311
0.251963
0.238982
0.293226
0.307284
0.302603
0.287571
0.301988
0.299533
0.192142
0.176844
0.177024
0.520776
0.505242
0.510202
0.407118
0.40041
0.415231
0.473367
0.457613
0.469068
0.386687
0.373076
0.377995
0.208523
0.191924
0.207969
0.225874
0.23373
0.243496
0.283489
0.271534
0.264124
0.495361
0.476727
0.478703
0.167435
0.175701
0.180266
0.350349
0.338612
0.354482
0.506884
0.503057
0.525915
0.174059
0.171928
0.188963
0.43735
0.424197
0.432777
0.347311
0.329573
0.33317
0.543502
0.558952
0.54855
0.512074
0.512787
0.493191
0.240167
0.22885
0.247276
0.530638
0.549493
0.536147
0.267027
0.273389
0.282072
0.434147
0.422408
0.43358
0.145184
0.157096
0.159901
0.441002
0.426921
0.444216
0.499071
0.506577
0.488811
0.4225
0.408736
0.422432
0.522341
0.511791
0.529312
0.420933
0.412959
0.428118
0.461391
0.461031
0.47661
0.38814
0.374832
0.381846
0.355302
0.348584
0.336579
0.39903
0.383315
0.391946
0.47145
0.453782
0.455861
0.448117
0.464014
0.461277
0.413879
0.417356
0.404162
0.503158
0.493982
0.482306
0.512377
0.524546
0.535594
0.568184
0.582909
0.576519
0.506515
0.518651
0.526433
0.294202
0.27202
0.289952
0.142565
0.142373
0.127056
0.147854
0.152212
0.137615
0.164677
0.158662
0.153997
0.164594
0.161446
0.175726
0.455847
0.453242
0.473982
0.13989
0.155656
0.147762
0.518632
0.505493
0.500464
0.16201
0.166498
0.15577
0.352105
0.369221
0.367632
0.587029
0.572621
0.58056
0.547715
0.521662
0.53323
0.265531
0.281902
0.272
0.211207
0.190192
0.200764
0.54713
0.527227
0.536577
0.429761
0.444987
0.427158
0.301342
0.309583
0.322151
0.128246
0.112849
0.114243
0.488651
0.471969
0.489465
0.362768
0.363798
0.379421
0.394753
0.398687
0.408083
0.328451
0.349062
0.331888
0.403212
0.387453
0.409031
0.58446
0.575043
0.568554
0.177042
0.179532
0.17085
0.461697
0.439617
0.447635
0.121685
0.135754
0.135673
0.112542
0.128238
0.115445
0.183163
0.192703
0.183761
0.199274
0.189751
0.20979
0.439189
0.436093
0.44927
0.536067
0.521098
0.521313
0.172179
0.175602
0.188825
0.342978
0.359736
0.362863
0.435095
0.457781
0.440183
0.238924
0.22751
0.224683
0.116438
0.126864
0.111799
0.0725749
0.0851396
0.0880495
0.250507
0.240491
0.251258
0.160438
0.187467
0.168417
0.535721
0.526185
0.545021
0.480555
0.477786
0.493843
0.496884
0.471113
0.488792
0.400019
0.385864
0.399819
0.145513
0.134339
0.149499
0.401696
0.382778
0.397834
0.420368
0.425425
0.412497
0.138511
0.134693
0.146845
0.0719582
0.088657
0.0845516
0.477599
0.464182
0.491019
0.391955
0.383047
0.398728
0.157837
0.167418
0.151005
0.569848
0.579224
0.565854
0.132969
0.135613
0.143623
0.330243
0.312134
0.331319
0.280859
0.269725
0.273141
0.461069
0.450505
0.465299
0.284119
0.294914
0.298726
0.227092
0.23708
0.224645
0.489965
0.49274
0.50692
0.19713
0.203217
0.188493
0.243018
0.266543
0.25761
0.114757
0.111375
0.101462
0.41697
0.433451
0.427943
0.365276
0.378217
0.367366
0.15362
0.171928
0.164152
0.219892
0.237315
0.228379
0.223938
0.236263
0.242232
0.101068
0.111682
0.116189
0.18141
0.209597
0.210709
0.0836676
0.0834444
0.068746
0.450541
0.459143
0.465834
0.342973
0.329206
0.332966
0.265824
0.246738
0.24683
0.243756
0.241737
0.232222
0.479614
0.465216
0.473047
0.309716
0.309749
0.318908
0.240331
0.258281
0.233291
0.126011
0.130131
0.141894
0.303148
0.296767
0.316612
0.452104
0.440924
0.451824
0.0994764
0.091868
0.105768
0.264537
0.274155
0.255853
0.478591
0.467384
0.482315
0.209814
0.19592
0.213004
0.0665992
0.0760792
0.0582468
0.442895
0.426597
0.432357
0.204134
0.201218
0.191046
0.138449
0.152017
0.152589
0.456143
0.437534
0.445022
0.400088
0.396589
0.417647
0.441478
0.430262
0.448237
0.181904
0.174897
0.169713
0.428077
0.440298
0.424192
0.105382
0.10533
0.121283
0.282806
0.268611
0.285756
0.0722612
0.0607043
0.0772304
0.0232348
0.0412818
0.0321163
0.465707
0.474834
0.447618
0.202119
0.20798
0.193492
0.171696
0.188464
0.196543
0.446908
0.464797
0.462756
0.338868
0.344716
0.329488
0.264157
0.273792
0.262842
0.222685
0.233922
0.227705
0.409442
0.423861
0.411667
0.176722
0.176485
0.187854
0.165226
0.173426
0.153972
0.268958
0.280579
0.285638
0.407313
0.421636
0.429618
0.39334
0.403436
0.41778
0.263924
0.250741
0.25291
0.343274
0.35174
0.354484
0.379795
0.379177
0.371038
0.130735
0.142517
0.151551
0.397458
0.408239
0.400886
0.0806051
0.0954829
0.0814004
0.325242
0.33648
0.330345
0.45578
0.448084
0.463481
0.30305
0.299348
0.307676
0.471061
0.4573
0.441837
0.415212
0.39922
0.424847
0.392702
0.384267
0.379403
0.360126
0.342023
0.353558
0.0285242
0.0359169
0.0489364
0.0504583
0.0506928
0.0340445
0.283586
0.286971
0.275048
0.467362
0.455346
0.474245
0.384081
0.368036
0.379515
0.262514
0.274704
0.279145
0.448869
0.43666
0.431543
0.323196
0.330947
0.320028
0.344398
0.336083
0.356483
0.114257
0.110073
0.0992826
0.465547
0.455338
0.464549
0.381544
0.376481
0.393789
0.264122
0.279483
0.27844
0.521384
0.503174
0.507356
0.113817
0.097001
0.107244
0.473186
0.45486
0.470131
0.281535
0.273525
0.289491
0.126314
0.112305
0.112688
0.157406
0.149949
0.135049
0.446488
0.455464
0.440971
0.203827
0.197344
0.216819
0.043913
0.0469113
0.0307085
0.414094
0.400321
0.405446
0.0565302
0.0486918
0.0353995
0.373961
0.365053
0.38164
0.399168
0.383385
0.394701
0.280708
0.29281
0.294679
0.138241
0.145266
0.149984
0.161494
0.169001
0.164608
0.294453
0.306987
0.307303
0.420388
0.433611
0.410557
0.308493
0.320822
0.306583
0.418571
0.411648
0.426098
0.0339823
0.0355936
0.0219909
0.13172
0.138371
0.127792
0.273985
0.268537
0.2847
0.475406
0.497502
0.46342
0.327511
0.328866
0.338313
0.0769337
0.0846973
0.0908561
0.325276
0.33575
0.334127
0.129619
0.140546
0.134495
0.198922
0.199696
0.210756
0.362591
0.353253
0.353855
0.0856361
0.0731412
0.070429
0.418874
0.432264
0.424056
0.340699
0.328038
0.337343
0.421852
0.440371
0.437447
0.314877
0.326158
0.317502
0.377316
0.364992
0.362481
0.144697
0.153151
0.154231
0.305108
0.319466
0.310326
0.466251
0.478367
0.473778
0.193487
0.205403
0.208695
0.136323
0.124823
0.125264
0.0967707
0.0981099
0.0824615
0.506025
0.528478
0.517338
0.53619
0.51435
0.53905
0.30937
0.305072
0.318928
0.10384
0.0888699
0.0984223
0.178912
0.176571
0.188889
0.508752
0.506614
0.525801
0.32955
0.338821
0.349021
0.271523
0.280139
0.286302
0.469552
0.45055
0.456367
0.304622
0.311399
0.318885
0.52825
0.502798
0.514195
0.477973
0.464889
0.49834
0.107703
0.0923734
0.109036
0.499661
0.501085
0.51483
0.124382
0.117336
0.130741
0.148179
0.155312
0.164292
0.43469
0.41686
0.428353
0.204901
0.193176
0.196902
0.0591921
0.076369
0.0617077
0.479816
0.466301
0.4612
0.099887
0.0939379
0.0817395
0.338444
0.344473
0.353017
0.574389
0.562465
0.552945
0.333427
0.346661
0.338513
0.361106
0.371642
0.369915
0.275377
0.268545
0.256918
0.169705
0.179687
0.175808
0.357401
0.345446
0.35963
0.533565
0.513011
0.534434
0.390512
0.377698
0.393275
0.366492
0.379277
0.374496
0.470063
0.477311
0.46436
0.223278
0.231069
0.242756
0.192831
0.207795
0.18467
0.375725
0.386897
0.391068
0.519614
0.536171
0.54067
0.4025
0.4121
0.397438
0.243965
0.265908
0.244695
0.417848
0.429406
0.415854
0.441098
0.428127
0.441736
0.281106
0.276818
0.262181
0.360941
0.365688
0.375309
0.497916
0.514587
0.50064
0.167258
0.155627
0.169832
0.139181
0.13921
0.153448
0.138655
0.15161
0.147982
0.171933
0.178623
0.166969
0.408994
0.418938
0.411807
0.516052
0.531279
0.531215
0.559905
0.572045
0.553218
0.177127
0.159402
0.170835
0.390713
0.382839
0.39458
0.324024
0.344092
0.335123
0.124111
0.12743
0.139
0.448123
0.437024
0.453934
0.235083
0.254379
0.254115
0.277137
0.288736
0.263
0.570805
0.584689
0.571665
0.311465
0.329722
0.306583
0.161662
0.153318
0.172446
0.47197
0.473994
0.491336
0.486707
0.505143
0.488785
0.244983
0.236671
0.224231
0.359242
0.356139
0.337773
0.185646
0.209473
0.194553
0.153984
0.13957
0.151258
0.31633
0.339077
0.330386
0.392996
0.393864
0.407248
0.229019
0.221318
0.243229
0.484017
0.49621
0.478413
0.447315
0.432052
0.43628
0.290256
0.306968
0.290113
0.450813
0.461992
0.463113
0.423779
0.437562
0.430033
0.413185
0.417496
0.427048
0.576609
0.57568
0.588964
0.427313
0.438183
0.442005
0.195475
0.211371
0.20119
0.595808
0.585617
0.594376
0.41574
0.395355
0.397807
0.565893
0.566075
0.583884
0.591248
0.570318
0.574748
0.439364
0.437256
0.420461
0.379067
0.38224
0.391175
0.185803
0.193024
0.19665
0.268683
0.27215
0.282043
0.219618
0.2396
0.224241
0.591831
0.600175
0.605964
0.400826
0.418094
0.413061
0.225377
0.242992
0.248795
0.474496
0.493408
0.475758
0.36483
0.374684
0.386889
0.247925
0.226258
0.237408
0.204326
0.18775
0.198072
0.205113
0.192695
0.206756
0.17854
0.193484
0.181189
0.213638
0.220921
0.203943
0.314713
0.328166
0.309606
0.511375
0.492955
0.510063
0.344927
0.34953
0.328154
0.458317
0.446923
0.455159
0.368378
0.392159
0.383673
0.224231
0.221364
0.207693
0.481924
0.496815
0.481555
0.49295
0.486286
0.503895
0.334874
0.346361
0.345576
0.462285
0.474863
0.465285
0.320923
0.333621
0.347489
0.368112
0.365777
0.37786
0.426632
0.41818
0.405407
0.418436
0.434159
0.426148
0.4243
0.433252
0.417401
0.230311
0.248653
0.232962
0.304508
0.302046
0.320521
0.378214
0.393203
0.382795
0.494788
0.507123
0.510445
0.280054
0.268815
0.288997
0.322554
0.311702
0.329868
0.327501
0.354531
0.346193
0.496082
0.484043
0.49
0.241794
0.22926
0.231084
0.526514
0.50323
0.518253
0.44283
0.451889
0.452124
0.2629
0.24356
0.259688
0.542394
0.520752
0.532851
0.515109
0.537613
0.524404
0.533031
0.548037
0.538023
0.308868
0.315121
0.324613
0.248708
0.243802
0.235326
0.498523
0.523219
0.510111
0.450634
0.473372
0.454936
0.477421
0.454568
0.463202
0.322569
0.340024
0.340973
0.474301
0.490852
0.488229
0.271176
0.282393
0.289485
0.545737
0.544326
0.554448
0.262619
0.258782
0.247025
0.253916
0.266681
0.251682
0.397521
0.385018
0.39426
0.336434
0.351064
0.344175
0.475292
0.486017
0.473558
0.511384
0.524985
0.514499
0.288966
0.310259
0.291196
0.412795
0.413659
0.419414
0.566979
0.573449
0.553132
0.541163
0.553021
0.554585
0.533755
0.542745
0.54731
0.295895
0.302651
0.318475
0.487642
0.482326
0.464927
0.335382
0.311905
0.336591
0.522631
0.533246
0.516575
0.539026
0.524965
0.540617
0.309781
0.297102
0.291582
0.275191
0.28829
0.270594
0.293262
0.285799
0.276182
0.567336
0.554599
0.566259
0.426497
0.434152
0.45144
0.42765
0.439279
0.431123
0.344335
0.359022
0.358695
0.301412
0.312301
0.311734
0.438457
0.444949
0.428654
0.397467
0.410704
0.38608
0.449541
0.434262
0.459574
0.49904
0.487107
0.498784
0.302387
0.285986
0.291496
0.336808
0.338022
0.351729
0.311629
0.309506
0.294958
0.622578
0.602112
0.602741
0.470323
0.464436
0.481223
0.341539
0.322804
0.335839
0.554252
0.556324
0.539153
0.381527
0.378953
0.400708
0.533976
0.521526
0.524016
0.415879
0.434956
0.434182
0.369229
0.379057
0.388059
0.608017
0.588502
0.591611
0.33547
0.326105
0.317865
0.513803
0.522123
0.531274
0.57154
0.571846
0.586916
0.592995
0.587192
0.60035
0.57566
0.589525
0.578769
0.614475
0.624903
0.632643
0.421465
0.421395
0.404216
0.370061
0.355348
0.374322
0.463469
0.468824
0.482031
0.350299
0.357294
0.363673
0.361856
0.342965
0.344128
0.57056
0.582693
0.572578
0.376098
0.359585
0.371911
0.42201
0.40202
0.407959
0.554388
0.547816
0.565877
0.382776
0.370074
0.3662
0.434972
0.43649
0.419068
0.608713
0.590483
0.610232
0.514523
0.49007
0.498411
0.402599
0.419718
0.415543
0.556963
0.578111
0.577465
0.499715
0.521307
0.510454
0.611752
0.601654
0.590774
0.470948
0.45056
0.457186
0.654024
0.63459
0.643311
0.469636
0.491732
0.474717
0.518299
0.505948
0.491719
0.637456
0.626942
0.647389
0.527823
0.505286
0.521899
0.543597
0.55237
0.565631
0.401565
0.391866
0.404443
0.445333
0.448419
0.465077
0.377653
0.390207
0.382117
0.568446
0.544664
0.555916
0.448894
0.431143
0.433698
0.460159
0.451911
0.439676
0.46225
0.464059
0.446496
0.611683
0.606123
0.621083
0.471424
0.456184
0.476995
0.583939
0.567474
0.577838
0.578635
0.595375
0.592287
0.545144
0.539667
0.558966
0.570599
0.588196
0.581847
0.518512
0.5019
0.509076
0.559798
0.544628
0.548825
0.493582
0.492184
0.50634
0.579336
0.563653
0.559906
0.519328
0.508024
0.522725
0.46914
0.47306
0.490584
0.556986
0.559974
0.573349
0.48951
0.493726
0.511202
0.557206
0.549948
0.56526
0.520639
0.502646
0.525794
0.524957
0.529047
0.512077
0.240675
0.245824
0.228959
0.242356
0.231568
0.223158
0.262477
0.251866
0.248186
0.224423
0.206369
0.219698
0.185937
0.199368
0.186802
0.328299
0.334636
0.339223
0.407764
0.411017
0.400822
0.4065
0.396697
0.393621
0.356793
0.353455
0.365445
0.358067
0.368017
0.371899
0.393474
0.413923
0.393241
0.432294
0.430168
0.412533
0.420037
0.408364
0.401624
0.384994
0.369385
0.37511
0.396153
0.390079
0.380022
0.367208
0.353612
0.362163
0.399751
0.359411
0.380067
0.391404
0.435007
0.42741
0.416168
0.40011
0.433252
0.394292
0.404057
0.414873
0.414096
0.42504
0.385413
0.412768
0.364652
0.351695
0.381919
0.348093
0.479025
0.475678
0.45702
0.442529
0.434405
0.445956
0.45158
0.471503
0.461724
0.423705
0.468512
0.442035
0.34122
0.364241
0.338574
0.329084
0.338356
0.316631
0.305799
0.315715
0.498574
0.483839
0.489069
0.45716
0.315872
0.342897
0.485896
0.488458
0.306135
0.288967
0.303253
0.286679
0.258782
0.25973
0.431284
0.400113
0.395316
0.418831
0.473631
0.44609
0.440544
0.445814
0.244165
0.234096
0.246755
0.283918
0.412858
0.428298
0.322146
0.347034
0.215457
0.233654
0.200977
0.193099
0.379211
0.375708
0.282084
0.247368
0.235253
0.242757
0.369088
0.395243
0.241592
0.263397
0.274997
0.293842
0.311802
0.284779
0.276765
0.291694
0.433096
0.411558
0.40036
0.389984
0.221979
0.196822
0.475093
0.43516
0.435513
0.447083
0.336137
0.364054
0.20562
0.175916
0.167661
0.174524
0.459827
0.494832
0.508825
0.492601
0.225794
0.209041
0.193961
0.185023
0.53196
0.529438
0.500775
0.497282
0.260789
0.241459
0.361218
0.324554
0.313008
0.321554
0.224819
0.224772
0.243688
0.264056
0.29714
0.279074
0.311722
0.275919
0.301407
0.317937
0.176201
0.161076
0.209038
0.164912
0.506586
0.536351
0.424295
0.400258
0.384735
0.395505
0.482247
0.46434
0.490173
0.443764
0.369746
0.360006
0.207636
0.175058
0.253925
0.218061
0.255084
0.298362
0.477582
0.462375
0.510485
0.511646
0.474503
0.456962
0.18531
0.159029
0.154743
0.170967
0.360056
0.324877
0.545223
0.496745
0.201495
0.158472
0.156746
0.166782
0.43901
0.437633
0.453253
0.447777
0.417403
0.415751
0.334729
0.364777
0.532923
0.553414
0.527589
0.535868
0.562774
0.572405
0.475397
0.516451
0.26413
0.250685
0.231857
0.209941
0.523255
0.506777
0.512291
0.559578
0.290382
0.259005
0.446521
0.448053
0.165238
0.133321
0.131961
0.158108
0.439959
0.412657
0.47078
0.4838
0.424465
0.396401
0.54539
0.527767
0.444639
0.435442
0.416749
0.401359
0.49263
0.451215
0.37319
0.393717
0.370819
0.3599
0.317553
0.342147
0.413449
0.374888
0.462655
0.48882
0.488089
0.453835
0.430126
0.463
0.392005
0.41571
0.424621
0.430674
0.525007
0.507259
0.536368
0.491357
0.511129
0.509177
0.568135
0.580015
0.545624
0.557125
0.585842
0.588457
0.532717
0.493807
0.486366
0.512102
0.307755
0.286653
0.314826
0.248806
0.112711
0.112463
0.142382
0.142916
0.121776
0.144622
0.149005
0.141663
0.169724
0.173247
0.16227
0.153305
0.191872
0.169983
0.151755
0.148611
0.494811
0.459867
0.440693
0.432733
0.141301
0.123508
0.4824
0.494293
0.143652
0.157683
0.168868
0.175465
0.380697
0.334301
0.368698
0.38572
0.591194
0.56026
0.518749
0.493768
0.261258
0.280739
0.24862
0.29906
0.221471
0.179015
0.547532
0.563041
0.54907
0.517537
0.415024
0.417243
0.439243
0.467584
0.336017
0.294522
0.118168
0.100882
0.143063
0.0982666
0.50485
0.503305
0.483327
0.452473
0.395952
0.397841
0.365084
0.347923
0.349629
0.367657
0.421515
0.401255
0.325477
0.366234
0.431194
0.418115
0.585436
0.568302
0.162228
0.179195
0.188071
0.181489
0.472801
0.428804
0.137094
0.10735
0.109417
0.137299
0.105028
0.0985605
0.172768
0.200245
0.229906
0.207139
0.192717
0.171118
0.460875
0.436963
0.548672
0.515757
0.207747
0.157402
0.164316
0.179673
0.383157
0.325652
0.35747
0.375911
0.422567
0.446004
0.414317
0.481344
0.22147
0.207306
0.252187
0.250736
0.229487
0.217159
0.0973079
0.106161
0.0961395
0.0619249
0.0602501
0.0883391
0.262314
0.258941
0.248388
0.229344
0.158428
0.136643
0.153475
0.211329
0.559475
0.545824
0.522182
0.504529
0.467732
0.464595
0.506642
0.453659
0.407971
0.407368
0.373991
0.37308
0.156206
0.126124
0.40114
0.412481
0.414922
0.431534
0.130461
0.122297
0.0854115
0.0567447
0.389873
0.36731
0.135438
0.143278
0.152661
0.179362
0.122191
0.128354
0.332799
0.292971
0.274152
0.290863
0.283013
0.263831
0.481286
0.472705
0.474343
0.44232
0.296617
0.267881
0.289314
0.307629
0.211871
0.222285
0.217135
0.246027
0.497134
0.49174
0.173401
0.181868
0.189609
0.209167
0.225509
0.277185
0.0920225
0.0887176
0.121888
0.113123
0.435654
0.401869
0.436859
0.450669
0.358444
0.373611
0.351877
0.393589
0.157781
0.135922
0.223791
0.238948
0.205058
0.213471
0.249205
0.256622
0.0850186
0.109666
0.212471
0.157024
0.211843
0.234111
0.0547181
0.0880335
0.481341
0.468048
0.335392
0.327398
0.356095
0.314383
0.249786
0.230932
0.283862
0.227318
0.221136
0.254768
0.251685
0.241929
0.465226
0.486612
0.458852
0.451011
0.326851
0.298612
0.300691
0.313627
0.24663
0.281505
0.153888
0.12376
0.110322
0.120005
0.335631
0.312107
0.293313
0.276667
0.456933
0.454732
0.430626
0.436842
0.0939321
0.0769427
0.250957
0.285375
0.474216
0.452553
0.217977
0.185578
0.0425268
0.0599562
0.44066
0.461376
0.460428
0.424483
0.178249
0.199469
0.166103
0.16544
0.437984
0.469444
0.431597
0.418859
0.435577
0.391867
0.453889
0.437127
0.411347
0.417357
0.155383
0.192899
0.18667
0.171009
0.406992
0.419684
0.138844
0.109139
0.088817
0.0927013
0.292528
0.257707
0.0699224
0.0446108
0.0333191
0.0120576
0.0174484
0.054661
0.429832
0.48239
0.50273
0.486683
0.179605
0.199456
0.211163
0.222909
0.219919
0.147764
0.187008
0.204281
0.46423
0.429612
0.325182
0.353126
0.262855
0.282913
0.237088
0.245528
0.400963
0.393867
0.136718
0.161486
0.178259
0.192867
0.301044
0.251924
0.276855
0.290934
0.452006
0.386593
0.413043
0.433949
0.435127
0.445697
0.385013
0.414995
0.258451
0.276852
0.368879
0.334557
0.348178
0.361241
0.36975
0.362283
0.383569
0.388546
0.391397
0.377624
0.165717
0.119659
0.398705
0.416374
0.0680346
0.066346
0.0827273
0.108913
0.319958
0.344364
0.480204
0.476259
0.450805
0.442034
0.317356
0.309166
0.298247
0.291339
0.500145
0.474773
0.454421
0.432897
0.408722
0.379271
0.41057
0.393375
0.369662
0.328135
0.0653251
0.0210806
0.0199488
0.0545308
0.268711
0.294127
0.492989
0.4822
0.376322
0.391191
0.358523
0.352102
0.297954
0.24282
0.261257
0.279026
0.414944
0.467822
0.445321
0.428662
0.316947
0.323269
0.341627
0.338761
0.336089
0.316012
0.0882822
0.120216
0.126246
0.1191
0.458828
0.443541
0.405244
0.371998
0.283675
0.29406
0.250853
0.296854
0.50668
0.53475
0.534581
0.495235
0.116605
0.101496
0.127294
0.0790657
0.486275
0.468481
0.491789
0.439126
0.305194
0.299662
0.290498
0.268403
0.113574
0.0963552
0.143616
0.137348
0.110787
0.102238
0.179832
0.163336
0.427428
0.440519
0.453846
0.470049
0.235337
0.229838
0.211431
0.192369
0.0144609
0.0451829
0.0569094
0.0624086
0.398451
0.426033
0.400005
0.385667
0.0161351
0.077485
0.0610741
0.0449154
0.368456
0.348959
0.405744
0.391924
0.415388
0.368128
0.309062
0.304059
0.161856
0.12727
0.146907
0.154748
0.174163
0.165341
0.174842
0.177215
0.3145
0.278267
0.300941
0.316199
0.406422
0.434772
0.460326
0.447496
0.311065
0.333994
0.437525
0.40717
0.0477136
0.050916
0.135744
0.151304
0.293696
0.262253
0.252378
0.262724
0.450015
0.485419
0.530792
0.517929
0.343659
0.322638
0.097507
0.0741893
0.334679
0.343679
0.314758
0.346055
0.13686
0.122502
0.144697
0.15019
0.224493
0.20401
0.356031
0.371995
0.371605
0.352704
0.0693593
0.0987126
0.432313
0.416507
0.44194
0.44675
0.348072
0.334005
0.353799
0.315042
0.450786
0.460197
0.323578
0.337994
0.361657
0.390284
0.166028
0.159869
0.298652
0.327792
0.484622
0.459892
0.48323
0.490466
0.212289
0.226906
0.185044
0.182517
0.203653
0.222286
0.125497
0.111609
0.146834
0.112047
0.0665432
0.0949755
0.529545
0.547333
0.558883
0.542663
0.557614
0.493698
0.331002
0.330566
0.31575
0.301387
0.290567
0.305202
0.106274
0.11853
0.113145
0.0797262
0.204945
0.176492
0.542763
0.502812
0.3635
0.321973
0.256941
0.276403
0.462844
0.458235
0.332964
0.319753
0.527713
0.550491
0.530637
0.487975
0.125252
0.124027
0.110394
0.0761931
0.531571
0.530219
0.499916
0.502725
0.146616
0.133096
0.174021
0.182189
0.143594
0.164849
0.441956
0.453083
0.443899
0.406896
0.203625
0.190349
0.219183
0.179367
0.0637826
0.0931774
0.472316
0.471385
0.117414
0.109282
0.362893
0.366642
0.333278
0.349863
0.54174
0.582717
0.590271
0.569942
0.346693
0.331413
0.356761
0.359312
0.379613
0.381544
0.239951
0.295225
0.284131
0.262825
0.163852
0.184648
0.372949
0.367914
0.556074
0.549607
0.530904
0.494093
0.407673
0.398544
0.403165
0.36603
0.382901
0.360922
0.378223
0.390952
0.479531
0.490019
0.258021
0.216837
0.175328
0.20216
0.232153
0.22406
0.405033
0.35984
0.386833
0.398414
0.558021
0.551037
0.39027
0.403351
0.421299
0.420406
0.245495
0.244429
0.288807
0.285494
0.415642
0.421813
0.444481
0.442715
0.45764
0.45511
0.246199
0.301425
0.291011
0.275094
0.388589
0.371451
0.502629
0.530274
0.184351
0.175709
0.165315
0.140862
0.166358
0.141446
0.156646
0.129952
0.158854
0.165407
0.180183
0.192031
0.41824
0.410641
0.426801
0.42891
0.547284
0.547479
0.561099
0.585061
0.177254
0.193884
0.184853
0.146287
0.409003
0.4005
0.400866
0.376073
0.344132
0.313223
0.356272
0.363051
0.151349
0.154563
0.12491
0.134945
0.472634
0.460375
0.460969
0.427057
0.258122
0.27373
0.216415
0.274011
0.238796
0.267373
0.290923
0.309959
0.561366
0.597082
0.300906
0.316275
0.352738
0.347244
0.191927
0.170935
0.508837
0.511355
0.470434
0.475189
0.473989
0.508687
0.264479
0.252919
0.380334
0.374675
0.20269
0.235994
0.164393
0.169508
0.324317
0.343608
0.294577
0.362043
0.42078
0.389858
0.258155
0.214408
0.475929
0.493137
0.514327
0.509747
0.439637
0.463666
0.295813
0.324974
0.479245
0.442413
0.463064
0.472187
0.436139
0.417477
0.447593
0.452051
0.437492
0.442588
0.413264
0.427969
0.596775
0.595858
0.576377
0.574002
0.456822
0.449407
0.207646
0.192152
0.22282
0.228517
0.59952
0.599392
0.400742
0.436506
0.433484
0.391346
0.599001
0.561849
0.576026
0.60877
0.457457
0.456644
0.406865
0.385846
0.209141
0.200605
0.29387
0.294551
0.273341
0.283284
0.22494
0.210969
0.254479
0.256998
0.427989
0.435407
0.271349
0.263013
0.479135
0.512627
0.400343
0.409128
0.355732
0.384232
0.247992
0.270493
0.211352
0.220034
0.211181
0.181166
0.220278
0.217171
0.205308
0.178408
0.186462
0.20821
0.195527
0.222131
0.237288
0.230073
0.307855
0.320006
0.344435
0.343511
0.526025
0.530069
0.360801
0.369908
0.466909
0.469503
0.374331
0.400694
0.345619
0.416366
0.241198
0.236447
0.478923
0.480907
0.512601
0.510687
0.522686
0.499056
0.357432
0.323899
0.346032
0.355678
0.470978
0.461056
0.486617
0.486921
0.364293
0.309115
0.391078
0.387672
0.370901
0.364551
0.449062
0.431516
0.43169
0.408903
0.4432
0.44936
0.401141
0.418017
0.427124
0.445994
0.234311
0.226944
0.265921
0.265929
0.338675
0.340248
0.307643
0.30249
0.387392
0.374302
0.40039
0.403889
0.526416
0.48098
0.505622
0.518302
0.307039
0.298496
0.291114
0.2591
0.335137
0.301449
0.362512
0.381631
0.498859
0.507857
0.233353
0.25531
0.252197
0.227098
0.530413
0.547972
0.537078
0.486978
0.448622
0.463111
0.274097
0.282476
0.54005
0.563021
0.551931
0.506115
0.53334
0.560185
0.541338
0.529385
0.557386
0.561987
0.339303
0.322243
0.263023
0.253589
0.499176
0.519751
0.473318
0.547158
0.458925
0.447567
0.49574
0.493599
0.491963
0.447116
0.340915
0.362104
0.307338
0.358108
0.500715
0.509925
0.306987
0.253184
0.278557
0.290196
0.566208
0.540095
0.280111
0.270102
0.258729
0.279985
0.403653
0.406316
0.354034
0.331929
0.361187
0.36672
0.475769
0.497883
0.520348
0.510675
0.538628
0.539857
0.284676
0.286417
0.329654
0.320482
0.418877
0.425007
0.410021
0.414941
0.582011
0.582199
0.567782
0.529241
0.553706
0.563358
0.559867
0.555778
0.33918
0.288789
0.440788
0.507748
0.495499
0.474662
0.360136
0.349555
0.512437
0.518915
0.542306
0.543673
0.556543
0.554826
0.328749
0.302619
0.264823
0.278555
0.30648
0.300912
0.309361
0.291421
0.574732
0.580735
0.467148
0.417836
0.419952
0.449496
0.375344
0.332446
0.362322
0.376215
0.322596
0.323872
0.412442
0.433357
0.448391
0.460087
0.373585
0.408138
0.436435
0.41972
0.482568
0.463321
0.512559
0.498218
0.509943
0.473966
0.298865
0.318862
0.314235
0.281822
0.368667
0.338139
0.328204
0.324728
0.598659
0.637073
0.625944
0.586125
0.493634
0.457191
0.34794
0.357711
0.346052
0.3096
0.52444
0.570014
0.568232
0.549104
0.422534
0.383851
0.529296
0.546739
0.435891
0.456402
0.395667
0.403887
0.44047
0.451528
0.395602
0.406391
0.359093
0.382379
0.620527
0.580105
0.351084
0.335028
0.535028
0.501005
0.599023
0.605188
0.569666
0.571923
0.615232
0.603481
0.596471
0.578922
0.647704
0.633457
0.390375
0.441545
0.434841
0.424624
0.395055
0.380108
0.384968
0.3402
0.501793
0.44617
0.454062
0.476811
0.370864
0.374705
0.345915
0.365004
0.344502
0.380692
0.572187
0.559123
0.582719
0.59825
0.380375
0.394674
0.417386
0.444
0.437736
0.401323
0.579892
0.540078
0.396485
0.369949
0.455032
0.452247
0.616937
0.625883
0.530493
0.476966
0.425474
0.433585
0.598233
0.537644
0.581637
0.60088
0.522258
0.489215
0.533576
0.541441
0.568213
0.630941
0.614619
0.591776
0.465266
0.49492
0.482544
0.443668
0.641879
0.618341
0.480811
0.463895
0.506024
0.515282
0.544014
0.52008
0.618733
0.608059
0.538264
0.547786
0.58718
0.56064
0.41827
0.403656
0.41331
0.383648
0.482616
0.439654
0.576485
0.533686
0.435645
0.466919
0.463546
0.428412
0.430362
0.469371
0.478983
0.466587
0.477934
0.480462
0.602421
0.591519
0.497878
0.484777
0.576511
0.595155
0.560086
0.55138
0.60698
0.564618
0.594775
0.593048
0.534979
0.518938
0.575877
0.553993
0.527864
0.496714
0.538017
0.57044
0.541015
0.530734
0.520403
0.518258
0.496125
0.493236
0.550273
0.585366
0.513808
0.478236
0.581424
0.536703
0.545099
0.557032
0.528772
0.530036
0.483943
0.496876
0.545362
0.534983
0.217528
0.25173
0.232607
0.241482
0.215795
0.188787
0.349547
0.34212
0.390819
0.414006
0.379426
0.385966
0.37543
0.349916
0.3938
0.435472
0.395964
0.431438
0.383533
0.397713
