# bunny_500f_0
# Number of vertices: 252, Number of faces: 500
# Preprocessing time: 0.000405583
# Query time: 3.17553
0.411942
0.35595
0.411468
0.446891
0.395171
0.388732
0.250871
0.485852
0.442467
0.304679
0.234102
0.340348
0.183665
0.358769
0.283726
0.173737
0.283663
0.237693
0.310993
0.443587
0.41907
0.546034
0.331017
0.495609
0.212683
0.459852
0.395493
0.167207
0.488224
0.448401
0.499214
0.550782
0.159047
0.386385
0.59451
0.479446
0.169386
0.366698
0.560756
0.516987
0.161395
0.166141
0.116654
0.178562
0.443151
0.518823
0.32203
0.521575
0.486661
0.40011
0.171052
0.108089
0.242411
0.504638
0.234509
0.578682
0.468756
0.270204
0.256906
0.513831
0.429862
0.437967
0.486132
0.608626
0.553412
0.363414
0.446233
0.280151
0.112137
0.434019
0.135661
0.272784
0.419933
0.201605
0.324577
0.121962
0.236725
0.132333
0.349913
0.30763
0.18455
0.469767
0.474083
0.22557
0.309502
0.493187
0.250849
0.390574
0.498543
0.0745315
0.182759
0.411892
0.32216
0.0464442
0.321045
0.380679
0.409222
0.207445
0.127966
0.365304
0
0.205383
0.271501
0.440959
0.51729
0.0923531
0.450489
0.372578
0.11214
0.0688529
0.304946
0.430618
0.129277
0.322873
0.180326
0.161706
0.188693
0.504385
0.425453
0.269739
0.479606
0.194183
0.399646
0.439571
0.110003
0.534399
0.254035
0.0568055
0.397639
0.365495
0.463148
0.313828
0.154646
0.363791
0.129015
0.347341
0.479731
0.0600892
0.23645
0.118044
0.468865
0.300011
0.251825
0.340967
0.575296
0.160918
0.487912
0.391203
0.473535
0.355896
0.400048
0.561212
0.610266
0.51146
0.562898
0.222404
0.131523
0.567736
0.565699
0.282743
0.204497
0.316733
0.399607
0.428862
0.433519
0.374256
0.502872
0.433007
0.384054
0.455872
0.174448
0.296624
0.193254
0.243634
0.537132
0.614968
0.491343
0.348272
0.492204
0.463913
0.482312
0.20958
0.177812
0.179986
0.288966
0.255108
0.313119
0.43269
0.37049
0.312922
0.447442
0.480748
0.411626
0.229144
0.351985
0.236071
0.280144
0.418928
0.368641
0.548798
0.433038
0.405678
0.298537
0.543556
0.47018
0.529848
0.549006
0.262952
0.384574
0.567853
0.269082
0.292788
0.59296
0.517417
0.559706
0.58876
0.597413
0.371254
0.321202
0.4463
0.636063
0.510963
0.34598
0.583832
0.498346
0.519075
0.386745
0.329838
0.564296
0.46855
0.344345
0.37092
0.424987
0.438774
0.602235
0.458058
0.39105
0.645518
0.600702
0.41728
0.555198
0.456252
0.60846
0.508763
0.496734
0.491254
0.552762
0.541775
0.598504
0.474116
0.534085
0.554267
