# bunny_500f_0
# Number of vertices: 252, Number of faces: 500
# Preprocessing time: 0.00224417
# Query time: 0.0001845
0.411203
0.355082
0.4115
0.451383
0.396313
0.380666
0.250041
0.485986
0.437331
0.303631
0.233396
0.33095
0.183665
0.358557
0.279462
0.166709
0.273972
0.236296
0.309129
0.443904
0.415859
0.531833
0.326437
0.497652
0.207039
0.448895
0.385529
0.166422
0.473584
0.444961
0.494513
0.551328
0.153277
0.389256
0.583735
0.465245
0.163676
0.363257
0.550101
0.513547
0.161723
0.160181
0.116654
0.179739
0.446023
0.515207
0.312066
0.510197
0.472836
0.392127
0.160832
0.108089
0.236702
0.49926
0.229741
0.577058
0.466626
0.268568
0.246911
0.512803
0.428129
0.437908
0.488007
0.607346
0.552231
0.362677
0.445496
0.279413
0.099051
0.433281
0.135661
0.269896
0.417092
0.201605
0.314276
0.111306
0.231729
0.132333
0.337764
0.298446
0.173894
0.457455
0.468032
0.219838
0.309502
0.489126
0.240193
0.383037
0.494528
0.0745315
0.177348
0.402961
0.308335
0.0464442
0.310389
0.369688
0.395397
0.206873
0.12297
0.350136
0
0.200387
0.264042
0.431885
0.503484
0.0923531
0.442492
0.361924
0.113694
0.0688529
0.29429
0.41545
0.129277
0.315415
0.175331
0.161849
0.179035
0.49191
0.411774
0.264743
0.468615
0.194183
0.38649
0.42858
0.104883
0.521065
0.245148
0.0568055
0.39342
0.352391
0.451231
0.308887
0.156201
0.356594
0.129015
0.341086
0.462908
0.0600892
0.231455
0.114185
0.45639
0.292914
0.239322
0.327744
0.564344
0.155797
0.476239
0.37798
0.460379
0.354555
0.387228
0.545228
0.597784
0.50135
0.552789
0.224122
0.130152
0.556745
0.552727
0.282743
0.199546
0.303576
0.394391
0.409662
0.428673
0.374256
0.489772
0.419903
0.376956
0.441137
0.171124
0.28377
0.193364
0.239775
0.53078
0.606322
0.472884
0.34636
0.478019
0.463913
0.468775
0.206015
0.168562
0.176127
0.285186
0.251268
0.307228
0.429414
0.362671
0.304034
0.435411
0.46129
0.408504
0.22202
0.354661
0.228552
0.272661
0.413986
0.360084
0.536065
0.427867
0.393058
0.292472
0.525097
0.466801
0.510759
0.535024
0.258317
0.383491
0.565417
0.269296
0.293079
0.58013
0.515143
0.560579
0.570498
0.584378
0.367018
0.317343
0.45144
0.635111
0.51651
0.339706
0.567487
0.486473
0.522202
0.382886
0.325998
0.555437
0.465939
0.337194
0.364856
0.421043
0.436387
0.605363
0.448975
0.382503
0.628093
0.601776
0.411956
0.552899
0.452393
0.606956
0.505756
0.491766
0.489032
0.551091
0.541478
0.599049
0.468588
0.530978
0.548399
