# bunny_500f_1
# Number of vertices: 1002, Number of faces: 2000
# Preprocessing time: 0.00026025
# Query time: 6.3167e-05
0.417028
0.360281
0.424888
0.468688
0.415843
0.401561
0.255475
0.492277
0.458334
0.308513
0.236183
0.350291
0.185707
0.374999
0.294509
0.179259
0.292872
0.241773
0.315108
0.459015
0.440692
0.572089
0.336977
0.51384
0.221629
0.465991
0.398722
0.168309
0.516461
0.470218
0.516627
0.559953
0.167781
0.395206
0.613318
0.506173
0.170597
0.387604
0.592057
0.539034
0.168185
0.172747
0.117755
0.182627
0.452067
0.534497
0.324168
0.539555
0.500588
0.410818
0.172306
0.108736
0.243898
0.527476
0.23721
0.595675
0.479753
0.276826
0.258748
0.5292
0.444654
0.458287
0.50014
0.629598
0.573915
0.382456
0.466408
0.300306
0.115981
0.455571
0.136553
0.274303
0.427456
0.202767
0.327605
0.12217
0.242638
0.132921
0.355626
0.317764
0.185019
0.486909
0.483213
0.228157
0.312574
0.500957
0.251754
0.394938
0.519513
0.0744682
0.181393
0.427254
0.334987
0.0469852
0.322424
0.393957
0.422033
0.227526
0.133264
0.389699
0
0.210858
0.275415
0.444859
0.530098
0.0922818
0.461824
0.37462
0.114894
0.0705674
0.306223
0.455637
0.131274
0.326739
0.187448
0.166855
0.202666
0.52091
0.431905
0.274583
0.484006
0.195166
0.421223
0.452957
0.113701
0.539425
0.263286
0.057497
0.407267
0.367218
0.490363
0.318777
0.159978
0.369321
0.130186
0.356361
0.491273
0.0611267
0.244122
0.118689
0.484819
0.311565
0.262884
0.344702
0.579579
0.16228
0.501502
0.394261
0.495541
0.365371
0.409904
0.575864
0.618119
0.528543
0.580076
0.229911
0.133491
0.576159
0.572046
0.284252
0.212713
0.3374
0.410282
0.432927
0.447282
0.376216
0.505164
0.434614
0.39569
0.479142
0.177876
0.300251
0.19599
0.246763
0.55004
0.621503
0.49691
0.351452
0.516003
0.467096
0.48906
0.212981
0.189107
0.182552
0.29012
0.257612
0.327587
0.436772
0.387507
0.318045
0.453374
0.487243
0.436141
0.24367
0.366467
0.249926
0.29552
0.438774
0.367092
0.556395
0.454083
0.41013
0.311074
0.549275
0.494092
0.535812
0.570618
0.265769
0.40402
0.573227
0.279948
0.299371
0.607943
0.523251
0.595045
0.594628
0.600843
0.374933
0.324946
0.475281
0.656006
0.54609
0.360835
0.593754
0.504075
0.547689
0.390381
0.332889
0.576002
0.48406
0.360257
0.383621
0.445994
0.444534
0.631248
0.463024
0.417075
0.652519
0.620711
0.424998
0.574567
0.460147
0.622795
0.521211
0.504861
0.519418
0.583616
0.563319
0.615653
0.489612
0.539004
0.565427
0.406358
0.37827
0.386078
0.387961
0.413209
0.445708
0.440979
0.423336
0.444989
0.426374
0.43924
0.397202
0.368233
0.494323
0.464931
0.489858
0.482021
0.45445
0.475195
0.377074
0.352859
0.328242
0.337028
0.515838
0.493769
0.346196
0.508835
0.3182
0.282011
0.287224
0.436172
0.432511
0.464664
0.483048
0.252681
0.275438
0.43963
0.351136
0.224553
0.215767
0.402273
0.271752
0.246599
0.400547
0.272776
0.303038
0.322375
0.300382
0.447684
0.420004
0.214697
0.458162
0.482347
0.372052
0.179628
0.200492
0.528796
0.497262
0.232033
0.202104
0.538416
0.525206
0.266718
0.360631
0.339953
0.238998
0.274727
0.3092
0.307198
0.337505
0.201705
0.175084
0.545761
0.4108
0.43219
0.510462
0.472312
0.383203
0.204874
0.258007
0.295321
0.538632
0.543634
0.503166
0.191343
0.175148
0.356473
0.543914
0.171636
0.199273
0.495494
0.478816
0.463644
0.37566
0.581591
0.598215
0.61446
0.548453
0.278806
0.241465
0.562571
0.575507
0.292005
0.472711
0.151115
0.154509
0.466525
0.525691
0.42676
0.56881
0.48387
0.445667
0.499298
0.416055
0.391593
0.354869
0.427001
0.522879
0.508998
0.480689
0.430803
0.451679
0.559957
0.539609
0.565051
0.596529
0.616812
0.624407
0.545702
0.534221
0.33334
0.290747
0.140321
0.135797
0.142646
0.163455
0.177121
0.154714
0.202203
0.169088
0.499643
0.45922
0.145797
0.52561
0.154564
0.176436
0.375159
0.411146
0.630241
0.550041
0.281981
0.317759
0.217218
0.598322
0.568242
0.449142
0.493243
0.346591
0.142162
0.109833
0.538922
0.501423
0.411516
0.378824
0.414612
0.441595
0.370285
0.457738
0.613631
0.195235
0.18316
0.484228
0.133511
0.14007
0.110363
0.193723
0.244622
0.206842
0.476707
0.568757
0.173312
0.20531
0.364822
0.403469
0.450464
0.497586
0.250564
0.252575
0.224649
0.112266
0.0803219
0.0801195
0.27998
0.258025
0.156033
0.195767
0.589316
0.546813
0.495022
0.519812
0.418128
0.421976
0.15602
0.428607
0.452235
0.13404
0.0879841
0.400832
0.15677
0.167431
0.13004
0.341536
0.302419
0.296464
0.507905
0.487319
0.289494
0.320033
0.230995
0.254374
0.535589
0.19223
0.211508
0.259523
0.107519
0.10508
0.443835
0.472328
0.372478
0.402213
0.156966
0.22833
0.258185
0.263589
0.102421
0.196312
0.230997
0.0814706
0.504191
0.36489
0.341992
0.279202
0.241302
0.2764
0.251028
0.512176
0.493114
0.31268
0.338059
0.277767
0.150814
0.124433
0.340632
0.302335
0.471359
0.481768
0.0937253
0.296993
0.502667
0.216212
0.0578456
0.483409
0.465867
0.202964
0.177349
0.497098
0.468608
0.437448
0.460021
0.464889
0.200818
0.172649
0.445132
0.133272
0.0987335
0.291449
0.0632252
0.0226737
0.0358469
0.513493
0.479618
0.204174
0.231859
0.176415
0.2197
0.491912
0.367325
0.296854
0.257131
0.435133
0.161191
0.19918
0.283338
0.316483
0.420568
0.4647
0.429762
0.449724
0.28348
0.358149
0.384343
0.409081
0.418611
0.396812
0.14395
0.440345
0.0696551
0.100236
0.347562
0.501026
0.501955
0.339131
0.320096
0.508813
0.467891
0.420351
0.435366
0.376962
0.0428294
0.038053
0.302728
0.515874
0.418735
0.401419
0.263134
0.305017
0.497011
0.462595
0.349695
0.348869
0.364345
0.105774
0.126461
0.485539
0.407549
0.299135
0.330065
0.550242
0.538343
0.127352
0.0947517
0.532504
0.494356
0.314071
0.310217
0.134182
0.129506
0.104234
0.17606
0.473227
0.497348
0.237431
0.22595
0.0301862
0.062096
0.458302
0.431211
0.0720697
0.0309164
0.397437
0.436523
0.403486
0.333788
0.142183
0.164959
0.184761
0.188665
0.299339
0.334223
0.476684
0.461867
0.362435
0.45737
0.0550522
0.143958
0.271346
0.29284
0.532418
0.507986
0.345138
0.0953062
0.349468
0.370046
0.138085
0.148443
0.231232
0.389747
0.389025
0.085663
0.461517
0.469059
0.374949
0.345778
0.490776
0.359683
0.403193
0.169603
0.333304
0.508684
0.52485
0.210138
0.205592
0.242037
0.140981
0.11561
0.083254
0.565753
0.583445
0.540058
0.33659
0.310239
0.335263
0.12004
0.0978533
0.195039
0.560825
0.37779
0.283504
0.505252
0.343009
0.563444
0.535561
0.129682
0.0985699
0.553749
0.550606
0.148402
0.162421
0.18356
0.493772
0.461745
0.232256
0.198017
0.0869468
0.525464
0.122464
0.380592
0.386596
0.590387
0.603944
0.372408
0.370525
0.411588
0.313703
0.272146
0.184627
0.403205
0.582109
0.545763
0.431899
0.404716
0.383249
0.407843
0.517145
0.24263
0.223555
0.205516
0.401645
0.432062
0.590851
0.433696
0.428119
0.280693
0.28237
0.459753
0.457952
0.489368
0.317711
0.278515
0.402276
0.547902
0.185952
0.158458
0.162025
0.150119
0.166466
0.196478
0.459367
0.458861
0.581793
0.601573
0.192059
0.171547
0.431701
0.417841
0.355257
0.36912
0.155041
0.158269
0.493113
0.465692
0.254305
0.287622
0.270449
0.320246
0.616184
0.358308
0.329328
0.196902
0.522688
0.524914
0.521312
0.265241
0.402348
0.227999
0.185064
0.321143
0.363831
0.438602
0.243025
0.531272
0.52432
0.486367
0.328724
0.498105
0.512382
0.463545
0.483051
0.457653
0.466888
0.614994
0.610302
0.485311
0.213868
0.230379
0.624362
0.443445
0.419364
0.611639
0.616039
0.483037
0.429632
0.214597
0.299766
0.297979
0.237686
0.251681
0.466697
0.275753
0.512092
0.390056
0.406066
0.267652
0.23304
0.222798
0.247147
0.217998
0.217569
0.249244
0.221436
0.358233
0.348359
0.561107
0.38841
0.510665
0.373436
0.423985
0.247635
0.53724
0.536719
0.541786
0.360034
0.385268
0.510944
0.511576
0.355228
0.413662
0.399067
0.450639
0.455123
0.469734
0.439745
0.468272
0.261205
0.272281
0.333232
0.333925
0.420558
0.421331
0.52598
0.563042
0.307727
0.286298
0.329789
0.383608
0.535754
0.274543
0.267461
0.55432
0.522205
0.49577
0.297182
0.580595
0.553166
0.57353
0.58103
0.597489
0.343265
0.280399
0.497238
0.544493
0.504807
0.506364
0.48448
0.337327
0.37696
0.537393
0.277438
0.309102
0.585557
0.305155
0.28319
0.439551
0.364867
0.379435
0.521649
0.562103
0.56215
0.320216
0.317973
0.442479
0.45832
0.612435
0.574665
0.601059
0.591928
0.324242
0.51814
0.473373
0.366575
0.574179
0.562537
0.591457
0.341438
0.314267
0.294638
0.313991
0.615602
0.461716
0.475579
0.354215
0.393753
0.338672
0.455337
0.493934
0.435276
0.409739
0.487084
0.552746
0.525121
0.339511
0.327382
0.369319
0.349354
0.642814
0.623623
0.506997
0.38054
0.35391
0.589385
0.554072
0.421221
0.583551
0.433069
0.431327
0.468193
0.401867
0.408355
0.621824
0.37367
0.53325
0.615938
0.625174
0.645404
0.628614
0.682574
0.455774
0.420032
0.407661
0.372932
0.477027
0.517574
0.392589
0.404795
0.385252
0.613987
0.628218
0.419116
0.457847
0.438365
0.592548
0.412082
0.472983
0.665905
0.521436
0.443989
0.584694
0.62458
0.53609
0.558541
0.643295
0.599554
0.499827
0.471556
0.667146
0.492043
0.513957
0.551348
0.668611
0.559254
0.591651
0.45698
0.428721
0.487178
0.571894
0.497461
0.478902
0.470881
0.49671
0.50807
0.641865
0.534936
0.617466
0.609478
0.596038
0.624467
0.571674
0.603604
0.552335
0.591378
0.571803
0.536564
0.541903
0.582644
0.522601
0.571119
0.593012
0.533204
0.533943
0.568815
0.242741
0.251398
0.215201
0.360034
0.426833
0.400761
0.378947
0.438997
0.441334
0.415587
