# bunny_500f_1
# Number of vertices: 1002, Number of faces: 2000
# Preprocessing time: 8.4e-08
# Query time: 0.00397354
0.40659
0.350717
0.406673
0.442164
0.390031
0.375913
0.247595
0.479992
0.430467
0.300761
0.226793
0.328503
0.183178
0.356133
0.270637
0.166322
0.270804
0.233609
0.306428
0.436586
0.408026
0.525138
0.317586
0.490578
0.200969
0.444506
0.381046
0.160283
0.463269
0.436215
0.488487
0.547648
0.148722
0.379229
0.573992
0.458765
0.154514
0.356818
0.541566
0.502365
0.161988
0.159754
0.116058
0.174941
0.434312
0.505912
0.307141
0.499902
0.472386
0.385071
0.156826
0.102282
0.227718
0.489979
0.220635
0.559213
0.44831
0.255288
0.241769
0.496095
0.411953
0.428556
0.474115
0.589604
0.534105
0.355333
0.430341
0.272327
0.0980821
0.427583
0.134781
0.261471
0.406017
0.197506
0.306052
0.108216
0.232286
0.127957
0.33261
0.291694
0.170626
0.448027
0.458309
0.21158
0.305817
0.474094
0.23433
0.372923
0.48959
0.0744484
0.168525
0.395146
0.30755
0.0463751
0.304908
0.3669
0.39498
0.20119
0.124134
0.348586
0
0.204658
0.257071
0.423009
0.49294
0.0922058
0.433306
0.355697
0.110318
0.0703388
0.287275
0.414458
0.128424
0.30781
0.175965
0.160233
0.178411
0.486242
0.401316
0.268636
0.465752
0.190656
0.384895
0.425899
0.104285
0.515568
0.250237
0.0574446
0.381719
0.344116
0.441946
0.311639
0.153222
0.346256
0.128624
0.343291
0.455698
0.0607528
0.230174
0.111712
0.450723
0.293189
0.236752
0.317847
0.560363
0.155442
0.472052
0.367177
0.45914
0.351453
0.377812
0.544049
0.595526
0.49467
0.545893
0.221649
0.127404
0.553467
0.546756
0.276327
0.197661
0.301906
0.39591
0.401677
0.432152
0.368002
0.477374
0.408857
0.37868
0.433741
0.171362
0.279045
0.190921
0.237654
0.523647
0.599069
0.465853
0.33739
0.470151
0.457338
0.456615
0.205606
0.165498
0.174238
0.280341
0.247384
0.306742
0.423223
0.359377
0.297149
0.421675
0.450045
0.403446
0.217611
0.350913
0.223478
0.26696
0.40704
0.34899
0.52389
0.422689
0.38862
0.287759
0.518009
0.46112
0.499502
0.52712
0.257505
0.377153
0.559873
0.269213
0.284456
0.569602
0.507226
0.558526
0.562573
0.572311
0.366353
0.315141
0.443976
0.62863
0.507492
0.339094
0.554977
0.48267
0.515841
0.380322
0.321208
0.548736
0.460602
0.331063
0.360229
0.415447
0.434811
0.598486
0.444421
0.378422
0.619953
0.597696
0.405706
0.548526
0.449701
0.602528
0.506817
0.483524
0.48701
0.550076
0.531515
0.590792
0.462771
0.528523
0.542767
0.388304
0.360315
0.376508
0.370151
0.395352
0.426991
0.41374
0.399931
0.424307
0.400197
0.420924
0.373729
0.349617
0.46836
0.438994
0.461962
0.462231
0.442374
0.456819
0.353923
0.334934
0.311211
0.327673
0.495623
0.471334
0.329812
0.489115
0.305425
0.272124
0.275314
0.41618
0.407536
0.445621
0.460389
0.24172
0.266758
0.421438
0.337205
0.21749
0.204709
0.377479
0.264011
0.238248
0.382638
0.254764
0.284682
0.299456
0.286225
0.421929
0.396758
0.209255
0.436402
0.460841
0.34962
0.170807
0.189585
0.502773
0.474926
0.218073
0.189062
0.516402
0.512915
0.251234
0.343069
0.318143
0.225019
0.256837
0.288222
0.289251
0.317602
0.193673
0.164217
0.524255
0.393996
0.412169
0.48535
0.450158
0.365613
0.192268
0.236535
0.278084
0.495157
0.496007
0.460656
0.17174
0.162193
0.343268
0.516693
0.159123
0.183101
0.446413
0.432282
0.426042
0.352118
0.532945
0.551632
0.569129
0.498576
0.258157
0.221018
0.519037
0.538748
0.27502
0.446953
0.149413
0.145835
0.425313
0.480266
0.409228
0.537849
0.43973
0.405657
0.467761
0.383593
0.366472
0.329751
0.394813
0.476472
0.472996
0.446097
0.4047
0.429091
0.51676
0.507923
0.523072
0.559416
0.577001
0.586467
0.514586
0.500983
0.311138
0.268344
0.12865
0.127976
0.132274
0.160193
0.169124
0.14821
0.181949
0.149847
0.4669
0.430259
0.132678
0.490373
0.148919
0.172019
0.351849
0.383952
0.582059
0.506211
0.254703
0.290344
0.200404
0.559953
0.534927
0.414606
0.454109
0.316232
0.131054
0.0986564
0.507358
0.470197
0.380306
0.34765
0.383438
0.413368
0.345696
0.426563
0.579222
0.185535
0.173812
0.451207
0.120847
0.123804
0.10014
0.187893
0.217757
0.183093
0.448931
0.535173
0.16145
0.19343
0.342586
0.380092
0.418841
0.465063
0.239933
0.240591
0.214276
0.10051
0.0786579
0.0750311
0.261006
0.239025
0.149195
0.182039
0.556438
0.514122
0.466843
0.480693
0.390934
0.391629
0.142045
0.404425
0.423121
0.126042
0.0714838
0.379671
0.14536
0.162445
0.123824
0.313633
0.284344
0.274262
0.476998
0.458937
0.27835
0.30642
0.214185
0.23603
0.494501
0.181864
0.195559
0.253776
0.105773
0.101615
0.41889
0.443187
0.354151
0.38126
0.147112
0.213239
0.230434
0.246103
0.0970886
0.18596
0.225736
0.0705052
0.474774
0.345098
0.322766
0.26701
0.229388
0.255852
0.232684
0.473605
0.458982
0.299317
0.322689
0.261716
0.140038
0.114606
0.322319
0.284181
0.443698
0.450478
0.0840665
0.267611
0.461701
0.20019
0.0487561
0.447708
0.44093
0.18939
0.165845
0.453944
0.427842
0.413955
0.426535
0.437396
0.187906
0.160166
0.417754
0.124153
0.0893624
0.274025
0.054001
0.0226737
0.0358469
0.490399
0.456623
0.190175
0.215621
0.170215
0.21089
0.449122
0.341846
0.275342
0.240634
0.396096
0.149858
0.187047
0.264888
0.293928
0.402067
0.445099
0.409276
0.428772
0.266977
0.342771
0.367176
0.37714
0.392502
0.371066
0.142668
0.409884
0.0655441
0.095947
0.330003
0.46376
0.460696
0.314206
0.294895
0.48763
0.44402
0.393294
0.400506
0.350751
0.0428294
0.038053
0.283898
0.487171
0.377586
0.363052
0.254316
0.293412
0.454971
0.421169
0.335681
0.329908
0.326993
0.104633
0.121418
0.463141
0.386881
0.266513
0.292741
0.518972
0.514801
0.122274
0.0896935
0.491533
0.45476
0.297029
0.285269
0.12957
0.122671
0.0997005
0.170685
0.433699
0.462205
0.225997
0.21358
0.0301862
0.0577207
0.413566
0.39113
0.0675882
0.0309164
0.357467
0.40755
0.377638
0.307034
0.134844
0.153776
0.168805
0.175203
0.292962
0.320729
0.448026
0.427008
0.323504
0.424247
0.0451714
0.140301
0.260594
0.281244
0.508478
0.483212
0.336373
0.0870237
0.326887
0.347278
0.133464
0.143286
0.214014
0.366843
0.364804
0.0830615
0.426851
0.437967
0.347828
0.321764
0.455824
0.332541
0.373506
0.161754
0.312538
0.473634
0.489469
0.196541
0.189614
0.223313
0.136294
0.111919
0.0787128
0.540734
0.559503
0.521123
0.326819
0.300116
0.324337
0.111216
0.0967556
0.188413
0.525552
0.342263
0.268614
0.473016
0.325263
0.541209
0.509126
0.123194
0.0928125
0.518346
0.516732
0.139122
0.158499
0.173569
0.447
0.425372
0.210408
0.185848
0.0757292
0.48385
0.110629
0.349899
0.359644
0.566167
0.582332
0.345325
0.351971
0.383515
0.288282
0.248451
0.17253
0.371262
0.554546
0.514844
0.401881
0.38007
0.372135
0.391331
0.48651
0.23572
0.212098
0.1974
0.37397
0.399647
0.55915
0.419012
0.407489
0.266718
0.264423
0.429684
0.425797
0.453825
0.296061
0.262104
0.378853
0.516024
0.179383
0.153468
0.154954
0.142829
0.159309
0.185842
0.419584
0.422273
0.549554
0.573731
0.184331
0.164789
0.403627
0.388182
0.338336
0.356186
0.137905
0.143594
0.462907
0.43826
0.236833
0.271392
0.252026
0.301765
0.581742
0.332789
0.321396
0.179201
0.486596
0.490622
0.489378
0.249879
0.376429
0.218003
0.165853
0.309657
0.351339
0.406319
0.235229
0.501066
0.491278
0.447114
0.309392
0.452475
0.473119
0.433186
0.443011
0.425408
0.436296
0.590967
0.588543
0.4519
0.205515
0.217201
0.601136
0.416563
0.410413
0.582288
0.592609
0.45477
0.396945
0.207161
0.284193
0.282025
0.232617
0.240905
0.43441
0.267456
0.49578
0.377239
0.394443
0.257424
0.215338
0.196932
0.220036
0.192363
0.197751
0.22933
0.212631
0.332143
0.326965
0.52643
0.365693
0.468785
0.35699
0.407492
0.235215
0.497406
0.493083
0.508963
0.337004
0.356386
0.47492
0.479237
0.333893
0.381616
0.374985
0.43753
0.429761
0.443325
0.413949
0.436086
0.245807
0.248199
0.316952
0.317314
0.389947
0.398613
0.49487
0.523172
0.297762
0.276751
0.319007
0.366833
0.503342
0.248613
0.24033
0.536337
0.51036
0.466206
0.277647
0.547729
0.524927
0.543277
0.544405
0.552793
0.328898
0.259331
0.483902
0.530082
0.473079
0.475523
0.468831
0.321153
0.359408
0.506037
0.264768
0.295823
0.557974
0.276858
0.27012
0.406017
0.345025
0.358859
0.488098
0.524575
0.529664
0.311783
0.301496
0.415674
0.423459
0.585417
0.542841
0.566826
0.55944
0.316101
0.501709
0.45737
0.358386
0.53151
0.529188
0.556411
0.315963
0.292485
0.283092
0.300231
0.578497
0.440335
0.43635
0.344266
0.373743
0.324352
0.422413
0.455374
0.417577
0.391057
0.469323
0.510744
0.486533
0.310405
0.29858
0.353303
0.327181
0.614228
0.605142
0.474141
0.354358
0.330581
0.573505
0.536576
0.402342
0.540218
0.412978
0.421268
0.451333
0.377354
0.398932
0.594545
0.343255
0.513232
0.58392
0.589798
0.608082
0.591701
0.646712
0.437855
0.410738
0.387995
0.359798
0.448378
0.488723
0.361246
0.371004
0.36188
0.570519
0.592096
0.388695
0.431007
0.418699
0.559788
0.383551
0.452866
0.629781
0.499119
0.434454
0.558075
0.597722
0.511978
0.530191
0.621764
0.580397
0.480613
0.46132
0.640932
0.481755
0.496974
0.530802
0.629503
0.541886
0.571851
0.41943
0.393782
0.460841
0.555694
0.455523
0.448817
0.450942
0.473653
0.478486
0.599324
0.491601
0.583104
0.564382
0.578378
0.605516
0.528315
0.570507
0.519008
0.55861
0.538706
0.508975
0.509373
0.568094
0.496601
0.54325
0.570192
0.508789
0.512432
0.5414
0.236947
0.237946
0.20335
0.34896
0.405671
0.385504
0.366183
0.412471
0.413936
0.393191
