# bunny_500f_2
# Number of vertices: 4002, Number of faces: 8000
# Preprocessing time: 0.000916334
# Query time: 0.000199125
0.417863
0.361052
0.428815
0.472087
0.416655
0.400249
0.25585
0.493131
0.457101
0.309232
0.236324
0.348688
0.18604
0.37544
0.2915
0.179432
0.291293
0.242079
0.315402
0.457771
0.44017
0.569245
0.336955
0.512802
0.220149
0.467231
0.399552
0.168328
0.512405
0.466812
0.515673
0.561245
0.166346
0.395462
0.617861
0.504305
0.170266
0.386919
0.588619
0.535614
0.169139
0.171633
0.1179
0.183223
0.452376
0.536018
0.324609
0.536702
0.497485
0.411178
0.17286
0.108737
0.243557
0.524191
0.236012
0.591637
0.479172
0.277171
0.25922
0.524881
0.440466
0.454815
0.500724
0.624955
0.568858
0.378385
0.462604
0.299526
0.113676
0.452108
0.136715
0.271947
0.428191
0.203008
0.327591
0.122058
0.242467
0.132967
0.359317
0.318471
0.184923
0.483629
0.484523
0.228524
0.313172
0.501667
0.251721
0.397794
0.516151
0.0743779
0.180682
0.427055
0.331758
0.0470379
0.322426
0.392645
0.418686
0.226993
0.133039
0.385635
0
0.21072
0.277051
0.444901
0.531504
0.0921582
0.460538
0.37469
0.115305
0.0709266
0.306205
0.45166
0.131748
0.328315
0.18794
0.168222
0.202277
0.520836
0.431959
0.274898
0.489084
0.195154
0.41822
0.451687
0.11323
0.539948
0.264209
0.0576976
0.409805
0.367264
0.484095
0.319136
0.16109
0.371608
0.130478
0.3567
0.491292
0.0613513
0.242011
0.118932
0.484598
0.312077
0.258142
0.343137
0.584492
0.162779
0.500241
0.394057
0.492568
0.365883
0.408929
0.574846
0.623957
0.527643
0.579133
0.231375
0.133996
0.579526
0.573179
0.284252
0.214075
0.334262
0.411162
0.433824
0.449046
0.376222
0.505459
0.434756
0.396142
0.476003
0.178291
0.298687
0.196625
0.247398
0.550435
0.625447
0.497914
0.351825
0.512807
0.467285
0.489075
0.213721
0.189462
0.183135
0.293381
0.258071
0.325348
0.43862
0.388777
0.312984
0.453377
0.487784
0.437134
0.242313
0.370066
0.250413
0.294096
0.439984
0.366329
0.554672
0.454927
0.408588
0.3119
0.550244
0.495248
0.537569
0.568022
0.266357
0.403075
0.573467
0.280728
0.299516
0.608982
0.525193
0.594424
0.595523
0.601333
0.375482
0.325718
0.476276
0.655603
0.547186
0.361502
0.594777
0.502871
0.546717
0.391324
0.333453
0.575609
0.482997
0.358812
0.384409
0.44686
0.445046
0.630272
0.462359
0.41575
0.653436
0.621583
0.425448
0.573814
0.461186
0.628405
0.521821
0.505349
0.51996
0.584551
0.564019
0.61758
0.484906
0.540291
0.566177
0.405411
0.377322
0.386896
0.39004
0.415444
0.447944
0.441776
0.426512
0.449054
0.425185
0.438253
0.397642
0.367574
0.495538
0.465796
0.488767
0.484275
0.455267
0.474265
0.375598
0.351875
0.327266
0.337815
0.518193
0.495159
0.345418
0.507991
0.318656
0.282405
0.287445
0.437088
0.433381
0.465965
0.481906
0.253242
0.275634
0.440681
0.351364
0.224873
0.216243
0.402776
0.272529
0.247015
0.404501
0.269773
0.300397
0.320804
0.299404
0.451143
0.423343
0.215018
0.456872
0.482888
0.372155
0.180124
0.201157
0.530222
0.498764
0.231141
0.201237
0.537772
0.52623
0.265783
0.361054
0.339981
0.237521
0.273619
0.309271
0.30653
0.334968
0.20172
0.175478
0.548441
0.411821
0.430848
0.510814
0.472721
0.383037
0.203211
0.256466
0.295137
0.537224
0.540599
0.501739
0.1899
0.1742
0.356757
0.544674
0.169999
0.198937
0.493325
0.47613
0.463826
0.373144
0.579519
0.596675
0.616789
0.546534
0.278852
0.241568
0.561243
0.58008
0.292487
0.476746
0.151445
0.154692
0.465108
0.522957
0.427059
0.570215
0.482093
0.443632
0.496698
0.415472
0.39326
0.357255
0.424836
0.521053
0.505534
0.47794
0.427241
0.450458
0.556519
0.540016
0.562218
0.600549
0.611708
0.628462
0.54267
0.530808
0.333263
0.289051
0.13865
0.135797
0.14304
0.163865
0.177595
0.154813
0.202368
0.169228
0.499598
0.459169
0.144334
0.522686
0.155198
0.177953
0.375085
0.409944
0.626308
0.545641
0.28211
0.317902
0.217749
0.59443
0.564312
0.445483
0.489687
0.345858
0.145683
0.109865
0.534672
0.49716
0.407244
0.374385
0.410472
0.441972
0.370656
0.45355
0.609785
0.196262
0.183223
0.47997
0.134087
0.140201
0.110586
0.196183
0.244789
0.206314
0.475593
0.564477
0.176861
0.208852
0.365098
0.403748
0.446196
0.493233
0.247779
0.251409
0.22331
0.112352
0.0803875
0.0801492
0.279024
0.258762
0.155703
0.193567
0.584893
0.542393
0.491945
0.515143
0.414255
0.418208
0.155912
0.4282
0.451393
0.131931
0.0855901
0.400235
0.156514
0.167495
0.130086
0.336854
0.300183
0.296984
0.506928
0.483867
0.286849
0.320807
0.231754
0.254709
0.532487
0.190736
0.210313
0.259878
0.107622
0.105071
0.444074
0.471847
0.372716
0.402802
0.156247
0.228626
0.257642
0.263838
0.102358
0.19611
0.231578
0.0815331
0.503686
0.369328
0.345953
0.282796
0.244876
0.27692
0.252283
0.509344
0.489968
0.316357
0.341765
0.278616
0.150941
0.124564
0.34084
0.302565
0.467691
0.480878
0.09383
0.292186
0.499608
0.216085
0.057864
0.484733
0.466599
0.203714
0.177472
0.493044
0.465574
0.439592
0.456737
0.46151
0.201065
0.172564
0.441322
0.133224
0.0990411
0.291436
0.0632292
0.0227463
0.0358073
0.514166
0.480275
0.20428
0.231951
0.176261
0.219622
0.487232
0.365605
0.299701
0.257418
0.432069
0.161711
0.19925
0.283275
0.316406
0.424524
0.468618
0.432364
0.450297
0.283967
0.362156
0.388315
0.408419
0.416763
0.394694
0.143933
0.438781
0.0696297
0.100561
0.347639
0.502581
0.500665
0.340701
0.322975
0.509295
0.468873
0.419135
0.432696
0.373691
0.0427633
0.0380707
0.304341
0.516732
0.414685
0.398196
0.262993
0.304814
0.492593
0.458149
0.350485
0.350456
0.361051
0.106138
0.126982
0.485559
0.407582
0.295899
0.32531
0.547993
0.539329
0.127821
0.0952114
0.529051
0.490963
0.314545
0.308544
0.134523
0.129934
0.104378
0.176505
0.469486
0.497216
0.237255
0.226889
0.0301601
0.0624478
0.452451
0.426735
0.072005
0.0309129
0.392832
0.436504
0.403576
0.332358
0.143622
0.166522
0.186457
0.190226
0.299614
0.333531
0.475407
0.459272
0.357779
0.45717
0.0553109
0.145196
0.270809
0.29232
0.533285
0.509099
0.34564
0.0948306
0.35174
0.37149
0.13877
0.149433
0.230249
0.39128
0.391361
0.086118
0.461564
0.469054
0.374653
0.34568
0.48818
0.358689
0.403139
0.170907
0.333264
0.50628
0.522485
0.212175
0.2077
0.24404
0.14169
0.116043
0.0834781
0.566432
0.584285
0.54504
0.336929
0.309733
0.334779
0.119632
0.098031
0.19642
0.56068
0.374722
0.284025
0.505213
0.34349
0.563847
0.537091
0.129996
0.0987766
0.551374
0.549689
0.148132
0.162839
0.183402
0.487892
0.458788
0.233726
0.199323
0.0872598
0.523276
0.122884
0.379106
0.386698
0.591053
0.607825
0.37224
0.371451
0.411983
0.313453
0.271163
0.187933
0.401688
0.583888
0.544451
0.431802
0.404789
0.383675
0.408287
0.516092
0.242619
0.224091
0.206127
0.398428
0.428791
0.592246
0.434695
0.428834
0.282156
0.280205
0.459758
0.45801
0.489426
0.315989
0.276834
0.403179
0.546932
0.186597
0.158863
0.162557
0.150668
0.167362
0.197348
0.456298
0.45571
0.580916
0.60253
0.192802
0.172213
0.432708
0.417689
0.355698
0.368619
0.15439
0.158887
0.493107
0.465926
0.251784
0.285639
0.27371
0.323679
0.615186
0.358102
0.329344
0.197562
0.522693
0.524937
0.521343
0.265808
0.402163
0.227945
0.184457
0.321539
0.363797
0.438006
0.246178
0.531237
0.523276
0.483281
0.326807
0.494935
0.509481
0.464505
0.48025
0.458697
0.467962
0.616287
0.614251
0.486361
0.214452
0.227083
0.62871
0.443305
0.419427
0.614123
0.620575
0.482973
0.428433
0.215449
0.296573
0.298495
0.238406
0.252419
0.465895
0.276633
0.512292
0.391835
0.408986
0.26826
0.23411
0.223189
0.246491
0.217351
0.216234
0.247915
0.221949
0.356456
0.350733
0.560022
0.390736
0.507964
0.374748
0.42539
0.248158
0.536617
0.534188
0.542153
0.357791
0.383485
0.512688
0.512612
0.353629
0.414486
0.402694
0.45363
0.454318
0.470975
0.43863
0.469202
0.262022
0.273575
0.332502
0.334692
0.421772
0.423747
0.526966
0.562672
0.308526
0.286922
0.333449
0.384413
0.536783
0.273842
0.266074
0.554626
0.522465
0.497871
0.297923
0.581094
0.55353
0.573435
0.582089
0.595831
0.34434
0.279024
0.500398
0.54782
0.504737
0.507474
0.486352
0.334267
0.374042
0.538588
0.278029
0.309797
0.58611
0.304424
0.283604
0.441062
0.363677
0.380467
0.523216
0.563843
0.563136
0.321058
0.318702
0.445436
0.460187
0.612682
0.57559
0.602087
0.592881
0.324758
0.520191
0.475378
0.367344
0.574291
0.563743
0.592671
0.342189
0.312853
0.295049
0.314479
0.61649
0.460518
0.476042
0.355066
0.392619
0.339388
0.456259
0.494885
0.436187
0.408989
0.488157
0.554424
0.526392
0.338743
0.32592
0.369987
0.347947
0.643257
0.623837
0.508079
0.381239
0.354744
0.591577
0.556221
0.419975
0.583227
0.431916
0.432393
0.469107
0.402481
0.409098
0.62143
0.372914
0.534583
0.616814
0.626159
0.646394
0.629743
0.683643
0.456748
0.420551
0.408187
0.373446
0.477221
0.516564
0.391236
0.404059
0.383919
0.613773
0.629399
0.418147
0.453001
0.439144
0.591571
0.412237
0.473833
0.665888
0.520905
0.444968
0.586255
0.626074
0.535222
0.558134
0.644579
0.600798
0.500969
0.472145
0.668061
0.493265
0.515034
0.552502
0.670093
0.560486
0.597316
0.456815
0.428276
0.488158
0.572561
0.496014
0.479353
0.47134
0.497111
0.508616
0.643012
0.535896
0.618584
0.61088
0.597528
0.626165
0.572915
0.604666
0.553087
0.592273
0.57269
0.537102
0.542564
0.584164
0.522023
0.570651
0.59401
0.533743
0.534584
0.569577
0.243083
0.250194
0.214059
0.360491
0.427626
0.400434
0.379628
0.437809
0.442601
0.41657
0.390938
0.379923
0.394121
0.388043
0.401997
0.401475
0.430868
0.429764
0.445144
0.435635
0.439239
0.449541
0.415897
0.421123
0.431492
0.394251
0.378718
0.383595
0.48063
0.476962
0.491792
0.471219
0.452087
0.46604
0.456227
0.44511
0.464104
0.375848
0.363022
0.364369
0.339746
0.330372
0.342399
0.501829
0.495417
0.51146
0.356735
0.352941
0.341569
0.491675
0.498048
0.482035
0.300381
0.28588
0.304009
0.434123
0.450013
0.451064
0.479701
0.474163
0.488651
0.267865
0.286192
0.270621
0.445798
0.453375
0.457462
0.349927
0.332173
0.33688
0.237687
0.21965
0.235271
0.414861
0.429641
0.417499
0.259952
0.264451
0.277758
0.415517
0.412345
0.40129
0.285163
0.287512
0.270121
0.310378
0.313942
0.324233
0.437927
0.429837
0.445585
0.218067
0.235041
0.230581
0.470345
0.470048
0.484062
0.386977
0.387234
0.373113
0.197217
0.193962
0.211563
0.511943
0.514561
0.496728
0.215589
0.206755
0.221085
0.523137
0.516537
0.532166
0.268939
0.28617
0.283112
0.349083
0.356227
0.366633
0.256788
0.270501
0.2543
0.314293
0.328997
0.324312
0.308465
0.323877
0.316813
0.20358
0.189469
0.188461
0.539443
0.523849
0.533434
0.426774
0.418891
0.434725
0.4963
0.477713
0.490434
0.407605
0.393712
0.39726
0.21775
0.200904
0.220364
0.243177
0.248156
0.261326
0.301372
0.28994
0.281485
0.539422
0.520583
0.521338
0.182651
0.187713
0.19578
0.367737
0.353787
0.371353
0.531347
0.526976
0.550932
0.186127
0.186232
0.203274
0.484252
0.467479
0.477197
0.362681
0.343291
0.354002
0.591772
0.608061
0.59856
0.560239
0.563
0.542199
0.261075
0.248584
0.267237
0.570688
0.593786
0.580369
0.285362
0.294502
0.300453
0.468287
0.456545
0.463405
0.150822
0.165912
0.165666
0.481792
0.467073
0.487232
0.541726
0.549535
0.534775
0.443698
0.428813
0.442739
0.550053
0.539504
0.553059
0.462058
0.45324
0.471424
0.492058
0.488034
0.504891
0.419168
0.405593
0.408048
0.378466
0.376407
0.359921
0.434174
0.417336
0.428408
0.511741
0.493471
0.501737
0.484192
0.500047
0.508913
0.438531
0.438398
0.424814
0.553592
0.539877
0.532794
0.540385
0.560291
0.56373
0.608013
0.622773
0.61913
0.536052
0.551474
0.557253
0.314123
0.292131
0.312057
0.154286
0.151244
0.135563
0.159673
0.164003
0.14781
0.170455
0.166293
0.158489
0.185048
0.179839
0.194612
0.478345
0.475762
0.497587
0.147716
0.163257
0.159602
0.553589
0.54161
0.532372
0.16601
0.170623
0.159255
0.375665
0.394201
0.391921
0.633328
0.622434
0.62899
0.590636
0.563093
0.574837
0.288736
0.305116
0.299711
0.229523
0.20849
0.221528
0.57854
0.559502
0.574024
0.4655
0.480781
0.460076
0.331681
0.337404
0.352658
0.141626
0.123915
0.128345
0.516884
0.500921
0.518747
0.39047
0.39182
0.408127
0.416559
0.426711
0.431933
0.3525
0.373618
0.354527
0.431324
0.415488
0.437228
0.618883
0.608859
0.611121
0.188016
0.193475
0.184608
0.491105
0.469002
0.475756
0.13777
0.154303
0.152624
0.123604
0.139392
0.126615
0.187779
0.20503
0.191078
0.225232
0.212085
0.232564
0.462822
0.462542
0.474769
0.567027
0.551072
0.550419
0.188159
0.192227
0.204872
0.366329
0.38333
0.386607
0.464193
0.487102
0.468907
0.248237
0.238059
0.232934
0.127923
0.141042
0.126438
0.080027
0.0950155
0.0965482
0.268984
0.255649
0.264928
0.16944
0.196805
0.175714
0.565084
0.555709
0.574959
0.509367
0.50671
0.522269
0.527695
0.501537
0.518108
0.429053
0.413512
0.431387
0.161714
0.149758
0.165126
0.429438
0.409579
0.425634
0.442746
0.450796
0.437365
0.144673
0.141761
0.153247
0.0822772
0.0972361
0.0987178
0.516786
0.501882
0.529686
0.414184
0.404415
0.420097
0.170543
0.17753
0.161064
0.600101
0.610629
0.596863
0.142589
0.142847
0.154105
0.356412
0.338682
0.358907
0.301935
0.290215
0.289179
0.490231
0.478618
0.493996
0.295101
0.305647
0.310924
0.245723
0.25648
0.243112
0.522368
0.525143
0.540355
0.207419
0.216291
0.200879
0.250432
0.274077
0.266581
0.118667
0.117363
0.104899
0.442918
0.460051
0.455979
0.38608
0.399319
0.386614
0.160519
0.17904
0.173458
0.238936
0.257012
0.24544
0.25322
0.26379
0.271761
0.104185
0.118041
0.11964
0.19159
0.21992
0.221809
0.095266
0.0911063
0.0763679
0.475971
0.487787
0.491306
0.366319
0.35181
0.357375
0.284111
0.26419
0.263882
0.26611
0.264419
0.253299
0.514974
0.500224
0.505723
0.332922
0.330092
0.343418
0.256614
0.271657
0.246033
0.137509
0.140049
0.153191
0.322021
0.316864
0.336709
0.479242
0.471265
0.482168
0.109571
0.0983067
0.112512
0.283016
0.294532
0.275343
0.516194
0.503234
0.518231
0.226483
0.211617
0.228705
0.0766353
0.088551
0.0691584
0.476257
0.457015
0.467277
0.220467
0.217584
0.206043
0.151222
0.164426
0.165409
0.495679
0.476909
0.482624
0.424617
0.421642
0.442984
0.473914
0.459259
0.477281
0.199691
0.188367
0.186514
0.455117
0.466227
0.450084
0.112709
0.11614
0.132003
0.300603
0.284317
0.301528
0.0819435
0.0731299
0.0903593
0.0286328
0.0470227
0.039175
0.487649
0.497472
0.469399
0.218205
0.223166
0.208024
0.181797
0.197936
0.207059
0.490023
0.508985
0.505334
0.357958
0.3674
0.351858
0.288281
0.299375
0.287988
0.241486
0.253237
0.244968
0.44246
0.458529
0.448872
0.190612
0.190573
0.202997
0.179234
0.186641
0.167071
0.287213
0.300368
0.304429
0.435108
0.446119
0.457261
0.416084
0.423972
0.440591
0.279514
0.26626
0.270249
0.370073
0.374055
0.382185
0.410492
0.407021
0.401331
0.136451
0.153557
0.158636
0.426486
0.438034
0.427512
0.0851551
0.101106
0.0861739
0.341464
0.352824
0.351898
0.497427
0.488244
0.50827
0.334046
0.331249
0.328893
0.494443
0.479626
0.464307
0.440628
0.42406
0.449746
0.424382
0.418404
0.410527
0.385111
0.366624
0.380025
0.0325219
0.0430638
0.053932
0.0533867
0.0534987
0.0362431
0.3116
0.312478
0.300094
0.500774
0.493534
0.509078
0.423052
0.40668
0.415284
0.276681
0.284527
0.296726
0.486719
0.474579
0.469392
0.344548
0.357867
0.346688
0.379957
0.366744
0.387123
0.117565
0.115139
0.102221
0.490489
0.475698
0.496619
0.405163
0.395265
0.413206
0.29249
0.308923
0.310235
0.545579
0.526201
0.533849
0.117249
0.100395
0.112535
0.513971
0.493422
0.508652
0.299028
0.294833
0.311623
0.13195
0.117842
0.117278
0.161174
0.154699
0.138307
0.48449
0.493527
0.478277
0.219381
0.212909
0.232859
0.0471893
0.0501443
0.0334309
0.453453
0.437731
0.44255
0.0591444
0.0521626
0.0376126
0.410188
0.40288
0.419467
0.422467
0.405348
0.420199
0.304935
0.317661
0.321757
0.146322
0.154674
0.158417
0.177043
0.187422
0.178624
0.303637
0.316598
0.321534
0.452938
0.466556
0.444686
0.341945
0.356685
0.341459
0.454325
0.445253
0.461609
0.0420276
0.0425519
0.0285409
0.13634
0.144404
0.134545
0.28574
0.282545
0.296684
0.500865
0.523566
0.489484
0.343638
0.340367
0.350288
0.0834765
0.0893821
0.0978285
0.350691
0.361177
0.361053
0.13527
0.146312
0.139815
0.209261
0.213934
0.224091
0.391496
0.381752
0.381427
0.0905845
0.0781226
0.0745414
0.449273
0.464145
0.452506
0.360902
0.347468
0.35987
0.456456
0.474514
0.472196
0.342153
0.353754
0.345434
0.402486
0.388112
0.388622
0.148307
0.15913
0.158004
0.326296
0.341212
0.331325
0.501537
0.513421
0.509408
0.214892
0.224028
0.226156
0.140669
0.128857
0.129393
0.100686
0.101183
0.084929
0.528678
0.552777
0.541388
0.561704
0.539468
0.564215
0.323269
0.320826
0.333957
0.109233
0.0942352
0.106975
0.195929
0.189586
0.202031
0.547209
0.545294
0.556285
0.364303
0.374995
0.383774
0.288423
0.29753
0.30079
0.496005
0.476613
0.486846
0.320624
0.329484
0.335281
0.552256
0.526409
0.537684
0.506274
0.492267
0.525871
0.115014
0.0977236
0.11391
0.534963
0.536351
0.550132
0.133091
0.126716
0.140282
0.155006
0.164891
0.171952
0.473636
0.455585
0.469043
0.214087
0.198001
0.215755
0.07011
0.0857533
0.0696632
0.514414
0.508376
0.504548
0.108571
0.105307
0.0903599
0.367467
0.37283
0.383249
0.600607
0.587641
0.578358
0.35669
0.369993
0.356875
0.389463
0.400703
0.399645
0.30302
0.292035
0.282791
0.181522
0.196563
0.184447
0.386486
0.374462
0.390796
0.563572
0.542539
0.563422
0.417853
0.403646
0.419244
0.386455
0.396244
0.398767
0.503603
0.511369
0.498564
0.23724
0.250733
0.257484
0.199622
0.215406
0.191051
0.399632
0.414154
0.415594
0.555326
0.571476
0.576406
0.420135
0.430301
0.419275
0.262392
0.281881
0.258985
0.445328
0.456871
0.443281
0.474577
0.459984
0.473852
0.299004
0.294847
0.27811
0.382022
0.387422
0.400376
0.528341
0.545431
0.532001
0.173502
0.160376
0.175724
0.146329
0.14465
0.159446
0.144127
0.157623
0.154025
0.18192
0.19259
0.178385
0.443617
0.455312
0.442447
0.548698
0.562876
0.564084
0.587249
0.599438
0.57942
0.185566
0.167471
0.17814
0.417841
0.409977
0.423382
0.342425
0.362515
0.351419
0.138374
0.140487
0.156271
0.475718
0.463426
0.480611
0.245098
0.264394
0.26892
0.299422
0.307171
0.28193
0.606166
0.613667
0.598645
0.335551
0.344305
0.321104
0.178229
0.163496
0.183638
0.505629
0.506481
0.524146
0.522625
0.53945
0.521828
0.258725
0.246829
0.235965
0.387894
0.380451
0.366252
0.195424
0.219392
0.204357
0.167298
0.152721
0.169279
0.324982
0.347619
0.341383
0.42487
0.424493
0.438222
0.25087
0.238092
0.258444
0.511637
0.523902
0.505976
0.474845
0.458969
0.469391
0.303259
0.321426
0.305822
0.490128
0.501308
0.496649
0.459295
0.473077
0.468046
0.445566
0.449261
0.461472
0.602554
0.601693
0.615196
0.459584
0.472348
0.474526
0.202784
0.219013
0.212185
0.623581
0.612211
0.621995
0.432169
0.411188
0.422968
0.599759
0.598637
0.617807
0.620149
0.600134
0.603638
0.468682
0.463294
0.449655
0.409949
0.414731
0.422612
0.192283
0.19969
0.204875
0.27795
0.282559
0.291957
0.226239
0.247855
0.23498
0.618582
0.626858
0.632746
0.433981
0.451249
0.445723
0.233477
0.253145
0.256664
0.502547
0.515924
0.495768
0.378112
0.386543
0.400577
0.257723
0.235928
0.246255
0.227378
0.210662
0.215974
0.232414
0.219884
0.234961
0.201355
0.216234
0.200182
0.232355
0.234871
0.217515
0.337513
0.353869
0.33276
0.5433
0.524461
0.541135
0.370629
0.37243
0.350843
0.498553
0.4868
0.493524
0.383448
0.407358
0.400055
0.234546
0.231039
0.217055
0.521687
0.538104
0.522829
0.522641
0.522098
0.537556
0.35724
0.369666
0.371459
0.498856
0.511533
0.499864
0.338712
0.349986
0.365283
0.398801
0.394266
0.409718
0.437332
0.431084
0.415478
0.443412
0.462264
0.451125
0.454643
0.463763
0.445389
0.244431
0.267246
0.253265
0.315356
0.31417
0.331947
0.407848
0.423066
0.409011
0.532261
0.544698
0.550419
0.28944
0.277456
0.297638
0.345239
0.3282
0.348012
0.3432
0.370252
0.358846
0.528986
0.516942
0.524768
0.270253
0.257095
0.260051
0.540361
0.516459
0.534785
0.471804
0.485885
0.483236
0.280051
0.256099
0.273765
0.568556
0.546892
0.562233
0.542226
0.564844
0.552044
0.573305
0.589858
0.580528
0.319942
0.326231
0.338363
0.272244
0.263222
0.258258
0.509964
0.535268
0.524119
0.48122
0.50396
0.488207
0.492738
0.469732
0.476899
0.335301
0.352988
0.35384
0.511027
0.524229
0.525082
0.280974
0.293834
0.299479
0.565898
0.575601
0.571335
0.292281
0.28847
0.276491
0.265849
0.278943
0.26287
0.432729
0.418835
0.429356
0.352691
0.371534
0.362651
0.510901
0.522496
0.506211
0.548612
0.562415
0.549437
0.298058
0.31985
0.298356
0.447709
0.449529
0.455204
0.59474
0.597124
0.581007
0.577185
0.588472
0.591895
0.566677
0.577833
0.580233
0.309142
0.315356
0.331905
0.503716
0.498898
0.480853
0.344539
0.323278
0.347972
0.554839
0.567211
0.551302
0.578072
0.563493
0.577279
0.33315
0.320729
0.311689
0.295631
0.304517
0.286478
0.307048
0.300098
0.289413
0.598698
0.589582
0.604443
0.444293
0.450629
0.469246
0.466435
0.476182
0.466814
0.357414
0.372212
0.376604
0.315885
0.326944
0.324944
0.476221
0.487574
0.467593
0.410178
0.422988
0.397937
0.462337
0.449997
0.475359
0.543614
0.530808
0.540368
0.33154
0.315064
0.321325
0.346899
0.353838
0.361912
0.33627
0.330393
0.319451
0.640267
0.617409
0.630037
0.511299
0.501726
0.518661
0.366909
0.347992
0.362475
0.57162
0.573335
0.55622
0.397425
0.394249
0.417615
0.58251
0.568825
0.567882
0.429364
0.449257
0.45123
0.385405
0.388884
0.40587
0.629091
0.60951
0.609403
0.365352
0.356165
0.347658
0.532456
0.538922
0.55091
0.605307
0.608327
0.620925
0.630264
0.630322
0.644164
0.610594
0.624827
0.615861
0.644292
0.664592
0.663159
0.440755
0.438302
0.420671
0.388647
0.371848
0.391586
0.493276
0.495758
0.510351
0.381235
0.388999
0.396635
0.379636
0.359891
0.365665
0.609026
0.62746
0.610062
0.402398
0.386804
0.403294
0.443826
0.423362
0.428833
0.598735
0.584468
0.602592
0.412058
0.398026
0.39388
0.456382
0.451361
0.433555
0.645967
0.63039
0.650735
0.52929
0.503219
0.512628
0.414039
0.431197
0.427709
0.584802
0.605153
0.605311
0.525281
0.547091
0.537627
0.636071
0.623187
0.61501
0.485687
0.465258
0.477297
0.67475
0.652805
0.665179
0.482345
0.504466
0.49128
0.541695
0.526605
0.514554
0.665911
0.671308
0.681831
0.546653
0.523804
0.538525
0.570632
0.578264
0.591707
0.436604
0.428712
0.440449
0.465263
0.462074
0.482477
0.409357
0.423516
0.417122
0.584215
0.56021
0.577388
0.489427
0.466721
0.474052
0.483185
0.475448
0.461384
0.493816
0.490056
0.472892
0.649096
0.656412
0.64818
0.516981
0.493618
0.512196
0.630322
0.614493
0.629631
0.597819
0.612154
0.611621
0.591728
0.57294
0.594219
0.609807
0.627411
0.621729
0.563549
0.546937
0.554499
0.599657
0.583694
0.588323
0.523312
0.526354
0.539594
0.592131
0.580396
0.572681
0.557646
0.546727
0.561884
0.48725
0.49653
0.510491
0.58139
0.586449
0.60062
0.514293
0.516596
0.534555
0.583652
0.582516
0.596979
0.547291
0.529576
0.553608
0.55319
0.553449
0.536445
0.254951
0.257075
0.240164
0.251183
0.241272
0.231961
0.278807
0.267093
0.262342
0.239026
0.220217
0.23241
0.201004
0.209087
0.196392
0.34105
0.349416
0.352069
0.435081
0.437703
0.424845
0.432098
0.41823
0.414746
0.371644
0.369946
0.381974
0.374216
0.384721
0.388473
0.411429
0.435129
0.415055
0.458893
0.459158
0.43967
0.448044
0.436214
0.428785
0.408335
0.390997
0.398108
0.409587
0.401542
0.401901
0.388749
0.36668
0.373502
0.416532
0.375725
0.404837
0.416175
0.461631
0.456723
0.43355
0.427897
0.460275
0.421982
0.428824
0.438476
0.440868
0.448242
0.411278
0.426651
0.386465
0.372611
0.408109
0.364114
0.506448
0.503406
0.480811
0.466297
0.46159
0.473139
0.478628
0.490008
0.474602
0.436033
0.482754
0.465257
0.354236
0.388517
0.362308
0.350201
0.349357
0.337453
0.317306
0.325348
0.522221
0.504739
0.507642
0.484226
0.328877
0.361846
0.500297
0.512818
0.322896
0.304738
0.31396
0.295949
0.268598
0.270103
0.453019
0.419345
0.416677
0.445647
0.496743
0.46999
0.461209
0.468565
0.254348
0.249386
0.257046
0.294359
0.433966
0.448655
0.335364
0.364353
0.229974
0.241718
0.20657
0.200622
0.400572
0.401501
0.290422
0.25568
0.243529
0.251721
0.390301
0.41791
0.252532
0.283277
0.295019
0.305235
0.334873
0.306419
0.295538
0.302717
0.45948
0.44502
0.432553
0.412882
0.229087
0.201064
0.498557
0.457527
0.455943
0.466067
0.358799
0.383615
0.21751
0.182221
0.179291
0.187453
0.482001
0.522397
0.533806
0.517044
0.236143
0.225766
0.210027
0.192848
0.548237
0.542429
0.526182
0.510196
0.279071
0.252149
0.379495
0.342549
0.331824
0.343871
0.234901
0.240536
0.26103
0.283564
0.315653
0.299624
0.323824
0.295615
0.320592
0.339618
0.185124
0.172394
0.218229
0.177792
0.530215
0.555212
0.445747
0.421179
0.402455
0.414926
0.504828
0.485521
0.514013
0.461567
0.387466
0.379426
0.222024
0.18402
0.274582
0.237913
0.271892
0.316554
0.523544
0.507549
0.554644
0.557748
0.521401
0.50064
0.204192
0.177069
0.169934
0.17872
0.375453
0.337281
0.569771
0.521226
0.217883
0.167427
0.171015
0.183121
0.47393
0.470223
0.50176
0.494425
0.457828
0.453371
0.356632
0.381558
0.583861
0.604813
0.575002
0.582289
0.610458
0.622609
0.525249
0.568135
0.284335
0.269005
0.250173
0.229438
0.567433
0.544858
0.552292
0.60318
0.308086
0.276699
0.472907
0.480935
0.167841
0.135465
0.137503
0.169682
0.483616
0.450449
0.520518
0.520371
0.440775
0.412596
0.565891
0.553668
0.491805
0.473928
0.453632
0.439101
0.518365
0.473877
0.395567
0.427923
0.402378
0.390509
0.340802
0.37269
0.445582
0.406219
0.512072
0.529318
0.522112
0.487024
0.46087
0.499005
0.412259
0.441248
0.451339
0.451853
0.571685
0.544082
0.575551
0.519351
0.547175
0.548113
0.611997
0.624343
0.585311
0.593098
0.621935
0.628411
0.56458
0.520814
0.514341
0.541783
0.331134
0.30842
0.335329
0.269328
0.120592
0.120836
0.156184
0.151821
0.13065
0.155789
0.150689
0.145678
0.175494
0.180771
0.173449
0.16393
0.211108
0.188261
0.169866
0.166381
0.519492
0.485418
0.466172
0.454341
0.156184
0.131497
0.512269
0.530803
0.147345
0.162508
0.173346
0.181293
0.399606
0.35598
0.39383
0.411946
0.626413
0.607385
0.558024
0.533577
0.290935
0.310702
0.271796
0.322274
0.239127
0.19602
0.590401
0.595942
0.581187
0.547151
0.444485
0.451791
0.475561
0.505626
0.36655
0.32396
0.133135
0.114844
0.158142
0.105928
0.534354
0.532809
0.512735
0.481133
0.424763
0.426919
0.39138
0.374197
0.377564
0.395592
0.446444
0.428221
0.349814
0.391474
0.459619
0.447437
0.618256
0.600392
0.175933
0.187327
0.203826
0.191706
0.502646
0.458344
0.152093
0.121207
0.127036
0.153688
0.113629
0.108879
0.178229
0.216951
0.253007
0.235598
0.217853
0.191561
0.48835
0.464458
0.580175
0.545714
0.223834
0.173201
0.179987
0.195345
0.40723
0.347868
0.381659
0.400659
0.451463
0.475736
0.443161
0.510776
0.228884
0.21472
0.261777
0.261191
0.242904
0.23032
0.113241
0.113822
0.0980885
0.0636728
0.0644826
0.095322
0.274649
0.279389
0.2686
0.246312
0.164862
0.14496
0.163569
0.224238
0.590332
0.576754
0.553111
0.533963
0.494157
0.495088
0.542393
0.488266
0.439029
0.431185
0.397766
0.399304
0.170447
0.140356
0.424553
0.439604
0.436291
0.463738
0.134966
0.13054
0.101163
0.0672538
0.412079
0.388643
0.144987
0.149515
0.165894
0.185637
0.130296
0.132327
0.356574
0.317481
0.285068
0.31418
0.308283
0.286214
0.510844
0.499536
0.504444
0.468951
0.324135
0.27803
0.297204
0.315902
0.229305
0.241496
0.234351
0.267178
0.533132
0.529385
0.184849
0.195235
0.196989
0.224517
0.233598
0.28573
0.0923619
0.0909565
0.1223
0.118587
0.461001
0.426543
0.462888
0.477799
0.381187
0.396354
0.37207
0.414861
0.168957
0.142773
0.239863
0.257085
0.223241
0.240444
0.277001
0.276664
0.0880964
0.116868
0.218761
0.166941
0.221928
0.242201
0.0622576
0.10156
0.506985
0.495445
0.361344
0.35318
0.381032
0.336967
0.265492
0.246639
0.303084
0.24378
0.240764
0.27776
0.275581
0.263622
0.494318
0.523676
0.495495
0.486016
0.35294
0.319852
0.31668
0.329828
0.26312
0.294887
0.166038
0.136493
0.122622
0.126856
0.355728
0.333784
0.31432
0.296764
0.492007
0.480667
0.460868
0.471257
0.106813
0.0830741
0.274672
0.310765
0.513862
0.488377
0.232808
0.20014
0.0500663
0.0660859
0.477644
0.49298
0.485429
0.447562
0.191934
0.215834
0.179145
0.178381
0.473591
0.51215
0.47318
0.458131
0.461822
0.417952
0.47897
0.471433
0.439931
0.442425
0.169998
0.210784
0.194878
0.179212
0.432826
0.449732
0.15131
0.113579
0.0942277
0.105831
0.307892
0.273005
0.0751532
0.0537448
0.0336547
0.0120576
0.0174484
0.0546746
0.45157
0.504494
0.52667
0.51048
0.193283
0.216126
0.229115
0.23833
0.230438
0.155895
0.195167
0.213074
0.504459
0.470817
0.349139
0.379091
0.287476
0.31071
0.252508
0.265157
0.440226
0.425161
0.149269
0.174493
0.192685
0.205796
0.320031
0.268885
0.29593
0.311459
0.480055
0.414224
0.432908
0.454127
0.459499
0.468664
0.409293
0.436593
0.278769
0.292451
0.396213
0.360708
0.365155
0.379193
0.399624
0.390449
0.416726
0.419324
0.416642
0.402851
0.167782
0.120034
0.430537
0.449178
0.0710747
0.0693805
0.0855797
0.11551
0.335332
0.360485
0.51685
0.52038
0.487985
0.479793
0.329857
0.335545
0.324217
0.321294
0.524298
0.497998
0.479328
0.458949
0.434969
0.405511
0.442075
0.427783
0.394711
0.353174
0.0653622
0.0210806
0.0199488
0.0545917
0.29126
0.316677
0.52433
0.508709
0.406987
0.431742
0.398899
0.390709
0.31286
0.253381
0.270119
0.287979
0.452792
0.50132
0.486292
0.469168
0.339507
0.334901
0.358632
0.361321
0.374312
0.346885
0.0885563
0.121237
0.129611
0.126451
0.502426
0.465048
0.425733
0.390491
0.314974
0.327853
0.276901
0.32666
0.539274
0.559524
0.558881
0.517343
0.122252
0.106987
0.130822
0.0824591
0.524682
0.506614
0.534027
0.475705
0.327881
0.325641
0.306166
0.291703
0.116703
0.0993117
0.149252
0.144987
0.118483
0.109211
0.184797
0.169127
0.463661
0.477634
0.490173
0.506896
0.251776
0.24606
0.222624
0.207201
0.0144609
0.0452293
0.0598206
0.0657835
0.43629
0.467753
0.438186
0.421154
0.0161351
0.0801417
0.0657439
0.0450873
0.403274
0.386745
0.434191
0.418123
0.43985
0.388907
0.337153
0.329766
0.170962
0.135304
0.154914
0.166378
0.183719
0.178289
0.195063
0.197266
0.329617
0.287104
0.310298
0.32695
0.440861
0.462039
0.488785
0.480631
0.345669
0.371341
0.472707
0.441074
0.0560352
0.0563166
0.137766
0.155399
0.305902
0.273321
0.268374
0.279325
0.476407
0.510427
0.556859
0.544394
0.355356
0.334085
0.106401
0.0794216
0.362288
0.371622
0.340825
0.3715
0.140443
0.126974
0.149788
0.156617
0.243412
0.215234
0.379267
0.401212
0.401181
0.381053
0.0705841
0.102106
0.457703
0.447179
0.475961
0.479753
0.372884
0.356436
0.37402
0.334173
0.485599
0.49348
0.351677
0.365589
0.387517
0.416762
0.170088
0.16809
0.318724
0.348677
0.520302
0.494735
0.518089
0.525685
0.222825
0.239181
0.205108
0.202738
0.217578
0.238018
0.130726
0.116455
0.152155
0.115931
0.0686655
0.10038
0.554661
0.57306
0.584049
0.567639
0.583864
0.518348
0.346992
0.346338
0.327646
0.314151
0.308679
0.32358
0.115646
0.123958
0.114494
0.0807631
0.211966
0.182712
0.56849
0.539752
0.395817
0.354159
0.274362
0.295355
0.496766
0.502425
0.349495
0.342891
0.552565
0.574932
0.558368
0.517045
0.129408
0.131958
0.116506
0.0803457
0.566915
0.564645
0.5356
0.536933
0.156338
0.138984
0.179212
0.190206
0.146587
0.174616
0.485082
0.492345
0.476879
0.439848
0.22266
0.209577
0.233064
0.183481
0.072138
0.103432
0.508123
0.506649
0.126139
0.120899
0.394756
0.397784
0.36176
0.377653
0.56733
0.609881
0.617666
0.5952
0.364036
0.358904
0.384373
0.383246
0.411267
0.411418
0.262896
0.323598
0.298645
0.277425
0.174028
0.20112
0.405589
0.397063
0.58429
0.580014
0.56155
0.523765
0.433643
0.420321
0.430341
0.387641
0.409788
0.373817
0.394997
0.408078
0.509118
0.522192
0.263258
0.221213
0.183047
0.2101
0.240853
0.232809
0.430182
0.382485
0.415895
0.430963
0.583111
0.586381
0.419348
0.424051
0.442567
0.438757
0.259512
0.255661
0.305986
0.303051
0.444814
0.447903
0.471948
0.47269
0.489503
0.489465
0.260266
0.321108
0.311787
0.293251
0.417493
0.396763
0.535275
0.561165
0.190662
0.181987
0.171106
0.144669
0.172455
0.149414
0.164475
0.136407
0.165371
0.172202
0.187344
0.206403
0.444228
0.445782
0.466165
0.467208
0.580925
0.578707
0.588038
0.614661
0.183697
0.202924
0.192204
0.152613
0.43905
0.431911
0.431376
0.40549
0.360159
0.333887
0.376969
0.381574
0.171659
0.174215
0.137518
0.144146
0.499446
0.483953
0.488451
0.44963
0.274751
0.290802
0.226367
0.284027
0.256202
0.283293
0.306846
0.328052
0.596199
0.626888
0.306253
0.344739
0.367563
0.353
0.203527
0.192804
0.542199
0.543669
0.505453
0.506726
0.504616
0.534881
0.278904
0.261679
0.409303
0.389942
0.210759
0.246289
0.186703
0.182865
0.337611
0.356514
0.304065
0.371038
0.4478
0.422797
0.270266
0.228099
0.506413
0.520074
0.5421
0.539888
0.478816
0.491326
0.313535
0.339967
0.507115
0.484531
0.505364
0.511699
0.475972
0.449681
0.479961
0.487793
0.473472
0.478784
0.445209
0.458517
0.623172
0.623027
0.602627
0.599523
0.489614
0.485883
0.220043
0.199357
0.230121
0.236777
0.627639
0.627047
0.429876
0.453541
0.441534
0.398116
0.633038
0.59259
0.603152
0.636602
0.487062
0.474769
0.438448
0.418943
0.219379
0.206926
0.306179
0.304577
0.285662
0.297913
0.234504
0.216467
0.260901
0.268873
0.459631
0.458412
0.278421
0.274275
0.491268
0.531831
0.41502
0.423317
0.369834
0.393725
0.256449
0.280601
0.223128
0.243281
0.238051
0.206834
0.2489
0.244197
0.230798
0.203639
0.199832
0.2308
0.203508
0.244722
0.251808
0.23995
0.33006
0.34122
0.372257
0.3712
0.556942
0.562426
0.389784
0.392833
0.503922
0.51064
0.392125
0.418488
0.360648
0.431747
0.252378
0.246035
0.520753
0.518309
0.553937
0.551287
0.556354
0.524891
0.386814
0.343709
0.366219
0.38012
0.503866
0.499577
0.525365
0.523741
0.381359
0.326177
0.4251
0.42031
0.402706
0.386393
0.460216
0.446256
0.458888
0.433677
0.473788
0.482891
0.425852
0.448354
0.460767
0.4805
0.25977
0.237763
0.285313
0.290624
0.349951
0.351897
0.318212
0.318054
0.41043
0.405925
0.433825
0.433754
0.568005
0.513973
0.538666
0.555963
0.316081
0.306348
0.30124
0.266831
0.352334
0.313997
0.374161
0.397352
0.535872
0.540761
0.262392
0.284161
0.279601
0.25339
0.550529
0.562003
0.54753
0.496294
0.481142
0.498651
0.290016
0.304284
0.573897
0.589389
0.576442
0.530426
0.561114
0.587457
0.582599
0.566143
0.597055
0.604663
0.356689
0.333849
0.287077
0.268862
0.514501
0.535801
0.484494
0.560111
0.495649
0.479454
0.527858
0.524289
0.507998
0.462706
0.35435
0.376234
0.320036
0.371645
0.537951
0.541051
0.317044
0.262773
0.290829
0.303023
0.580411
0.570741
0.309886
0.299109
0.270953
0.293841
0.438891
0.441168
0.374202
0.344984
0.383282
0.390154
0.51067
0.535311
0.553256
0.550178
0.578882
0.57749
0.298102
0.297789
0.342026
0.340131
0.449652
0.459086
0.441443
0.450837
0.609306
0.5948
0.60601
0.562678
0.587576
0.598096
0.592848
0.593343
0.349329
0.298864
0.456427
0.523874
0.513453
0.492481
0.371567
0.364101
0.55033
0.562152
0.585106
0.579356
0.592876
0.594334
0.354247
0.327134
0.276544
0.302896
0.322864
0.313528
0.323226
0.30589
0.617482
0.61002
0.484254
0.434908
0.457263
0.488002
0.397448
0.340797
0.371197
0.389544
0.332682
0.338228
0.447275
0.466934
0.484811
0.502785
0.385768
0.42387
0.449079
0.434032
0.498707
0.475971
0.551283
0.53572
0.55369
0.51749
0.328654
0.348198
0.342349
0.309687
0.378945
0.353506
0.353092
0.341292
0.623356
0.661791
0.645904
0.599991
0.524501
0.490694
0.374611
0.383235
0.371668
0.335176
0.54073
0.58489
0.589234
0.569825
0.441145
0.399316
0.565915
0.595551
0.456282
0.474714
0.409012
0.412903
0.449747
0.463957
0.422489
0.42574
0.382395
0.393818
0.640535
0.600089
0.38133
0.36486
0.553175
0.518736
0.633033
0.639236
0.603607
0.610961
0.656752
0.640182
0.625756
0.619133
0.671079
0.675827
0.401141
0.463128
0.449164
0.435713
0.413319
0.395988
0.399008
0.353491
0.530036
0.476491
0.479198
0.502077
0.405792
0.409919
0.375283
0.395186
0.369968
0.400893
0.612341
0.608006
0.619787
0.636211
0.415398
0.421196
0.437921
0.468109
0.459805
0.415525
0.611235
0.57099
0.428656
0.396603
0.477408
0.467162
0.648431
0.659965
0.547996
0.492855
0.44496
0.445534
0.626088
0.565421
0.607824
0.627168
0.550035
0.511069
0.556678
0.566871
0.592405
0.655261
0.630423
0.607558
0.487722
0.50968
0.494323
0.454953
0.676554
0.645449
0.499202
0.473323
0.51651
0.528018
0.568067
0.53508
0.646687
0.651438
0.551017
0.566889
0.611698
0.58462
0.453247
0.437321
0.442802
0.419129
0.506052
0.469106
0.59568
0.548791
0.474472
0.5103
0.500628
0.455522
0.450612
0.489913
0.501333
0.491058
0.51315
0.506143
0.648018
0.639179
0.531033
0.529471
0.615815
0.637507
0.601139
0.597467
0.6265
0.583767
0.608751
0.622863
0.580248
0.551442
0.616495
0.593198
0.568615
0.537217
0.577222
0.608685
0.5769
0.568642
0.552193
0.554344
0.52046
0.5308
0.563194
0.60238
0.53515
0.503584
0.607895
0.559246
0.570494
0.579927
0.553005
0.551914
0.509586
0.518042
0.56914
0.566994
0.225895
0.260099
0.24531
0.257016
0.227218
0.201425
0.362405
0.358593
0.41245
0.442407
0.398468
0.404403
0.393339
0.367252
0.419043
0.458782
0.422819
0.461016
0.409071
0.427166
