# bunny_500f_2
# Number of vertices: 4002, Number of faces: 8000
# Preprocessing time: 0.0263159
# Query time: 0.00335875
0.414015
0.357203
0.411016
0.446225
0.395857
0.383229
0.250713
0.489283
0.439588
0.305384
0.231436
0.332613
0.185369
0.359497
0.275017
0.170015
0.275612
0.238231
0.310513
0.443557
0.41066
0.529548
0.322209
0.498519
0.204468
0.449364
0.383672
0.164982
0.468369
0.439487
0.49816
0.557341
0.150664
0.385806
0.580083
0.462952
0.157136
0.360393
0.544785
0.507231
0.166216
0.160324
0.117229
0.17899
0.442719
0.515969
0.308729
0.504727
0.475941
0.389816
0.158339
0.105957
0.230427
0.493233
0.22258
0.565899
0.455964
0.262071
0.24334
0.502149
0.417974
0.433474
0.483641
0.595742
0.539645
0.359354
0.435504
0.275993
0.100388
0.433077
0.136715
0.265537
0.411847
0.199276
0.30983
0.108075
0.234423
0.129235
0.337102
0.297215
0.17094
0.451653
0.46579
0.217001
0.307838
0.482702
0.237739
0.379113
0.491281
0.0743779
0.17239
0.399722
0.310436
0.0470379
0.308443
0.372764
0.397142
0.204274
0.125682
0.347674
0
0.203363
0.257483
0.429248
0.499089
0.0921582
0.433563
0.360237
0.115305
0.0709266
0.290014
0.413699
0.131584
0.308747
0.176738
0.163714
0.186039
0.492158
0.406789
0.267541
0.471031
0.192806
0.388992
0.431806
0.106775
0.521301
0.249859
0.0576976
0.388092
0.34944
0.445629
0.311779
0.158969
0.349895
0.130308
0.344378
0.460264
0.0613513
0.232755
0.114521
0.457141
0.295919
0.237548
0.320812
0.566438
0.156626
0.479342
0.371271
0.463341
0.353013
0.380514
0.551218
0.602844
0.50387
0.555359
0.226816
0.13022
0.559644
0.555349
0.281905
0.201803
0.305035
0.396967
0.406261
0.434851
0.373215
0.487343
0.416639
0.379985
0.438649
0.175189
0.284153
0.194424
0.242986
0.529724
0.607303
0.46998
0.342208
0.475453
0.462597
0.463874
0.209946
0.168772
0.178724
0.284619
0.251333
0.310416
0.426596
0.361842
0.304084
0.428052
0.454361
0.40835
0.221839
0.355889
0.22793
0.271526
0.411906
0.358805
0.529665
0.428176
0.394053
0.290692
0.52231
0.468498
0.504145
0.532552
0.259453
0.383389
0.567738
0.273281
0.290487
0.576179
0.513169
0.560686
0.567589
0.581746
0.368577
0.320851
0.452057
0.640142
0.518389
0.345631
0.562013
0.488336
0.524362
0.386457
0.326379
0.560148
0.466613
0.336224
0.362895
0.420517
0.438025
0.606205
0.451417
0.383911
0.625572
0.603647
0.412052
0.555976
0.456319
0.610263
0.513768
0.491953
0.489282
0.55222
0.53894
0.598596
0.468921
0.535424
0.551055
0.395851
0.367762
0.383047
0.377125
0.40253
0.434466
0.4185
0.403366
0.429835
0.408164
0.428683
0.378268
0.354659
0.475419
0.445677
0.471254
0.468808
0.451419
0.464694
0.359524
0.342315
0.317706
0.333967
0.502727
0.476869
0.333814
0.49842
0.30864
0.276214
0.278107
0.420354
0.413262
0.452688
0.467692
0.243343
0.270746
0.427404
0.340264
0.220819
0.207869
0.382657
0.268681
0.240824
0.386701
0.25845
0.289074
0.305123
0.289844
0.425803
0.398937
0.212789
0.442933
0.469106
0.353603
0.173806
0.191515
0.510061
0.480542
0.221581
0.192495
0.527958
0.522382
0.256222
0.345174
0.321583
0.229058
0.260352
0.291789
0.292508
0.322111
0.198374
0.165836
0.532446
0.398544
0.417555
0.494616
0.46094
0.36976
0.194748
0.240785
0.282007
0.501042
0.500386
0.465836
0.174219
0.165458
0.34945
0.527591
0.161536
0.185807
0.452721
0.438189
0.429949
0.355947
0.537478
0.556977
0.573676
0.501405
0.261565
0.224281
0.525061
0.545706
0.276607
0.451406
0.150775
0.148374
0.429205
0.485976
0.417402
0.542534
0.443907
0.410122
0.478665
0.386896
0.369011
0.332278
0.39788
0.481051
0.47715
0.450328
0.409636
0.432471
0.521866
0.514867
0.527122
0.565266
0.582495
0.59318
0.517737
0.504574
0.315234
0.272487
0.130751
0.132451
0.133399
0.161775
0.171651
0.14887
0.18508
0.152577
0.484535
0.444106
0.13517
0.49382
0.152274
0.175407
0.356138
0.388633
0.585882
0.512243
0.257132
0.292925
0.201869
0.564623
0.54182
0.418988
0.4588
0.319431
0.132839
0.100932
0.512181
0.474668
0.384752
0.351893
0.38798
0.417737
0.350299
0.431059
0.58526
0.187731
0.172585
0.457238
0.122229
0.126069
0.100945
0.191485
0.219812
0.185957
0.454279
0.541449
0.162754
0.194745
0.346775
0.385424
0.423705
0.470741
0.24262
0.243381
0.215553
0.102208
0.0797173
0.078592
0.266727
0.243856
0.150523
0.184623
0.562401
0.519902
0.469871
0.486083
0.395224
0.394266
0.141929
0.413137
0.428185
0.126751
0.0735266
0.385172
0.145876
0.163764
0.124143
0.317713
0.291177
0.281883
0.483005
0.462526
0.279679
0.310223
0.218384
0.242009
0.499356
0.183095
0.197054
0.255081
0.107622
0.102264
0.425341
0.44805
0.358314
0.3884
0.148144
0.216219
0.233883
0.249435
0.0982316
0.188066
0.227847
0.0725992
0.479889
0.349027
0.325652
0.26869
0.230769
0.260189
0.23513
0.477369
0.461182
0.301298
0.324228
0.265275
0.140957
0.11563
0.326437
0.288162
0.445617
0.453424
0.0848961
0.269594
0.466476
0.202102
0.0489301
0.455534
0.448026
0.194056
0.167488
0.453862
0.432442
0.421268
0.429074
0.439966
0.189213
0.160763
0.419248
0.125064
0.0901046
0.277453
0.0542927
0.0227463
0.0358073
0.497877
0.463986
0.19272
0.216455
0.168903
0.211457
0.450023
0.345807
0.277886
0.241921
0.399178
0.15051
0.185176
0.267469
0.29724
0.406118
0.450211
0.41431
0.434511
0.26847
0.344619
0.370326
0.381086
0.393704
0.371635
0.143933
0.411807
0.0655035
0.0965955
0.333656
0.473373
0.465984
0.318309
0.298855
0.492507
0.450345
0.399254
0.406399
0.352284
0.0427633
0.0380707
0.284772
0.495285
0.376723
0.365743
0.254828
0.296649
0.459881
0.425437
0.338694
0.330887
0.328598
0.106138
0.122348
0.469906
0.391929
0.269422
0.294663
0.528198
0.52304
0.12411
0.0915006
0.497241
0.460299
0.299048
0.286811
0.130719
0.123781
0.0999087
0.172701
0.438823
0.468538
0.224544
0.214459
0.0301601
0.0602129
0.416838
0.394345
0.0675354
0.0309129
0.360442
0.41258
0.382027
0.309113
0.138798
0.157936
0.174112
0.178553
0.292256
0.324307
0.454786
0.432205
0.325388
0.429837
0.0465309
0.14382
0.259815
0.280285
0.514758
0.489218
0.336469
0.0883754
0.330027
0.351074
0.13877
0.145722
0.215757
0.370864
0.369648
0.086118
0.431167
0.444201
0.353364
0.326514
0.461113
0.334558
0.37992
0.167197
0.316002
0.479213
0.495418
0.200502
0.195356
0.229342
0.139258
0.115411
0.0808906
0.547786
0.565757
0.526986
0.326624
0.297697
0.322743
0.113176
0.098031
0.191911
0.532001
0.345495
0.26962
0.479567
0.327993
0.546055
0.515036
0.124233
0.0950009
0.524307
0.525915
0.141676
0.161074
0.176947
0.451039
0.429561
0.215974
0.191301
0.0779248
0.490309
0.11355
0.352083
0.362567
0.57109
0.588236
0.349455
0.355954
0.387852
0.290696
0.251619
0.176608
0.374665
0.561134
0.52171
0.408583
0.386672
0.37337
0.395603
0.493764
0.240271
0.216812
0.199974
0.377675
0.404069
0.565179
0.4205
0.413563
0.272721
0.268317
0.43654
0.432808
0.459328
0.298541
0.265021
0.384312
0.523716
0.181965
0.155762
0.156794
0.146256
0.162489
0.189352
0.423929
0.430065
0.5577
0.580277
0.186674
0.168437
0.40795
0.39374
0.339541
0.356583
0.141192
0.146254
0.469889
0.447809
0.24011
0.274701
0.256734
0.306067
0.591412
0.335345
0.326997
0.181416
0.491793
0.499288
0.495227
0.257748
0.379406
0.22149
0.17016
0.311923
0.35456
0.409591
0.239058
0.508019
0.49825
0.457266
0.313293
0.457581
0.483466
0.436942
0.447882
0.431386
0.441777
0.597759
0.596107
0.45905
0.21004
0.220705
0.610107
0.420548
0.41559
0.590495
0.600657
0.460216
0.40141
0.210817
0.28741
0.290435
0.236151
0.244458
0.438872
0.271576
0.5008
0.380227
0.399749
0.262254
0.217965
0.200706
0.222012
0.195829
0.202642
0.234358
0.216905
0.336073
0.330059
0.534996
0.370061
0.474846
0.361234
0.411876
0.241097
0.503221
0.498646
0.51945
0.34286
0.36172
0.479264
0.485302
0.339094
0.385728
0.383116
0.444393
0.432979
0.447335
0.417292
0.442451
0.249672
0.252005
0.325864
0.324809
0.393694
0.403072
0.499031
0.529277
0.302478
0.282136
0.323425
0.37453
0.509473
0.249363
0.244019
0.541721
0.516736
0.470769
0.282612
0.558391
0.533942
0.550217
0.549993
0.559292
0.334111
0.265313
0.491161
0.537249
0.479412
0.481288
0.474327
0.324679
0.364455
0.512027
0.270969
0.302737
0.565
0.279945
0.274321
0.409047
0.350597
0.365528
0.496466
0.530419
0.535826
0.316001
0.306762
0.420728
0.428172
0.592421
0.547655
0.57341
0.565571
0.317853
0.506677
0.461864
0.362287
0.538269
0.534885
0.562787
0.320278
0.298353
0.287975
0.304034
0.585552
0.445983
0.440817
0.350199
0.379538
0.330054
0.430512
0.461066
0.426304
0.400123
0.478274
0.518353
0.491393
0.314264
0.303351
0.358612
0.333395
0.62367
0.612989
0.482762
0.357919
0.33323
0.578063
0.542708
0.406366
0.546367
0.418862
0.427526
0.457834
0.383017
0.403072
0.605969
0.348435
0.520945
0.588951
0.596859
0.615043
0.598946
0.651767
0.441785
0.41353
0.394095
0.366182
0.456315
0.495556
0.365789
0.37717
0.367601
0.576913
0.598223
0.393103
0.437221
0.424492
0.567513
0.386751
0.459181
0.637539
0.508916
0.438942
0.56519
0.60501
0.518721
0.537069
0.628507
0.584725
0.484896
0.465124
0.648869
0.488398
0.50376
0.53643
0.632266
0.549212
0.579291
0.424454
0.399639
0.466073
0.561561
0.458961
0.454827
0.457944
0.480416
0.486491
0.603229
0.497212
0.586253
0.570549
0.586254
0.610383
0.534231
0.575024
0.520756
0.56695
0.543047
0.517571
0.515207
0.578105
0.504847
0.551448
0.578888
0.515633
0.521187
0.550229
0.235725
0.240631
0.204496
0.350186
0.410402
0.3868
0.367306
0.418913
0.420654
0.398982
0.381378
0.374071
0.388268
0.378847
0.389082
0.392279
0.417954
0.412126
0.426821
0.411376
0.416899
0.423858
0.402924
0.411562
0.41852
0.376813
0.365803
0.365914
0.460511
0.458254
0.473084
0.462023
0.442892
0.452156
0.446657
0.439258
0.458252
0.362875
0.35005
0.354809
0.330186
0.32452
0.336547
0.486363
0.473486
0.489529
0.343821
0.343745
0.332374
0.482105
0.485076
0.469063
0.292945
0.277711
0.294278
0.416613
0.429894
0.433466
0.46543
0.460976
0.475464
0.256771
0.275098
0.260722
0.430087
0.440099
0.441751
0.336271
0.322201
0.324789
0.231052
0.213015
0.225372
0.396153
0.410933
0.39738
0.25441
0.258259
0.272209
0.395477
0.390684
0.381371
0.27384
0.282199
0.264808
0.297405
0.304382
0.311261
0.412588
0.409077
0.424433
0.213684
0.230576
0.225535
0.45532
0.456109
0.469037
0.370073
0.368683
0.356209
0.189269
0.184545
0.20045
0.491782
0.495241
0.478476
0.206585
0.201954
0.215789
0.513567
0.510685
0.526314
0.263087
0.280318
0.273552
0.332899
0.337676
0.350449
0.243677
0.257313
0.243955
0.298718
0.312609
0.306405
0.293352
0.30754
0.305462
0.196504
0.179828
0.181385
0.530247
0.514653
0.517967
0.413497
0.407636
0.421538
0.482143
0.464754
0.476865
0.391894
0.378001
0.383983
0.212438
0.195592
0.211901
0.23049
0.238596
0.248565
0.288177
0.276673
0.26829
0.501758
0.48292
0.485304
0.170213
0.178971
0.183342
0.355233
0.344268
0.361326
0.516172
0.510955
0.533352
0.177664
0.175845
0.192887
0.443648
0.430049
0.439063
0.353559
0.335895
0.338826
0.55055
0.566541
0.555447
0.518198
0.519685
0.499208
0.243788
0.233638
0.252291
0.537741
0.556123
0.542706
0.269273
0.277215
0.284365
0.438099
0.426356
0.438066
0.147837
0.159594
0.162681
0.445889
0.433879
0.449006
0.505279
0.513354
0.494743
0.429758
0.416128
0.430055
0.529892
0.522144
0.540544
0.426353
0.417337
0.433761
0.466718
0.466882
0.482135
0.391477
0.37853
0.384702
0.357653
0.35143
0.338899
0.40348
0.387422
0.397096
0.477583
0.459599
0.461735
0.455039
0.47102
0.470051
0.42042
0.424101
0.410518
0.509631
0.500937
0.488323
0.519606
0.531178
0.54295
0.575037
0.589797
0.583848
0.510181
0.524351
0.53071
0.298154
0.275977
0.294388
0.145824
0.145932
0.13025
0.150032
0.154354
0.139539
0.166584
0.16035
0.155386
0.167761
0.164893
0.179666
0.463282
0.460165
0.481581
0.142472
0.158457
0.15086
0.523605
0.510479
0.504568
0.16342
0.168077
0.156665
0.356911
0.374153
0.373268
0.594025
0.57942
0.58702
0.554893
0.528719
0.540569
0.267714
0.284094
0.274734
0.213435
0.192402
0.204241
0.553265
0.53332
0.543611
0.435907
0.451188
0.43358
0.304865
0.312427
0.325841
0.131413
0.116284
0.117292
0.494392
0.477531
0.495263
0.367979
0.369328
0.385636
0.400446
0.403623
0.412948
0.332967
0.353332
0.336055
0.408833
0.392098
0.413838
0.591134
0.582333
0.575205
0.179742
0.182576
0.17321
0.468613
0.44651
0.453264
0.124428
0.140107
0.137567
0.117276
0.132315
0.116973
0.185233
0.196789
0.186845
0.202078
0.19184
0.211542
0.446196
0.442726
0.456168
0.543323
0.528427
0.527927
0.175392
0.17812
0.192104
0.347609
0.365007
0.367887
0.441702
0.464611
0.446415
0.242181
0.230303
0.227775
0.118739
0.129044
0.113595
0.0734138
0.0891264
0.089935
0.255636
0.24365
0.254801
0.162397
0.189703
0.170534
0.542593
0.533218
0.552342
0.487084
0.484636
0.50001
0.503151
0.478181
0.495616
0.405562
0.390922
0.405701
0.147607
0.135493
0.15086
0.407091
0.388242
0.403142
0.427683
0.433739
0.420308
0.140044
0.136581
0.148619
0.0734572
0.090435
0.0863329
0.484416
0.470689
0.498064
0.399121
0.388971
0.404652
0.159905
0.169854
0.153388
0.577068
0.586083
0.572319
0.134462
0.136903
0.14558
0.335074
0.316517
0.335517
0.285756
0.274035
0.27842
0.468161
0.45701
0.472011
0.287998
0.298
0.301637
0.230817
0.241386
0.230517
0.497219
0.499657
0.51426
0.199662
0.205525
0.190227
0.245459
0.269103
0.261422
0.115564
0.11269
0.101796
0.421394
0.438527
0.432405
0.371017
0.384916
0.372211
0.155545
0.174067
0.165851
0.223982
0.241949
0.232273
0.227032
0.238813
0.245573
0.101987
0.113212
0.117442
0.183649
0.211979
0.212877
0.0863322
0.0857938
0.0710555
0.455473
0.46399
0.470808
0.34766
0.333151
0.337074
0.269752
0.25115
0.249775
0.252304
0.247866
0.239369
0.484397
0.469647
0.476937
0.313657
0.313129
0.32301
0.244364
0.261376
0.236571
0.127525
0.131306
0.143996
0.307618
0.301801
0.321646
0.457168
0.448206
0.459109
0.100637
0.093333
0.107538
0.268613
0.278313
0.259123
0.483062
0.473021
0.488017
0.212377
0.197352
0.21444
0.0677014
0.0763085
0.0602245
0.450515
0.433597
0.440206
0.20705
0.207042
0.195264
0.139902
0.154442
0.15409
0.459065
0.440294
0.449493
0.406294
0.403319
0.42466
0.445128
0.433824
0.451846
0.184969
0.176515
0.171792
0.433044
0.444752
0.428608
0.106992
0.106198
0.12236
0.286496
0.270052
0.287262
0.073007
0.0625376
0.0782641
0.0233203
0.0420489
0.0338625
0.471405
0.481183
0.453156
0.203384
0.20966
0.194557
0.173109
0.190325
0.19837
0.44952
0.467555
0.46617
0.343556
0.35042
0.334877
0.27318
0.281138
0.269216
0.224222
0.235972
0.229471
0.4134
0.428316
0.415741
0.18056
0.18074
0.192945
0.167113
0.174827
0.154949
0.270002
0.282206
0.287218
0.413762
0.427712
0.43657
0.399104
0.409304
0.42361
0.266009
0.252755
0.254752
0.347858
0.356518
0.35997
0.384867
0.383962
0.375706
0.131632
0.14404
0.151678
0.403428
0.414975
0.406641
0.0811067
0.0958029
0.0820478
0.327198
0.338559
0.334361
0.462206
0.454294
0.472432
0.308668
0.30467
0.313632
0.476981
0.46321
0.448018
0.4221
0.406006
0.431693
0.400211
0.390611
0.386931
0.364407
0.34635
0.358221
0.0285281
0.0377418
0.0495491
0.0509326
0.0513009
0.0340452
0.2883
0.29103
0.278998
0.475002
0.464326
0.483022
0.386437
0.370065
0.382831
0.267304
0.276362
0.283385
0.452509
0.441867
0.435182
0.328149
0.335426
0.324248
0.347504
0.33934
0.359761
0.114755
0.110664
0.0997534
0.472082
0.461432
0.470269
0.387174
0.380999
0.39894
0.265961
0.281083
0.281137
0.527482
0.509958
0.514054
0.114542
0.0976871
0.108824
0.480308
0.46234
0.477989
0.283531
0.276776
0.292673
0.12748
0.113372
0.113474
0.158961
0.150895
0.136094
0.453718
0.462756
0.447614
0.205307
0.1994
0.218031
0.0449544
0.0474364
0.030723
0.418645
0.404935
0.410147
0.0569316
0.0494284
0.0353997
0.377797
0.36867
0.385257
0.402372
0.386334
0.397202
0.284567
0.297293
0.297774
0.139849
0.148412
0.151944
0.164788
0.172271
0.167462
0.296279
0.309241
0.31195
0.427957
0.441471
0.417619
0.310101
0.323165
0.309069
0.424889
0.417808
0.432796
0.0343939
0.0363894
0.0223937
0.132707
0.140001
0.129721
0.276663
0.270509
0.287607
0.482337
0.504257
0.470175
0.332317
0.331451
0.341371
0.0776806
0.0849125
0.0913859
0.330275
0.340989
0.340636
0.133606
0.144648
0.136104
0.199315
0.201528
0.212663
0.371046
0.361301
0.361011
0.0893196
0.0758877
0.0732765
0.421503
0.435836
0.427652
0.342899
0.330257
0.340084
0.428664
0.447447
0.444404
0.319565
0.331166
0.321303
0.380095
0.367303
0.365417
0.1456
0.155419
0.155296
0.306942
0.321511
0.312159
0.473745
0.486354
0.481616
0.198654
0.209813
0.211881
0.140356
0.128857
0.126961
0.0980953
0.101183
0.0843867
0.512389
0.535439
0.523926
0.543176
0.521414
0.546162
0.312935
0.308791
0.322763
0.105793
0.0907959
0.10052
0.183585
0.180298
0.192743
0.516556
0.514522
0.533862
0.33275
0.342604
0.352221
0.273602
0.282709
0.288754
0.475622
0.456473
0.461382
0.307119
0.313987
0.321775
0.534662
0.509144
0.520229
0.485011
0.471315
0.504919
0.110439
0.0931489
0.110872
0.507895
0.510817
0.524599
0.126636
0.120261
0.133827
0.150943
0.158436
0.167407
0.438871
0.420821
0.432421
0.210565
0.195293
0.200933
0.060775
0.0781676
0.0625835
0.484737
0.470983
0.465338
0.100938
0.0959719
0.0827262
0.341884
0.3487
0.35707
0.580899
0.568945
0.558996
0.33774
0.351043
0.341378
0.366874
0.378114
0.375515
0.278747
0.270049
0.25963
0.174449
0.182941
0.180736
0.361759
0.349735
0.363773
0.54032
0.519811
0.541205
0.394635
0.380675
0.396273
0.372002
0.384814
0.381693
0.478251
0.486017
0.471497
0.224699
0.234135
0.24392
0.194665
0.209579
0.186581
0.380163
0.390444
0.395404
0.527534
0.544409
0.548614
0.407814
0.417979
0.40659
0.248399
0.270822
0.247926
0.422109
0.433839
0.420249
0.443469
0.431161
0.445897
0.284944
0.279513
0.265295
0.365087
0.370645
0.379108
0.506062
0.522307
0.508785
0.168871
0.157298
0.171749
0.140566
0.1411
0.154667
0.140817
0.153982
0.150974
0.175139
0.181835
0.170053
0.412986
0.423646
0.417397
0.524433
0.53966
0.539819
0.566765
0.578502
0.559705
0.180009
0.162465
0.172378
0.395744
0.387755
0.400127
0.327604
0.347695
0.339383
0.126986
0.130817
0.141841
0.452499
0.440456
0.45764
0.23672
0.256016
0.256729
0.28181
0.294317
0.269063
0.580633
0.591413
0.578813
0.312794
0.332146
0.308945
0.164254
0.1548
0.174853
0.474728
0.478789
0.494841
0.490867
0.509032
0.492624
0.247316
0.238769
0.226714
0.361711
0.357694
0.340069
0.18811
0.212078
0.197902
0.157402
0.142825
0.154987
0.318245
0.341361
0.332375
0.398091
0.400362
0.412412
0.234272
0.225523
0.2477
0.488419
0.50087
0.482944
0.453539
0.43795
0.443376
0.293159
0.310122
0.292997
0.457944
0.469123
0.470634
0.428539
0.442322
0.435677
0.418325
0.423075
0.43209
0.584026
0.583165
0.596668
0.433283
0.445038
0.448225
0.197873
0.214101
0.204214
0.604978
0.592662
0.602093
0.418266
0.398172
0.400211
0.575493
0.575421
0.593542
0.598532
0.57738
0.582021
0.442498
0.440537
0.423471
0.384598
0.387708
0.397261
0.189181
0.195058
0.198316
0.271393
0.274498
0.285319
0.222264
0.242622
0.226159
0.599273
0.60833
0.613437
0.406024
0.423292
0.4187
0.228932
0.24669
0.252517
0.478341
0.497578
0.479503
0.367058
0.377306
0.389498
0.250726
0.22955
0.240248
0.20677
0.190053
0.199828
0.208278
0.195781
0.210858
0.1828
0.198605
0.186217
0.218798
0.224975
0.207619
0.318565
0.331299
0.312812
0.517941
0.499101
0.51611
0.349955
0.355638
0.334051
0.46321
0.451458
0.461155
0.371724
0.395635
0.386541
0.227485
0.224122
0.209971
0.488291
0.502762
0.487487
0.500109
0.494467
0.512241
0.339667
0.352093
0.349694
0.468411
0.481088
0.472553
0.323697
0.336472
0.350268
0.372623
0.372501
0.38354
0.431066
0.421847
0.40922
0.423625
0.440925
0.431338
0.432731
0.441851
0.424051
0.232758
0.251176
0.236002
0.307296
0.304287
0.323887
0.383418
0.398636
0.388337
0.500682
0.513118
0.517024
0.283434
0.271946
0.292128
0.327627
0.316745
0.334805
0.330274
0.357325
0.348963
0.502685
0.490641
0.497457
0.246206
0.233048
0.235572
0.530559
0.506657
0.52188
0.448221
0.458784
0.458463
0.266809
0.24796
0.26426
0.548326
0.526663
0.53953
0.519255
0.541873
0.528826
0.539882
0.555159
0.545186
0.312266
0.318365
0.328604
0.255148
0.249665
0.241264
0.503097
0.5284
0.514586
0.457965
0.480704
0.462021
0.481658
0.458653
0.467662
0.325952
0.343639
0.344253
0.480412
0.498043
0.494468
0.274233
0.286774
0.292738
0.550249
0.550522
0.55843
0.268178
0.263991
0.252388
0.258561
0.271655
0.255809
0.401108
0.388168
0.398387
0.34053
0.356151
0.34933
0.484115
0.495711
0.480874
0.518167
0.53197
0.522127
0.293001
0.314574
0.294691
0.418961
0.417514
0.426713
0.571522
0.57845
0.557975
0.547175
0.559794
0.561885
0.540376
0.550523
0.553933
0.299016
0.305768
0.3216
0.491194
0.485384
0.46833
0.339482
0.315541
0.340235
0.530167
0.540622
0.523494
0.545704
0.53139
0.547395
0.314679
0.301525
0.296867
0.28192
0.294621
0.276581
0.297929
0.289653
0.280293
0.574153
0.560304
0.572253
0.429277
0.437115
0.454231
0.431895
0.445459
0.438733
0.348589
0.363386
0.363523
0.306725
0.3165
0.317731
0.445585
0.450082
0.434602
0.400295
0.414928
0.389877
0.452455
0.437071
0.462432
0.505295
0.493294
0.505369
0.307493
0.291017
0.296846
0.340158
0.342463
0.355171
0.317763
0.315892
0.300944
0.626909
0.607628
0.607066
0.476299
0.471949
0.488884
0.34515
0.326233
0.339616
0.5584
0.559822
0.543495
0.385234
0.382893
0.404752
0.541781
0.528096
0.531023
0.420538
0.440431
0.439696
0.375142
0.383802
0.394057
0.612573
0.592992
0.59645
0.341249
0.331686
0.323555
0.516962
0.525408
0.535234
0.579006
0.580342
0.594624
0.599326
0.594965
0.608956
0.58266
0.596892
0.587184
0.622117
0.632716
0.639301
0.425092
0.425565
0.408282
0.375799
0.361212
0.380827
0.471385
0.475215
0.489476
0.356459
0.363629
0.370198
0.368706
0.349995
0.35074
0.579716
0.59137
0.580178
0.382238
0.365594
0.37825
0.429655
0.40871
0.41504
0.561875
0.55563
0.573753
0.387269
0.373784
0.37076
0.44173
0.442019
0.424213
0.616668
0.59781
0.618128
0.518338
0.494534
0.501952
0.406302
0.42346
0.421684
0.56343
0.584088
0.583939
0.505368
0.526943
0.516539
0.617509
0.607115
0.596449
0.47554
0.45511
0.461225
0.66227
0.642212
0.649107
0.475107
0.497228
0.480006
0.523431
0.510533
0.496289
0.644539
0.636355
0.65553
0.533435
0.510585
0.527251
0.549568
0.558299
0.571743
0.408895
0.398967
0.411812
0.451002
0.453055
0.471886
0.381853
0.395646
0.388484
0.573983
0.550062
0.561316
0.457169
0.439808
0.440242
0.4675
0.459229
0.446789
0.470685
0.470991
0.453425
0.621502
0.616629
0.627115
0.478458
0.461275
0.482785
0.593052
0.57677
0.586816
0.584601
0.60088
0.598403
0.553044
0.545683
0.565737
0.579812
0.597415
0.592086
0.526468
0.509855
0.515815
0.571345
0.555382
0.55868
0.50211
0.501645
0.515969
0.584893
0.569122
0.565443
0.528003
0.516939
0.531889
0.476892
0.481328
0.497794
0.565711
0.568694
0.58243
0.497043
0.501402
0.5188
0.566126
0.560364
0.575884
0.529278
0.511518
0.534376
0.533659
0.536198
0.519195
0.242442
0.247462
0.230551
0.243825
0.233107
0.224603
0.266714
0.256407
0.253417
0.228238
0.209429
0.222846
0.189332
0.20233
0.189635
0.331167
0.339111
0.342185
0.413525
0.417338
0.408053
0.412365
0.401463
0.398783
0.36134
0.357624
0.369652
0.363022
0.372685
0.377279
0.398348
0.41897
0.398276
0.438545
0.437211
0.418609
0.426704
0.416705
0.40818
0.391915
0.375545
0.381606
0.403735
0.397694
0.388929
0.375777
0.360828
0.369654
0.407336
0.36653
0.387399
0.398736
0.440889
0.432019
0.424354
0.407099
0.437697
0.399238
0.408785
0.420677
0.423839
0.43527
0.394257
0.420799
0.368769
0.356533
0.387311
0.354919
0.487741
0.485894
0.463213
0.448699
0.442882
0.455627
0.457055
0.480812
0.470754
0.432185
0.476902
0.452285
0.348384
0.372443
0.346234
0.337228
0.345509
0.324481
0.311454
0.3215
0.504564
0.491472
0.498446
0.461691
0.319682
0.346913
0.494445
0.499519
0.310428
0.2935
0.307411
0.2904
0.262275
0.263467
0.435152
0.403466
0.399167
0.42694
0.482459
0.451552
0.448021
0.454351
0.247712
0.238292
0.252158
0.28947
0.418256
0.435468
0.327019
0.350966
0.21888
0.236581
0.204646
0.196225
0.383062
0.382793
0.286574
0.251832
0.238816
0.24636
0.373066
0.400111
0.24722
0.268463
0.280205
0.299923
0.318799
0.290738
0.282729
0.296864
0.438328
0.415571
0.403904
0.392901
0.225984
0.19941
0.483533
0.442503
0.443258
0.455289
0.341895
0.367431
0.210143
0.179237
0.169874
0.17718
0.464134
0.50369
0.514021
0.498406
0.230291
0.213321
0.197589
0.188048
0.542384
0.538581
0.511723
0.506348
0.266311
0.246297
0.363615
0.326669
0.315736
0.326966
0.229588
0.229673
0.247835
0.269401
0.299564
0.284678
0.318265
0.281452
0.306965
0.323255
0.181778
0.165318
0.214883
0.167519
0.515931
0.546016
0.431533
0.405468
0.391774
0.402241
0.489803
0.471383
0.498989
0.451228
0.376785
0.364435
0.211637
0.178707
0.258901
0.222232
0.258762
0.303198
0.483511
0.467516
0.516981
0.51787
0.4807
0.462977
0.188511
0.161388
0.157496
0.173919
0.366605
0.331686
0.552689
0.504143
0.204753
0.162115
0.160629
0.169991
0.445009
0.442154
0.461981
0.454665
0.42352
0.419731
0.34029
0.370639
0.538898
0.559849
0.53378
0.542592
0.56985
0.581078
0.480999
0.522709
0.269389
0.252917
0.234085
0.214492
0.52977
0.5139
0.519811
0.566867
0.292206
0.260819
0.451754
0.452157
0.167171
0.134795
0.134519
0.160265
0.445952
0.419137
0.476482
0.490778
0.431118
0.402939
0.550063
0.533848
0.449981
0.440666
0.421859
0.407789
0.498397
0.457403
0.375586
0.398413
0.375051
0.363693
0.31978
0.345874
0.418225
0.379257
0.468592
0.494795
0.493729
0.459207
0.436175
0.469412
0.397963
0.421423
0.430493
0.437959
0.531632
0.513334
0.542029
0.498571
0.516961
0.51472
0.575508
0.587649
0.552334
0.563884
0.592721
0.595435
0.536904
0.497867
0.491295
0.518902
0.31218
0.291078
0.319226
0.253239
0.11528
0.11749
0.14604
0.148475
0.124037
0.148713
0.15004
0.142575
0.171262
0.174959
0.164925
0.155406
0.196162
0.172173
0.153778
0.151435
0.502832
0.468361
0.449115
0.438896
0.143746
0.12597
0.486542
0.499107
0.144422
0.159585
0.170756
0.177061
0.386224
0.339219
0.373082
0.390213
0.598029
0.566927
0.525559
0.501096
0.264747
0.284309
0.250774
0.301252
0.223247
0.18014
0.554182
0.570412
0.556531
0.523534
0.420994
0.422811
0.445806
0.474668
0.340023
0.298719
0.11976
0.103414
0.146132
0.100616
0.510737
0.510317
0.490244
0.457743
0.402271
0.404427
0.370042
0.352859
0.354174
0.372202
0.426463
0.405685
0.329938
0.370979
0.436229
0.424945
0.593711
0.575867
0.164168
0.181514
0.190956
0.184029
0.479915
0.435852
0.138157
0.109112
0.113691
0.139103
0.107016
0.103121
0.174963
0.204081
0.231985
0.210588
0.195133
0.173253
0.467798
0.443162
0.555847
0.522983
0.211066
0.160433
0.165721
0.181079
0.388511
0.330107
0.363108
0.382108
0.42867
0.452421
0.42067
0.488284
0.22391
0.209747
0.255804
0.25457
0.232138
0.219554
0.0998955
0.108294
0.0974183
0.0630026
0.0641913
0.0927447
0.265975
0.26321
0.25242
0.23168
0.160233
0.138206
0.156001
0.214544
0.566793
0.55221
0.528567
0.511471
0.472681
0.472029
0.513084
0.460373
0.414027
0.412155
0.378736
0.37867
0.156464
0.126373
0.408259
0.420184
0.420846
0.44053
0.131622
0.123787
0.0878757
0.0578847
0.397676
0.373199
0.13731
0.145783
0.154324
0.181905
0.123514
0.129224
0.337544
0.297582
0.27804
0.298488
0.29212
0.271113
0.487922
0.478195
0.480933
0.44761
0.30418
0.272057
0.29223
0.310788
0.219253
0.229973
0.218682
0.252078
0.502919
0.494793
0.174789
0.184773
0.192015
0.211085
0.2288
0.280932
0.0923619
0.089974
0.1223
0.114867
0.440502
0.407539
0.444155
0.456275
0.364206
0.379373
0.357007
0.398517
0.160672
0.137799
0.225963
0.240865
0.208519
0.216686
0.253242
0.261601
0.0858986
0.110697
0.215029
0.158897
0.213884
0.236541
0.0569451
0.0894672
0.485785
0.473921
0.339969
0.331805
0.362351
0.318308
0.251226
0.232373
0.287717
0.231012
0.226722
0.262659
0.255623
0.244074
0.468882
0.491701
0.46352
0.455439
0.330725
0.302165
0.302414
0.315562
0.251504
0.284606
0.156843
0.125173
0.111303
0.121882
0.340665
0.317433
0.298101
0.281701
0.464553
0.459191
0.437809
0.443803
0.0945706
0.0781003
0.253228
0.288013
0.477247
0.458163
0.218826
0.186157
0.0447538
0.0611121
0.448754
0.467208
0.466464
0.431216
0.183273
0.205781
0.167805
0.169134
0.443378
0.47295
0.434274
0.421517
0.443498
0.399338
0.457426
0.441123
0.414496
0.420881
0.157654
0.196062
0.187275
0.17161
0.411351
0.426673
0.140954
0.109952
0.0898448
0.0937362
0.29391
0.259022
0.0707703
0.0468651
0.0336547
0.0120576
0.0174484
0.0546746
0.435326
0.48825
0.509207
0.493017
0.180768
0.204586
0.214676
0.224825
0.221749
0.148538
0.187809
0.205717
0.467858
0.432856
0.329835
0.358955
0.266512
0.289452
0.239003
0.247892
0.403612
0.397799
0.138067
0.163291
0.180563
0.194435
0.30282
0.253535
0.279738
0.293398
0.459376
0.392547
0.418642
0.439861
0.441445
0.451684
0.39124
0.420349
0.261504
0.278946
0.374254
0.338493
0.350889
0.364928
0.376028
0.367765
0.389393
0.3937
0.395771
0.38198
0.16685
0.120034
0.404912
0.422204
0.0688768
0.0669663
0.0832986
0.109453
0.321349
0.346503
0.489454
0.484067
0.459096
0.449154
0.323454
0.313105
0.302345
0.296299
0.506063
0.481017
0.461275
0.43964
0.415087
0.38563
0.417877
0.399991
0.373167
0.331852
0.0653622
0.0210806
0.0199488
0.0545917
0.271692
0.297108
0.499504
0.488702
0.379625
0.393781
0.360938
0.354094
0.301719
0.244692
0.262761
0.280622
0.418583
0.471507
0.450961
0.433837
0.319938
0.32655
0.346334
0.341753
0.337697
0.319397
0.0885563
0.121136
0.126947
0.119978
0.46396
0.449394
0.410079
0.375003
0.286882
0.296805
0.252979
0.299322
0.513845
0.541427
0.541274
0.501099
0.120589
0.105323
0.128114
0.0797512
0.49391
0.475843
0.499971
0.446269
0.308931
0.303316
0.292661
0.271334
0.11449
0.0970989
0.144783
0.138833
0.11204
0.102768
0.180743
0.164657
0.434224
0.447848
0.461997
0.478218
0.236896
0.232554
0.21301
0.195127
0.0144609
0.0452293
0.0585557
0.0630756
0.40208
0.430651
0.403421
0.389601
0.0161351
0.0779288
0.0623046
0.0450873
0.371721
0.352535
0.407977
0.394243
0.41971
0.370543
0.312415
0.308868
0.164205
0.128831
0.149538
0.15814
0.176962
0.169001
0.178825
0.180349
0.318476
0.279747
0.30294
0.318579
0.413068
0.44181
0.467967
0.455278
0.314116
0.337132
0.44525
0.413741
0.0484015
0.0522538
0.137601
0.152652
0.296825
0.264244
0.254075
0.264504
0.456525
0.492373
0.53755
0.524513
0.346185
0.324913
0.0999463
0.0759823
0.340575
0.351171
0.319112
0.351312
0.137735
0.126974
0.149788
0.154953
0.225945
0.205941
0.361352
0.380761
0.379468
0.35934
0.0705841
0.102106
0.437563
0.418837
0.444933
0.451189
0.350802
0.336568
0.356001
0.316962
0.457807
0.468128
0.32694
0.343001
0.364546
0.39373
0.16738
0.165227
0.302533
0.330867
0.49251
0.466943
0.492556
0.500152
0.216068
0.230818
0.188191
0.1865
0.208291
0.227442
0.127416
0.113145
0.149315
0.115931
0.0677868
0.0959686
0.536014
0.554268
0.565996
0.549585
0.564555
0.500295
0.334671
0.335144
0.319089
0.304984
0.293859
0.308759
0.109191
0.120519
0.114494
0.0807631
0.207458
0.178203
0.550393
0.511073
0.36659
0.324932
0.259845
0.28095
0.467236
0.462925
0.335989
0.323941
0.533811
0.557338
0.537186
0.49534
0.127063
0.126952
0.112731
0.0794078
0.541381
0.540871
0.507808
0.513159
0.149024
0.135545
0.177011
0.185661
0.145464
0.167302
0.446051
0.45758
0.447652
0.410621
0.208333
0.194406
0.223775
0.180773
0.0645043
0.0958459
0.477095
0.476069
0.118505
0.112728
0.366341
0.371004
0.337032
0.355065
0.547804
0.589165
0.597105
0.577388
0.350531
0.336118
0.361588
0.364296
0.384488
0.38883
0.242662
0.297843
0.286486
0.264889
0.166406
0.188342
0.377633
0.372336
0.562676
0.556755
0.537923
0.501797
0.410672
0.402204
0.407309
0.369524
0.391943
0.363933
0.382675
0.395756
0.487623
0.498419
0.26091
0.218866
0.176893
0.203513
0.234297
0.226402
0.409993
0.364057
0.390981
0.403299
0.565281
0.560847
0.398948
0.409856
0.428372
0.426435
0.249313
0.249115
0.293894
0.288877
0.419613
0.424932
0.448916
0.447489
0.462669
0.457707
0.248893
0.305442
0.294995
0.280379
0.393546
0.376339
0.511009
0.538041
0.186687
0.178885
0.168005
0.142454
0.167675
0.144408
0.159349
0.131995
0.160959
0.167917
0.182433
0.195364
0.424038
0.415026
0.430823
0.435024
0.55666
0.555583
0.568207
0.591728
0.178917
0.196134
0.188428
0.148837
0.415795
0.407962
0.406412
0.381541
0.348965
0.317729
0.360812
0.366753
0.154282
0.158759
0.127621
0.136512
0.476476
0.465836
0.465419
0.431513
0.260624
0.27641
0.217989
0.275649
0.244376
0.271965
0.295517
0.31499
0.572425
0.603955
0.303905
0.318556
0.355404
0.350647
0.194689
0.174011
0.51213
0.516845
0.473695
0.481107
0.478433
0.513072
0.266814
0.255122
0.38312
0.37721
0.206214
0.238975
0.168293
0.172968
0.327994
0.345968
0.296271
0.36478
0.425346
0.394382
0.261504
0.21848
0.481054
0.497103
0.519068
0.514809
0.446632
0.469761
0.29852
0.328662
0.48555
0.447177
0.46801
0.479515
0.44063
0.422118
0.452399
0.457037
0.443027
0.448169
0.418908
0.435262
0.604644
0.604883
0.583318
0.581469
0.463313
0.455438
0.211336
0.194945
0.22571
0.231865
0.607737
0.608902
0.403693
0.439457
0.437594
0.394837
0.608773
0.568962
0.58327
0.616685
0.460878
0.459951
0.413097
0.390986
0.211393
0.202951
0.29683
0.297939
0.276035
0.285709
0.228322
0.214266
0.257236
0.260112
0.434281
0.440618
0.274757
0.266538
0.482536
0.516774
0.403027
0.412238
0.360217
0.387467
0.25096
0.273457
0.214291
0.222673
0.215567
0.185586
0.224798
0.221232
0.209635
0.181395
0.189936
0.213806
0.198771
0.227729
0.241911
0.233904
0.313268
0.323651
0.348308
0.346898
0.531863
0.537067
0.365353
0.376041
0.472977
0.475298
0.37711
0.403473
0.348925
0.419581
0.24509
0.23927
0.483996
0.48673
0.518595
0.515817
0.530396
0.504791
0.361801
0.328778
0.351029
0.362547
0.477565
0.466154
0.491941
0.493296
0.366825
0.311642
0.396316
0.394218
0.3748
0.370299
0.453349
0.435176
0.439101
0.413891
0.451876
0.458264
0.406065
0.426441
0.434017
0.453749
0.238163
0.230457
0.268621
0.269485
0.343313
0.343837
0.311574
0.305127
0.393638
0.377848
0.405748
0.409324
0.532663
0.486039
0.510731
0.524501
0.310523
0.301562
0.294095
0.262328
0.34033
0.305235
0.366101
0.384425
0.505427
0.51446
0.238289
0.260114
0.257031
0.232917
0.534881
0.552201
0.541801
0.491058
0.455154
0.471866
0.27825
0.285488
0.546675
0.56916
0.556855
0.511156
0.538082
0.564486
0.54713
0.535335
0.564298
0.569305
0.344631
0.325811
0.26857
0.258966
0.503422
0.523791
0.477626
0.551823
0.465034
0.454128
0.502786
0.501034
0.495973
0.450682
0.344045
0.365929
0.310687
0.362295
0.507336
0.517742
0.310303
0.256032
0.283541
0.295545
0.570609
0.545733
0.285783
0.275062
0.262568
0.284681
0.407922
0.41242
0.360247
0.336158
0.366033
0.372745
0.483919
0.507791
0.526956
0.516754
0.545459
0.547045
0.288312
0.290051
0.334261
0.326219
0.424797
0.431005
0.416716
0.419869
0.586335
0.58717
0.576
0.534744
0.559641
0.570162
0.566547
0.563331
0.342425
0.29196
0.443905
0.511351
0.498438
0.477466
0.36383
0.354855
0.518893
0.528459
0.550439
0.550664
0.564183
0.561966
0.334001
0.305375
0.26947
0.284389
0.312967
0.306454
0.314107
0.29673
0.582124
0.588001
0.46972
0.420373
0.424463
0.454655
0.380378
0.335929
0.36633
0.380718
0.325941
0.329108
0.419463
0.441729
0.456122
0.465774
0.378243
0.410943
0.441019
0.423811
0.48578
0.467911
0.519992
0.505943
0.516711
0.479975
0.304551
0.324151
0.319779
0.287117
0.372204
0.343599
0.334398
0.331396
0.603769
0.642204
0.630592
0.591082
0.502071
0.465951
0.352471
0.361476
0.350153
0.313661
0.528207
0.575085
0.572716
0.553307
0.42632
0.387132
0.537076
0.554821
0.441326
0.461495
0.400186
0.408035
0.44488
0.456719
0.400296
0.411479
0.364136
0.386081
0.625073
0.584627
0.357228
0.340813
0.538992
0.504471
0.605169
0.612935
0.575743
0.580018
0.623608
0.611976
0.603737
0.587135
0.653452
0.642682
0.39412
0.445748
0.439016
0.428692
0.401952
0.387278
0.390509
0.346417
0.508219
0.453479
0.460078
0.482869
0.377131
0.381316
0.351805
0.370502
0.350622
0.387496
0.579973
0.567277
0.590949
0.607337
0.386737
0.401036
0.424632
0.452124
0.445316
0.406184
0.587169
0.547445
0.400327
0.374844
0.46292
0.45782
0.624364
0.633664
0.535507
0.481384
0.430699
0.437796
0.604716
0.544049
0.587859
0.607203
0.528663
0.494685
0.539144
0.547426
0.573843
0.636699
0.620191
0.597326
0.469458
0.499532
0.487126
0.447932
0.648691
0.627513
0.485984
0.468455
0.511643
0.52078
0.549505
0.524932
0.625315
0.616914
0.543779
0.55367
0.593555
0.566595
0.424929
0.409451
0.420248
0.390527
0.488703
0.445211
0.583376
0.539826
0.441233
0.474347
0.472182
0.435248
0.437215
0.476516
0.486221
0.474431
0.486998
0.48747
0.611783
0.600356
0.504236
0.492389
0.584977
0.604873
0.568808
0.560385
0.613282
0.570548
0.601514
0.603447
0.543166
0.525296
0.588175
0.563203
0.536284
0.504886
0.547227
0.581196
0.551576
0.54033
0.53004
0.528031
0.503209
0.501909
0.557634
0.594107
0.522184
0.486846
0.59256
0.544987
0.553089
0.564805
0.536343
0.537952
0.492511
0.504646
0.55265
0.544841
0.218538
0.252742
0.236554
0.245196
0.218462
0.190637
0.352521
0.346271
0.396292
0.421467
0.383647
0.391132
0.381017
0.35493
0.399419
0.441275
0.402169
0.438004
0.389978
0.405302
