# bunny_500f_2
# Number of vertices: 4002, Number of faces: 8000
# Preprocessing time: 22.2675
# Query time: 0.000561292
0.408777
0.352202
0.400809
0.437694
0.387451
0.377297
0.24375
0.482396
0.433107
0.301749
0.227725
0.326576
0.183636
0.350974
0.270779
0.163817
0.271796
0.235064
0.302298
0.431625
0.40687
0.523937
0.315334
0.484892
0.201983
0.446183
0.381456
0.160333
0.463925
0.434652
0.491069
0.550441
0.14943
0.371006
0.573926
0.457418
0.154598
0.357064
0.538779
0.501932
0.164924
0.158051
0.115857
0.175703
0.427593
0.510712
0.30726
0.500943
0.47308
0.386036
0.156904
0.101921
0.227809
0.487316
0.22076
0.559089
0.447118
0.255503
0.241931
0.495384
0.411497
0.419482
0.466736
0.589404
0.533759
0.355433
0.430235
0.272641
0.0978722
0.429126
0.136029
0.261811
0.407699
0.196826
0.306704
0.107976
0.232207
0.12692
0.332558
0.2903
0.17073
0.448059
0.458489
0.210784
0.304415
0.477936
0.237433
0.373234
0.480751
0.0743558
0.168405
0.394427
0.308225
0.0467022
0.307794
0.367654
0.394348
0.201745
0.125193
0.346102
0
0.202671
0.254872
0.424732
0.492576
0.092121
0.428494
0.358381
0.110997
0.0708657
0.28718
0.41206
0.130343
0.306127
0.174993
0.162158
0.179824
0.484838
0.404965
0.266795
0.466146
0.191714
0.386448
0.426672
0.104053
0.516814
0.247534
0.0576512
0.380501
0.346931
0.441616
0.309837
0.154582
0.344912
0.129282
0.340433
0.457302
0.0611794
0.228262
0.112608
0.449695
0.292089
0.237138
0.31751
0.561034
0.151101
0.472522
0.367219
0.460134
0.350389
0.377273
0.54562
0.596987
0.494953
0.545914
0.222986
0.128681
0.554192
0.550142
0.279948
0.198519
0.30272
0.392225
0.402781
0.429038
0.370711
0.483394
0.414178
0.376022
0.435145
0.172215
0.278539
0.191428
0.240069
0.527016
0.599569
0.466661
0.336476
0.471902
0.459403
0.460464
0.207971
0.166475
0.176739
0.282274
0.248364
0.299323
0.423245
0.354431
0.296058
0.42266
0.450226
0.397199
0.217013
0.351023
0.224489
0.267468
0.404481
0.351095
0.525587
0.42246
0.388421
0.287667
0.518486
0.455273
0.499893
0.528872
0.25273
0.379502
0.563404
0.268817
0.286469
0.570212
0.508858
0.5478
0.563731
0.57857
0.361139
0.317699
0.437281
0.632319
0.50664
0.341187
0.55716
0.482646
0.511364
0.383079
0.322048
0.552385
0.462694
0.332078
0.359246
0.416384
0.43019
0.594778
0.443049
0.378853
0.620518
0.597904
0.406249
0.551311
0.452539
0.605232
0.506453
0.48603
0.482481
0.545565
0.531171
0.589327
0.461709
0.530828
0.544528
0.389715
0.361637
0.3779
0.371008
0.396183
0.425659
0.409775
0.394835
0.418926
0.401561
0.422282
0.369555
0.348904
0.4706
0.441274
0.464545
0.459507
0.444663
0.458199
0.353361
0.336354
0.31199
0.328994
0.492691
0.466776
0.32752
0.491562
0.30085
0.271559
0.268569
0.417245
0.409189
0.440256
0.455373
0.234213
0.264763
0.416291
0.330481
0.216527
0.198864
0.378993
0.265053
0.238982
0.376904
0.254837
0.285155
0.299852
0.285246
0.422019
0.396725
0.210042
0.428912
0.453034
0.350059
0.171401
0.184513
0.505224
0.47698
0.2185
0.190391
0.519203
0.515443
0.251909
0.343639
0.318393
0.2253
0.256615
0.28896
0.279733
0.307321
0.193664
0.164825
0.520044
0.388747
0.405667
0.479469
0.444286
0.360193
0.191565
0.237553
0.279235
0.494838
0.494812
0.46147
0.172231
0.163471
0.341568
0.510297
0.158354
0.183265
0.44694
0.4327
0.42673
0.340443
0.531126
0.550479
0.566664
0.496069
0.258568
0.221285
0.518832
0.539055
0.275177
0.447308
0.149246
0.146259
0.425521
0.481268
0.402292
0.538481
0.438588
0.405498
0.473225
0.383605
0.366805
0.330097
0.393627
0.474964
0.472245
0.445416
0.394087
0.415619
0.515332
0.497608
0.523615
0.559178
0.576498
0.586602
0.514511
0.500301
0.312222
0.268321
0.128259
0.127845
0.132582
0.160629
0.169189
0.147883
0.182112
0.149955
0.47797
0.437622
0.134131
0.490161
0.151307
0.174302
0.35249
0.376423
0.579849
0.506171
0.254989
0.290781
0.200478
0.55797
0.53541
0.413658
0.452939
0.316017
0.130295
0.098886
0.506598
0.469325
0.380182
0.347368
0.382649
0.408917
0.34612
0.425725
0.578848
0.185064
0.170988
0.450555
0.121145
0.124296
0.100549
0.189687
0.218248
0.183406
0.437952
0.534597
0.160633
0.192611
0.343369
0.380574
0.418872
0.464608
0.240092
0.240429
0.213419
0.101092
0.0785786
0.0757234
0.261837
0.239524
0.14897
0.183191
0.555897
0.513622
0.465355
0.480553
0.391289
0.390183
0.141816
0.406694
0.421819
0.125615
0.0717594
0.378962
0.144827
0.161409
0.123418
0.313799
0.28619
0.274384
0.466505
0.448532
0.277642
0.304831
0.214391
0.235004
0.496547
0.181385
0.195798
0.251972
0.107304
0.101221
0.419302
0.440232
0.355016
0.384971
0.147034
0.214661
0.230752
0.246237
0.0972303
0.186095
0.225257
0.070564
0.47151
0.344806
0.322915
0.266465
0.228593
0.253302
0.231867
0.473714
0.458135
0.29899
0.321304
0.261778
0.139326
0.114605
0.323225
0.284952
0.441738
0.447807
0.083871
0.26796
0.463673
0.201825
0.0488446
0.450002
0.444088
0.189009
0.164824
0.452349
0.429665
0.414693
0.425613
0.437152
0.188057
0.160118
0.415648
0.123892
0.0893664
0.276846
0.0539223
0.0226547
0.0357959
0.493205
0.459323
0.189481
0.215577
0.168405
0.209996
0.448067
0.340976
0.273413
0.240394
0.396727
0.148767
0.184485
0.265716
0.296728
0.401894
0.444829
0.4096
0.430239
0.266936
0.3414
0.366462
0.376212
0.389684
0.367866
0.143202
0.407202
0.0654888
0.0960497
0.332893
0.466184
0.459268
0.314103
0.29398
0.487998
0.444706
0.394144
0.399837
0.349353
0.0427496
0.038051
0.282154
0.490796
0.375087
0.363468
0.253349
0.292961
0.455979
0.421915
0.335514
0.328264
0.326954
0.105991
0.121761
0.465205
0.389076
0.267261
0.293102
0.523017
0.518054
0.122698
0.0901112
0.490648
0.454405
0.297466
0.284523
0.129961
0.118289
0.0996828
0.169614
0.433282
0.461294
0.223326
0.211857
0.0301409
0.0580517
0.413909
0.390999
0.0675278
0.0308694
0.357306
0.410423
0.380656
0.305561
0.135896
0.155301
0.170736
0.175636
0.29102
0.320688
0.448886
0.426209
0.32231
0.423668
0.0460445
0.142957
0.258103
0.27864
0.509034
0.483952
0.334672
0.0870723
0.325611
0.344983
0.134413
0.144217
0.214729
0.364493
0.36374
0.0840277
0.429774
0.440267
0.351556
0.324876
0.455111
0.331564
0.377203
0.164396
0.31331
0.472995
0.488184
0.191445
0.191262
0.217533
0.137183
0.112591
0.0797305
0.542566
0.559977
0.521664
0.323599
0.295815
0.319881
0.111316
0.0969023
0.190296
0.524601
0.343108
0.266514
0.475386
0.326381
0.541275
0.5098
0.12399
0.0940662
0.517064
0.516975
0.138168
0.159137
0.170405
0.447271
0.426355
0.211585
0.186829
0.076422
0.487321
0.111942
0.349515
0.358857
0.56657
0.58296
0.345525
0.353154
0.382631
0.289509
0.24971
0.174099
0.371041
0.55559
0.515672
0.405381
0.384249
0.369517
0.389169
0.486675
0.238334
0.211669
0.194209
0.373838
0.400956
0.557921
0.415155
0.406589
0.26401
0.258042
0.433187
0.429398
0.457449
0.292329
0.261174
0.379801
0.516886
0.180215
0.154011
0.156154
0.144328
0.159694
0.186862
0.419967
0.425594
0.549784
0.575306
0.185688
0.166501
0.403833
0.387914
0.335708
0.353706
0.13808
0.144511
0.46653
0.44445
0.23567
0.270732
0.252417
0.301908
0.581935
0.334083
0.324829
0.179911
0.489813
0.494023
0.492499
0.251474
0.377964
0.214868
0.166408
0.309442
0.351961
0.406018
0.235976
0.504634
0.49458
0.452157
0.308177
0.45403
0.47803
0.433435
0.443242
0.426772
0.436321
0.591479
0.589104
0.453251
0.207361
0.218911
0.601962
0.419083
0.412664
0.582889
0.594558
0.458268
0.396963
0.207823
0.280974
0.284155
0.232381
0.242493
0.43424
0.265444
0.498202
0.376479
0.396745
0.259479
0.216015
0.197761
0.218762
0.192677
0.198872
0.2303
0.214213
0.32579
0.325661
0.530017
0.36516
0.469352
0.355968
0.406582
0.237628
0.497854
0.495087
0.51477
0.330876
0.349439
0.475107
0.479478
0.333464
0.375441
0.368043
0.441246
0.427825
0.441603
0.412328
0.432533
0.247603
0.249546
0.317797
0.318781
0.386282
0.397813
0.49522
0.523866
0.299532
0.279394
0.320723
0.368445
0.503649
0.245317
0.239787
0.538177
0.513659
0.465443
0.279522
0.553562
0.530962
0.546806
0.545155
0.55374
0.330793
0.259792
0.487774
0.532987
0.473868
0.47521
0.470069
0.317677
0.357079
0.505901
0.267149
0.29844
0.560469
0.275881
0.271515
0.40148
0.346975
0.360741
0.482208
0.526167
0.53
0.308894
0.303908
0.409977
0.419214
0.58901
0.543803
0.567409
0.559711
0.310685
0.501283
0.456569
0.35517
0.526592
0.52925
0.557006
0.317468
0.292865
0.283996
0.300987
0.580637
0.440347
0.431022
0.34694
0.375774
0.324558
0.416026
0.449309
0.420144
0.392028
0.471821
0.507587
0.480538
0.310178
0.299289
0.354671
0.327795
0.620468
0.607801
0.468018
0.354595
0.329596
0.572353
0.537152
0.398756
0.534745
0.414997
0.423962
0.453425
0.37937
0.396912
0.598204
0.344199
0.514265
0.585056
0.591348
0.609681
0.592443
0.645158
0.433681
0.405695
0.389267
0.360249
0.449481
0.490499
0.36114
0.37188
0.36227
0.564561
0.592287
0.38764
0.430823
0.41938
0.556191
0.383195
0.454002
0.627386
0.500769
0.432151
0.560643
0.600213
0.514341
0.532799
0.620435
0.576695
0.477099
0.457288
0.640216
0.484572
0.499216
0.528615
0.623627
0.544479
0.57452
0.418964
0.394643
0.462449
0.556254
0.452763
0.448323
0.452115
0.474497
0.479552
0.595599
0.491367
0.579459
0.563029
0.58146
0.602405
0.528145
0.567045
0.514156
0.557571
0.535867
0.510531
0.508137
0.571405
0.498244
0.543515
0.572325
0.508529
0.514526
0.543183
0.235019
0.236813
0.202623
0.346344
0.403953
0.383765
0.363321
0.414529
0.415432
0.389863
0.375253
0.369165
0.383328
0.373451
0.382964
0.386671
0.410446
0.403709
0.41702
0.402802
0.407394
0.415327
0.396449
0.405387
0.411624
0.369659
0.360047
0.358761
0.455974
0.452278
0.466806
0.453669
0.43556
0.442354
0.440256
0.433854
0.452849
0.356462
0.343851
0.348809
0.324225
0.31974
0.331767
0.476605
0.464304
0.479868
0.338713
0.338517
0.328434
0.475342
0.477256
0.461478
0.286397
0.269922
0.284922
0.412682
0.425514
0.429623
0.453085
0.449439
0.463827
0.249064
0.267072
0.251592
0.419099
0.428238
0.42975
0.328284
0.315231
0.315433
0.222494
0.206688
0.21664
0.391008
0.405431
0.393658
0.25181
0.255807
0.269053
0.386102
0.382114
0.372841
0.270226
0.277583
0.260192
0.292387
0.299387
0.305702
0.409713
0.40651
0.42052
0.211875
0.227651
0.223001
0.442733
0.441047
0.455536
0.365079
0.364804
0.351761
0.18372
0.175556
0.191807
0.487005
0.491495
0.474574
0.204002
0.19934
0.212922
0.505675
0.505063
0.520309
0.259521
0.276752
0.269238
0.330556
0.334132
0.347797
0.239784
0.253079
0.240127
0.294394
0.30841
0.303522
0.279743
0.291515
0.296223
0.194224
0.175253
0.179174
0.520519
0.504925
0.507482
0.403231
0.397373
0.411674
0.465683
0.449614
0.460748
0.382118
0.36843
0.374417
0.209633
0.192864
0.208638
0.22717
0.2352
0.244824
0.284861
0.272396
0.265165
0.496022
0.477184
0.479563
0.168682
0.176984
0.181426
0.345749
0.335412
0.352434
0.499296
0.494816
0.518194
0.174481
0.172925
0.189968
0.438749
0.42537
0.434413
0.338769
0.324617
0.322801
0.544182
0.559867
0.549461
0.512853
0.513693
0.493863
0.240792
0.230138
0.248527
0.531509
0.550346
0.536931
0.267255
0.274208
0.282342
0.434777
0.423035
0.434281
0.145975
0.157411
0.160601
0.4417
0.427733
0.445143
0.499876
0.507149
0.489785
0.4168
0.401404
0.414498
0.524911
0.514938
0.532857
0.421498
0.413653
0.428574
0.462144
0.461639
0.47781
0.388882
0.375979
0.382597
0.355778
0.349249
0.337023
0.39948
0.383994
0.392654
0.471942
0.454195
0.456244
0.449552
0.466277
0.462891
0.403873
0.40758
0.393997
0.50355
0.494404
0.482829
0.502579
0.517884
0.525914
0.568867
0.583627
0.577371
0.507238
0.520102
0.527523
0.294895
0.273002
0.290698
0.142844
0.143311
0.127629
0.149022
0.152983
0.138274
0.16531
0.158953
0.154066
0.164793
0.162296
0.176747
0.456718
0.454388
0.474853
0.140717
0.156664
0.149492
0.519926
0.506324
0.501123
0.162204
0.167182
0.155828
0.346479
0.365441
0.3584
0.587597
0.573372
0.58123
0.548741
0.522469
0.533928
0.265902
0.28228
0.27259
0.211427
0.190441
0.201252
0.547607
0.52778
0.537054
0.43066
0.445941
0.42825
0.30221
0.310279
0.323109
0.128875
0.114119
0.114693
0.489002
0.472301
0.489769
0.363453
0.364107
0.379906
0.38535
0.393189
0.39965
0.329088
0.349894
0.332793
0.403502
0.38782
0.409448
0.584996
0.575641
0.569067
0.177418
0.179826
0.17139
0.462093
0.43999
0.447926
0.121882
0.136661
0.135789
0.114565
0.130353
0.116156
0.183629
0.191266
0.18208
0.199524
0.190284
0.209991
0.429065
0.426112
0.439303
0.536419
0.521565
0.521704
0.172298
0.175999
0.189011
0.343715
0.36093
0.363486
0.43558
0.458218
0.440681
0.239322
0.227972
0.225248
0.117803
0.12781
0.112432
0.0730782
0.0871344
0.0883459
0.2508
0.240803
0.251602
0.160968
0.188333
0.168736
0.536265
0.526555
0.545575
0.482261
0.480073
0.494978
0.497394
0.471956
0.489336
0.400843
0.386767
0.401177
0.145577
0.134566
0.149933
0.402387
0.383646
0.398358
0.42124
0.426239
0.41314
0.139016
0.135444
0.147362
0.0732953
0.0902726
0.08517
0.478396
0.464986
0.491717
0.392678
0.383788
0.39947
0.158308
0.167711
0.151245
0.570871
0.580015
0.56638
0.133447
0.135916
0.143929
0.33111
0.313164
0.331609
0.2813
0.270025
0.273442
0.451334
0.441149
0.456527
0.284761
0.295537
0.299373
0.22731
0.237387
0.225021
0.480281
0.483478
0.497705
0.197528
0.203804
0.188765
0.243636
0.267161
0.258228
0.114768
0.111681
0.101609
0.417457
0.433844
0.424364
0.366104
0.379772
0.368782
0.154009
0.172465
0.164629
0.221028
0.238258
0.229632
0.224366
0.236797
0.242482
0.101375
0.112203
0.116684
0.181749
0.21008
0.211064
0.0842969
0.083644
0.0689057
0.443538
0.455945
0.458873
0.343962
0.330297
0.334257
0.266948
0.247883
0.24755
0.244299
0.241972
0.232501
0.480555
0.466012
0.473784
0.310681
0.31069
0.320446
0.240438
0.258712
0.233384
0.126288
0.130266
0.142038
0.304406
0.297409
0.317254
0.45322
0.442007
0.452848
0.0996116
0.0919197
0.106125
0.265415
0.27544
0.257488
0.480259
0.468797
0.483793
0.210241
0.196343
0.21343
0.0669155
0.0762155
0.0582641
0.444407
0.428362
0.433437
0.204286
0.201551
0.191275
0.138637
0.152434
0.152824
0.457396
0.438626
0.446715
0.400795
0.397844
0.418479
0.442273
0.430996
0.449018
0.182687
0.175359
0.169747
0.429164
0.441342
0.425199
0.105559
0.105396
0.121291
0.284229
0.269024
0.286182
0.0722688
0.0607057
0.0774275
0.0232348
0.0412818
0.0321163
0.467519
0.47652
0.449441
0.202601
0.20823
0.19372
0.171755
0.18894
0.196686
0.447862
0.465762
0.463727
0.340341
0.346228
0.330719
0.264778
0.27425
0.263284
0.22302
0.234404
0.227944
0.410329
0.424724
0.413068
0.176938
0.176968
0.188113
0.165817
0.173712
0.15427
0.26958
0.28123
0.286181
0.408504
0.422788
0.430714
0.394912
0.405014
0.419351
0.264287
0.251033
0.253225
0.344889
0.35282
0.356106
0.380387
0.380043
0.371578
0.13086
0.142849
0.151619
0.398107
0.409048
0.401979
0.0806051
0.0956736
0.081406
0.325984
0.337063
0.331436
0.456892
0.449571
0.464223
0.303865
0.299699
0.308102
0.472704
0.458873
0.443687
0.416461
0.400571
0.426256
0.394223
0.384917
0.380423
0.361376
0.342889
0.354098
0.0285242
0.0359169
0.0489364
0.0504583
0.0506928
0.0340445
0.283916
0.288068
0.275684
0.469511
0.457137
0.475849
0.385082
0.369141
0.380374
0.263254
0.274853
0.279803
0.449704
0.437966
0.43238
0.324797
0.332432
0.321995
0.345228
0.336464
0.356885
0.114328
0.110144
0.0993016
0.4667
0.456918
0.465796
0.383159
0.377405
0.394872
0.264745
0.280483
0.278849
0.523447
0.505033
0.509357
0.113959
0.0971275
0.107435
0.474194
0.45607
0.471656
0.281968
0.274178
0.29008
0.125322
0.112419
0.112716
0.157479
0.150024
0.135074
0.447666
0.456432
0.441807
0.204415
0.197712
0.217325
0.043913
0.0469113
0.0307085
0.414635
0.401252
0.406749
0.0565302
0.0486918
0.0353995
0.374503
0.365909
0.382486
0.399954
0.384477
0.395566
0.282007
0.293579
0.295341
0.138379
0.14614
0.150395
0.162287
0.169601
0.164803
0.295098
0.307461
0.307981
0.421638
0.434904
0.411623
0.309493
0.321596
0.30732
0.419168
0.41235
0.426859
0.0339823
0.0355936
0.0219909
0.132074
0.138453
0.127902
0.274447
0.269062
0.285255
0.476655
0.498767
0.464692
0.327682
0.329348
0.339245
0.0769428
0.0846997
0.0910054
0.326019
0.336432
0.335086
0.129684
0.140635
0.13463
0.198993
0.19997
0.212555
0.36355
0.354268
0.35464
0.085759
0.0731555
0.070457
0.419858
0.43327
0.425222
0.342133
0.329164
0.338263
0.422506
0.441445
0.438245
0.315688
0.327162
0.318625
0.378271
0.366247
0.363418
0.144913
0.153787
0.154513
0.305907
0.320117
0.310956
0.467084
0.479513
0.474772
0.188243
0.203342
0.201361
0.136823
0.125011
0.125502
0.0970664
0.0985406
0.0825499
0.507711
0.53058
0.519163
0.537452
0.515766
0.540513
0.31032
0.305958
0.319858
0.104502
0.0895136
0.0986602
0.179491
0.176746
0.18919
0.509796
0.507746
0.526767
0.3304
0.339526
0.34982
0.271939
0.28089
0.28711
0.470694
0.45186
0.457019
0.305106
0.312394
0.319763
0.529775
0.504367
0.515868
0.479401
0.466179
0.499591
0.109328
0.092956
0.109297
0.500661
0.502331
0.516111
0.12462
0.116162
0.127285
0.14858
0.152707
0.163899
0.436135
0.418084
0.429706
0.205678
0.193503
0.197449
0.0592722
0.0766527
0.0617229
0.480754
0.467552
0.462568
0.0999524
0.094469
0.0817409
0.339137
0.345095
0.354007
0.576097
0.564027
0.554625
0.334677
0.347615
0.339498
0.362296
0.372715
0.370919
0.276037
0.268853
0.257465
0.170045
0.180146
0.176065
0.358316
0.346342
0.360774
0.534901
0.51444
0.53573
0.391432
0.378625
0.394223
0.367175
0.379986
0.375322
0.471558
0.478752
0.465456
0.223516
0.231458
0.242786
0.190138
0.203755
0.180926
0.376986
0.387916
0.39287
0.520608
0.537151
0.541688
0.404178
0.414343
0.398442
0.239345
0.259028
0.237393
0.41887
0.43064
0.417076
0.442377
0.42933
0.442876
0.275907
0.276281
0.259935
0.362971
0.367599
0.376404
0.499241
0.515975
0.501983
0.16733
0.155976
0.170616
0.139926
0.139472
0.153855
0.139056
0.152552
0.148374
0.172341
0.178982
0.167407
0.409767
0.420145
0.41325
0.517209
0.532625
0.532484
0.561566
0.573633
0.554798
0.178913
0.16104
0.171583
0.392305
0.383674
0.395779
0.324781
0.344871
0.336521
0.124567
0.128998
0.13955
0.449147
0.438213
0.455398
0.234651
0.253922
0.25276
0.277651
0.288959
0.263736
0.572088
0.586346
0.573449
0.311608
0.330033
0.307038
0.16167
0.154373
0.173386
0.47326
0.475166
0.492497
0.487861
0.506328
0.489394
0.241712
0.233039
0.221542
0.359859
0.356252
0.338405
0.181649
0.205475
0.19128
0.155026
0.140449
0.151731
0.316038
0.339154
0.32998
0.393859
0.395053
0.408136
0.229573
0.221739
0.244272
0.485034
0.497599
0.479696
0.449106
0.433883
0.438697
0.289627
0.305621
0.288139
0.452398
0.463516
0.465525
0.42587
0.439653
0.431038
0.414811
0.418721
0.427956
0.577898
0.577052
0.590271
0.429126
0.439238
0.444066
0.196454
0.212664
0.202207
0.597287
0.587254
0.596035
0.416162
0.395723
0.398764
0.567249
0.567471
0.585167
0.592641
0.571628
0.57613
0.440628
0.439072
0.421601
0.380122
0.383291
0.392184
0.186071
0.193182
0.195241
0.264663
0.268224
0.278278
0.220353
0.238381
0.223083
0.593241
0.601459
0.60731
0.401541
0.418809
0.414068
0.223157
0.239896
0.246847
0.476137
0.495231
0.477186
0.364626
0.374393
0.386484
0.248917
0.227529
0.238515
0.204652
0.188194
0.198323
0.205787
0.193443
0.207359
0.179049
0.193957
0.182485
0.214848
0.222357
0.205002
0.309528
0.32396
0.308066
0.512571
0.494343
0.511803
0.345054
0.349884
0.328297
0.459129
0.44782
0.456226
0.366451
0.390287
0.381262
0.225086
0.22156
0.207984
0.483146
0.497687
0.482539
0.495393
0.487987
0.505807
0.327725
0.339236
0.339135
0.463913
0.476565
0.466744
0.318262
0.331205
0.344833
0.36206
0.358665
0.371422
0.427388
0.418739
0.406678
0.420054
0.435707
0.427661
0.425471
0.434197
0.41893
0.231058
0.248959
0.233747
0.300776
0.298443
0.316596
0.377391
0.392581
0.383375
0.496361
0.508792
0.511656
0.280539
0.26898
0.289163
0.321882
0.3128
0.330755
0.32402
0.351072
0.342935
0.498183
0.48614
0.491633
0.242507
0.230127
0.23191
0.527149
0.504159
0.518878
0.444389
0.453458
0.453225
0.264008
0.245239
0.261465
0.544051
0.522388
0.534741
0.516982
0.539392
0.525433
0.534904
0.549252
0.539295
0.309883
0.316123
0.325688
0.249376
0.24499
0.235817
0.499176
0.524258
0.511175
0.451588
0.474304
0.455943
0.477706
0.454735
0.464515
0.318696
0.336046
0.337251
0.475639
0.49186
0.489586
0.2714
0.282824
0.289904
0.547184
0.545906
0.554886
0.263834
0.259944
0.248686
0.254901
0.267529
0.25199
0.393678
0.380757
0.38932
0.337565
0.352264
0.34528
0.476327
0.487463
0.474625
0.513636
0.527439
0.516302
0.286041
0.310078
0.289578
0.409505
0.409906
0.413317
0.568111
0.574996
0.554521
0.542733
0.554466
0.556573
0.535865
0.544697
0.549419
0.292139
0.299046
0.314545
0.486615
0.480075
0.463779
0.332375
0.308638
0.333332
0.523739
0.534265
0.518125
0.540514
0.52622
0.54218
0.311011
0.298346
0.293339
0.275685
0.289413
0.271909
0.294535
0.286803
0.277323
0.569089
0.556264
0.56753
0.423839
0.431821
0.448789
0.423856
0.433324
0.425203
0.344693
0.359491
0.359759
0.301177
0.313367
0.3119
0.432592
0.440191
0.423006
0.394136
0.407054
0.382158
0.446259
0.430787
0.456109
0.495753
0.482947
0.494514
0.303509
0.287037
0.29276
0.337168
0.338838
0.352111
0.312644
0.310404
0.295826
0.623879
0.60289
0.604453
0.465496
0.458599
0.475369
0.342171
0.323254
0.336602
0.554147
0.554266
0.538853
0.377774
0.375087
0.397269
0.531183
0.517498
0.519401
0.416362
0.435916
0.435465
0.37117
0.376698
0.389612
0.604894
0.585331
0.591393
0.336849
0.327577
0.319166
0.511235
0.519992
0.528267
0.573808
0.573727
0.589148
0.594236
0.588545
0.601885
0.577255
0.590982
0.580654
0.616277
0.62627
0.634198
0.417938
0.417578
0.400989
0.371417
0.356667
0.375561
0.459306
0.469068
0.478852
0.35193
0.359142
0.365146
0.362766
0.343825
0.345163
0.567553
0.579017
0.573842
0.377772
0.361128
0.373601
0.423258
0.403599
0.409377
0.550029
0.542003
0.560032
0.383558
0.371
0.367291
0.436558
0.437693
0.4202
0.610908
0.59291
0.60811
0.511318
0.486442
0.495283
0.399371
0.416511
0.415488
0.556709
0.579541
0.57685
0.501138
0.522628
0.511738
0.608704
0.599044
0.587731
0.467203
0.446995
0.454017
0.655066
0.634012
0.640884
0.47082
0.492855
0.475495
0.515205
0.502735
0.488063
0.634582
0.628333
0.649937
0.52903
0.506365
0.522519
0.545021
0.553952
0.566992
0.40326
0.393749
0.405991
0.446733
0.445284
0.465635
0.378128
0.391113
0.383739
0.565545
0.54154
0.553286
0.450851
0.433087
0.435211
0.461201
0.452637
0.44092
0.463746
0.465627
0.448061
0.614083
0.60799
0.621814
0.472381
0.456992
0.477935
0.585761
0.569341
0.579019
0.57993
0.596086
0.593732
0.546398
0.54062
0.560296
0.572615
0.590218
0.584108
0.519474
0.502862
0.50997
0.562074
0.546812
0.550917
0.495141
0.494196
0.508307
0.580425
0.564377
0.560975
0.521512
0.510116
0.52471
0.47111
0.475737
0.492277
0.558584
0.561039
0.574468
0.49045
0.495076
0.512272
0.558917
0.552118
0.56752
0.522175
0.503593
0.526799
0.526616
0.530748
0.513786
0.241225
0.246313
0.229407
0.242723
0.231643
0.223533
0.262884
0.252452
0.248275
0.224951
0.20665
0.219772
0.186414
0.200437
0.188139
0.32912
0.33545
0.340032
0.408535
0.41167
0.401497
0.407596
0.397717
0.394467
0.357497
0.354317
0.366345
0.35934
0.369797
0.373543
0.394575
0.415187
0.394503
0.433589
0.431811
0.413652
0.413414
0.401584
0.402119
0.378424
0.368854
0.376534
0.398701
0.392493
0.382454
0.369302
0.355921
0.364573
0.401726
0.361229
0.380227
0.390909
0.432163
0.423444
0.418006
0.397298
0.428192
0.39052
0.398704
0.409596
0.417224
0.427832
0.387669
0.415765
0.3602
0.348605
0.379061
0.349618
0.481463
0.479182
0.458831
0.444466
0.437071
0.449146
0.448105
0.471448
0.463866
0.425638
0.471438
0.444847
0.343569
0.365768
0.340196
0.33108
0.340508
0.318333
0.307423
0.316723
0.494078
0.479402
0.488798
0.4523
0.316081
0.338798
0.488823
0.492026
0.300645
0.284156
0.302684
0.287244
0.255729
0.254363
0.432259
0.40109
0.396288
0.421128
0.469301
0.44077
0.436658
0.442404
0.238607
0.230954
0.247168
0.282169
0.40824
0.424536
0.317537
0.3416
0.211543
0.230235
0.201747
0.193415
0.380183
0.377647
0.282946
0.248449
0.235909
0.241834
0.363691
0.389904
0.242869
0.264632
0.276145
0.295218
0.31319
0.286281
0.27821
0.293035
0.434073
0.412309
0.401026
0.390551
0.222684
0.196908
0.469051
0.430592
0.427702
0.439678
0.337447
0.36478
0.204627
0.176824
0.168545
0.1686
0.460835
0.49718
0.509881
0.49361
0.227333
0.209923
0.195406
0.185694
0.535614
0.531642
0.504053
0.499439
0.26228
0.242998
0.362061
0.325159
0.313656
0.322824
0.226485
0.226246
0.244711
0.265441
0.297521
0.280308
0.313232
0.265441
0.296916
0.308331
0.177068
0.163107
0.210007
0.158939
0.50153
0.535819
0.420833
0.395692
0.380937
0.389291
0.473034
0.454249
0.483256
0.435236
0.367239
0.354652
0.208697
0.175979
0.255285
0.219444
0.256
0.29974
0.478553
0.463072
0.511241
0.51226
0.475165
0.457516
0.186523
0.160106
0.156109
0.171565
0.353704
0.323889
0.535394
0.486964
0.202205
0.15946
0.158018
0.167449
0.440183
0.438935
0.454078
0.449173
0.418403
0.416582
0.327299
0.354613
0.533553
0.554069
0.528434
0.536741
0.563479
0.573256
0.476254
0.517201
0.265355
0.250907
0.232077
0.210992
0.523995
0.507819
0.513544
0.560616
0.290771
0.259389
0.447499
0.448685
0.165437
0.133422
0.132656
0.158939
0.440766
0.413767
0.471774
0.484978
0.416008
0.388
0.546545
0.529043
0.445301
0.435817
0.417193
0.40248
0.493496
0.451956
0.373606
0.394776
0.371912
0.360956
0.317924
0.343142
0.413823
0.375287
0.463267
0.489269
0.488477
0.454281
0.430964
0.463927
0.381937
0.406316
0.414886
0.421634
0.525551
0.507809
0.537573
0.481791
0.512589
0.510324
0.568861
0.580741
0.54636
0.557971
0.586671
0.589238
0.533453
0.494703
0.487456
0.513837
0.308011
0.287145
0.315789
0.249551
0.112871
0.113223
0.143268
0.14387
0.12208
0.14664
0.149795
0.141678
0.169835
0.173558
0.162633
0.153755
0.192879
0.17036
0.151966
0.1496
0.495705
0.460861
0.441615
0.433474
0.142452
0.124602
0.483324
0.495639
0.143686
0.158436
0.169221
0.175624
0.37069
0.334383
0.369757
0.383702
0.591988
0.560893
0.519599
0.494829
0.261656
0.281408
0.248964
0.299434
0.221856
0.179191
0.548087
0.563576
0.549675
0.517868
0.416168
0.418293
0.440244
0.468878
0.336694
0.294813
0.118384
0.100899
0.143523
0.0984525
0.505156
0.503679
0.483707
0.452839
0.396437
0.398154
0.36598
0.348814
0.349995
0.368023
0.41416
0.40087
0.325989
0.366531
0.431661
0.418425
0.58652
0.568847
0.1628
0.175624
0.188701
0.181729
0.473149
0.429125
0.137248
0.107399
0.110271
0.137933
0.105427
0.100158
0.173166
0.200686
0.230175
0.207781
0.193017
0.171318
0.450973
0.427393
0.54902
0.516096
0.20797
0.157823
0.16478
0.180071
0.383682
0.326845
0.358553
0.377185
0.423207
0.44654
0.414825
0.48169
0.222088
0.207924
0.252596
0.251331
0.229983
0.217621
0.0981233
0.108075
0.0962796
0.0619613
0.0624597
0.0890941
0.262776
0.259199
0.248699
0.22953
0.158436
0.136797
0.153807
0.212219
0.560137
0.546418
0.52281
0.504877
0.468748
0.465579
0.507198
0.454357
0.408873
0.408204
0.374815
0.374161
0.156342
0.12626
0.402047
0.41338
0.415664
0.432441
0.131102
0.122434
0.0859933
0.0577228
0.390703
0.368017
0.135805
0.143468
0.153195
0.179455
0.122466
0.128429
0.333625
0.293668
0.274798
0.291631
0.283693
0.264446
0.472853
0.464196
0.464538
0.433618
0.297386
0.26845
0.289973
0.308671
0.212251
0.222811
0.217424
0.246533
0.498692
0.490073
0.173536
0.182018
0.190248
0.209479
0.22581
0.27777
0.0920437
0.0889858
0.12191
0.113363
0.428671
0.402235
0.437569
0.451163
0.360015
0.375182
0.352519
0.395004
0.157916
0.136364
0.224341
0.23923
0.205333
0.213788
0.249965
0.257227
0.085287
0.109725
0.212579
0.157083
0.211913
0.234256
0.055067
0.0882478
0.474547
0.468581
0.336928
0.328764
0.357389
0.315456
0.250199
0.231345
0.284883
0.227794
0.221354
0.255295
0.251996
0.242199
0.46583
0.48793
0.459866
0.451888
0.328286
0.299555
0.301239
0.314387
0.247488
0.281937
0.15417
0.123951
0.11074
0.120469
0.336273
0.313125
0.293814
0.277328
0.458936
0.455779
0.43161
0.438235
0.09412
0.0771815
0.251841
0.285705
0.475579
0.453977
0.218547
0.18588
0.0430076
0.0602248
0.44163
0.462944
0.462548
0.425899
0.178569
0.199965
0.166504
0.165779
0.439192
0.470878
0.432484
0.420108
0.436775
0.392926
0.454599
0.438049
0.411753
0.418067
0.155658
0.193781
0.186972
0.171307
0.407941
0.420474
0.139286
0.109404
0.0888403
0.0928996
0.293282
0.258415
0.0701576
0.045169
0.0333191
0.0120576
0.0174484
0.054661
0.431647
0.484364
0.504444
0.488254
0.180096
0.199672
0.211429
0.223395
0.220034
0.148049
0.187293
0.204646
0.465532
0.4309
0.325717
0.354146
0.263245
0.283364
0.237499
0.246309
0.402256
0.394351
0.136968
0.161549
0.178824
0.19332
0.301783
0.252575
0.277301
0.291614
0.453097
0.387602
0.414228
0.435446
0.436682
0.447339
0.38653
0.416803
0.259223
0.277218
0.370031
0.335707
0.349242
0.362512
0.3704
0.362931
0.38427
0.389178
0.392464
0.378672
0.165842
0.119862
0.399246
0.417135
0.0682688
0.0664358
0.0827985
0.108951
0.3207
0.345537
0.481941
0.477809
0.451971
0.443009
0.317986
0.311121
0.299801
0.291818
0.501724
0.476446
0.455788
0.434157
0.409972
0.38052
0.411985
0.394053
0.370373
0.329013
0.0653251
0.0210806
0.0199488
0.0545308
0.269081
0.294489
0.494558
0.48441
0.376703
0.392144
0.359301
0.353198
0.298051
0.242972
0.261639
0.2795
0.415781
0.468664
0.446551
0.429427
0.317315
0.323707
0.34261
0.33913
0.33709
0.316749
0.0884806
0.120675
0.126496
0.119307
0.459387
0.444693
0.406524
0.372586
0.284668
0.294973
0.251248
0.297679
0.507897
0.536668
0.536403
0.497116
0.116667
0.101574
0.127509
0.0792199
0.487554
0.46952
0.493325
0.439728
0.305936
0.300509
0.290803
0.268913
0.113575
0.0963767
0.141417
0.13334
0.106549
0.102387
0.179873
0.160351
0.427972
0.441377
0.454679
0.470974
0.235753
0.230244
0.21187
0.192886
0.0144609
0.0451829
0.0574308
0.0625506
0.399278
0.426964
0.400803
0.386777
0.0161351
0.0775275
0.0613089
0.0449154
0.369174
0.349774
0.406604
0.393187
0.416031
0.368908
0.310021
0.305189
0.162795
0.127361
0.146968
0.154904
0.175552
0.165739
0.175888
0.177676
0.314808
0.278584
0.301704
0.316627
0.407131
0.4362
0.461648
0.44861
0.311766
0.334693
0.438334
0.407825
0.0479899
0.0511302
0.13631
0.151563
0.294473
0.262925
0.252967
0.263231
0.451265
0.486771
0.53206
0.519247
0.344218
0.323117
0.0975744
0.0747
0.335868
0.344859
0.315716
0.346756
0.137131
0.122666
0.1452
0.150621
0.224875
0.204342
0.356714
0.373231
0.372786
0.353884
0.0697563
0.0987436
0.433418
0.417779
0.443034
0.447744
0.348716
0.334866
0.354632
0.315924
0.451648
0.46146
0.324497
0.338998
0.362764
0.391312
0.166596
0.160106
0.299117
0.328554
0.485666
0.460669
0.484464
0.491665
0.209079
0.220551
0.177676
0.183563
0.204316
0.222818
0.125794
0.11191
0.147071
0.112222
0.06678
0.0950897
0.531219
0.549114
0.560319
0.544181
0.558922
0.495286
0.332045
0.331799
0.316434
0.302521
0.291344
0.305936
0.106549
0.119109
0.113366
0.0797329
0.20558
0.176607
0.543744
0.503673
0.364046
0.322617
0.25747
0.277003
0.464025
0.459217
0.333958
0.320879
0.5293
0.552101
0.531895
0.489439
0.125325
0.125922
0.111191
0.0780695
0.532893
0.531844
0.500917
0.504243
0.142612
0.133839
0.174641
0.180413
0.144342
0.16089
0.443113
0.454694
0.444446
0.407451
0.203987
0.190837
0.219987
0.179917
0.0638728
0.0938912
0.473377
0.472323
0.117418
0.10968
0.363592
0.367399
0.334204
0.350696
0.543447
0.58439
0.591991
0.571412
0.347199
0.332189
0.357579
0.360599
0.380256
0.38281
0.240596
0.295839
0.284664
0.263067
0.164101
0.185619
0.373858
0.368893
0.557355
0.551012
0.532362
0.495478
0.408609
0.399781
0.404136
0.367101
0.384131
0.361476
0.379304
0.392334
0.480847
0.491283
0.258973
0.216965
0.171249
0.200744
0.228085
0.220182
0.40735
0.360963
0.388914
0.399371
0.560073
0.552335
0.391288
0.405041
0.423027
0.422738
0.241367
0.245071
0.282305
0.278333
0.41663
0.422742
0.445684
0.444079
0.458628
0.456267
0.246529
0.295161
0.291136
0.275234
0.390521
0.373112
0.503796
0.531695
0.185196
0.175842
0.165539
0.140923
0.166864
0.142983
0.15689
0.130083
0.158974
0.166417
0.181014
0.192448
0.420437
0.412793
0.427594
0.430198
0.548849
0.54881
0.562846
0.586752
0.175842
0.19489
0.186492
0.147143
0.410011
0.401642
0.401822
0.377697
0.345282
0.313897
0.356955
0.363909
0.151859
0.155734
0.125559
0.135023
0.474216
0.461888
0.462187
0.428924
0.255451
0.271314
0.215921
0.273552
0.23985
0.268646
0.29208
0.304371
0.56298
0.598899
0.301805
0.31698
0.353291
0.34847
0.192931
0.17152
0.510073
0.512348
0.471318
0.47627
0.475453
0.510419
0.260865
0.248911
0.381268
0.375322
0.200438
0.232371
0.165171
0.170584
0.323377
0.343051
0.294155
0.362566
0.421773
0.390865
0.259159
0.215392
0.477688
0.49483
0.515797
0.511082
0.441086
0.465587
0.293227
0.32305
0.481043
0.443627
0.46446
0.47364
0.437012
0.418638
0.448774
0.454219
0.43861
0.443814
0.41475
0.428885
0.598165
0.597337
0.577685
0.575433
0.458991
0.451021
0.208703
0.192274
0.222978
0.229091
0.601008
0.600929
0.401837
0.437461
0.434301
0.391768
0.600399
0.563299
0.577299
0.61014
0.458962
0.457981
0.407859
0.386641
0.209559
0.201403
0.289891
0.290898
0.269465
0.280032
0.22674
0.210795
0.254772
0.257033
0.429042
0.43613
0.270189
0.259741
0.479558
0.514056
0.399644
0.408722
0.354485
0.385225
0.24818
0.271423
0.21233
0.220478
0.212126
0.182425
0.221298
0.218035
0.20587
0.178931
0.187452
0.209059
0.196379
0.222889
0.238834
0.231069
0.308289
0.313095
0.339272
0.340827
0.527486
0.531153
0.359327
0.370251
0.468076
0.470887
0.371673
0.398034
0.343651
0.414676
0.242392
0.236708
0.480445
0.482463
0.51352
0.512227
0.524526
0.500942
0.351517
0.317021
0.341973
0.349081
0.473064
0.462001
0.487709
0.488772
0.361195
0.306012
0.385165
0.380778
0.365762
0.358556
0.449628
0.431258
0.43338
0.410319
0.444222
0.450728
0.402881
0.419182
0.426736
0.440524
0.235443
0.228163
0.266025
0.266391
0.335102
0.336442
0.30371
0.29891
0.387584
0.370436
0.398336
0.403062
0.527542
0.482337
0.50692
0.520229
0.307228
0.29882
0.292062
0.259502
0.33627
0.302478
0.358689
0.378158
0.5009
0.509955
0.234788
0.256145
0.253135
0.227806
0.532138
0.548791
0.537795
0.487743
0.44963
0.464148
0.27592
0.283223
0.541752
0.56473
0.553874
0.508038
0.534758
0.561879
0.54257
0.531424
0.559258
0.563309
0.340902
0.322788
0.263777
0.254799
0.499233
0.520014
0.473906
0.548243
0.460261
0.448736
0.497242
0.494515
0.491716
0.446727
0.33699
0.35838
0.303748
0.354274
0.502276
0.511096
0.307332
0.253387
0.279255
0.291181
0.566845
0.541459
0.281439
0.271093
0.259731
0.281197
0.398549
0.402964
0.355178
0.332464
0.362353
0.367838
0.470454
0.494302
0.522445
0.512503
0.541015
0.542374
0.285213
0.283208
0.331141
0.322274
0.417567
0.418547
0.403062
0.410112
0.583728
0.58315
0.569497
0.530891
0.555787
0.565016
0.561968
0.557921
0.335205
0.284791
0.439353
0.506727
0.492889
0.472022
0.356908
0.351618
0.513844
0.513869
0.537553
0.544292
0.555808
0.556703
0.330365
0.302741
0.266392
0.279271
0.307314
0.302123
0.310712
0.291181
0.576005
0.58287
0.464055
0.414737
0.414593
0.445143
0.376691
0.332778
0.363009
0.376822
0.322969
0.325105
0.406257
0.426953
0.442253
0.455752
0.369861
0.404659
0.43277
0.415989
0.479288
0.459662
0.507565
0.492428
0.505175
0.470055
0.300183
0.320157
0.315716
0.283059
0.368633
0.339621
0.329454
0.325398
0.600594
0.639001
0.622904
0.587253
0.487278
0.450633
0.349214
0.358496
0.346519
0.310068
0.523583
0.570262
0.565055
0.546198
0.418859
0.379986
0.523449
0.543657
0.437412
0.457476
0.396267
0.404635
0.4411
0.452432
0.396934
0.407745
0.360433
0.379159
0.617286
0.576865
0.35268
0.336717
0.53191
0.498068
0.601044
0.607357
0.571879
0.574386
0.617097
0.605175
0.598545
0.580794
0.644944
0.635294
0.386407
0.437898
0.431037
0.420857
0.395962
0.380827
0.3861
0.341535
0.500034
0.4414
0.45541
0.478091
0.372511
0.376697
0.347234
0.366283
0.345991
0.381787
0.574413
0.555697
0.577011
0.593435
0.382086
0.396231
0.41811
0.444912
0.439237
0.402577
0.575769
0.535636
0.397276
0.371466
0.456837
0.453494
0.612028
0.628086
0.526993
0.47346
0.426965
0.430561
0.597008
0.53743
0.583109
0.602453
0.522883
0.490479
0.534997
0.542853
0.565266
0.627894
0.611648
0.58881
0.461978
0.491196
0.479461
0.440096
0.643637
0.619271
0.481931
0.464666
0.507744
0.516318
0.540953
0.516539
0.616802
0.60938
0.539317
0.549265
0.588694
0.562117
0.41888
0.404919
0.41471
0.385512
0.484347
0.440797
0.577687
0.532484
0.436328
0.468583
0.465713
0.430067
0.431412
0.470618
0.480033
0.467419
0.479932
0.482079
0.604546
0.593032
0.499333
0.486417
0.577438
0.597226
0.562014
0.552899
0.608611
0.566087
0.596801
0.59514
0.536036
0.520126
0.578102
0.556017
0.529683
0.498831
0.540048
0.572625
0.543227
0.53307
0.522378
0.520261
0.497801
0.49542
0.552109
0.586976
0.516239
0.479751
0.58382
0.538385
0.54596
0.558242
0.52975
0.531103
0.484934
0.498247
0.547098
0.536994
0.217846
0.252035
0.23271
0.242081
0.21646
0.188877
0.350367
0.343102
0.391909
0.414686
0.380602
0.38749
0.376823
0.350945
0.395034
0.436874
0.397255
0.426277
0.385182
0.390687
