# bunny_500f_1
# Number of vertices: 1002, Number of faces: 2000
# Preprocessing time: 0.00324492
# Query time: 0.00075475
0.413836
0.357088
0.410041
0.446389
0.397278
0.383362
0.251182
0.489084
0.440135
0.30532
0.232898
0.332457
0.185707
0.359967
0.276357
0.167778
0.275038
0.238063
0.310915
0.441501
0.41113
0.53117
0.323461
0.496326
0.203795
0.451165
0.383896
0.166651
0.468675
0.440632
0.498428
0.55676
0.149947
0.387057
0.58002
0.464576
0.15708
0.360567
0.546985
0.50721
0.165573
0.162544
0.117755
0.176529
0.443917
0.516374
0.309342
0.507731
0.478833
0.389169
0.158107
0.107767
0.230382
0.494544
0.222338
0.5658
0.456547
0.25955
0.243922
0.502342
0.417796
0.434508
0.485702
0.594435
0.538753
0.360083
0.435658
0.276638
0.102056
0.433198
0.136553
0.265372
0.414351
0.199735
0.311003
0.108375
0.233384
0.129889
0.336432
0.300488
0.171224
0.454658
0.465197
0.219345
0.308571
0.48451
0.237959
0.379785
0.495276
0.0744682
0.172462
0.40192
0.313232
0.0469852
0.308629
0.375067
0.400278
0.20606
0.124481
0.350382
0
0.202075
0.258552
0.431064
0.500601
0.0922818
0.43923
0.360824
0.114894
0.0705674
0.291478
0.41632
0.131264
0.309876
0.176717
0.162403
0.18323
0.494524
0.407038
0.266325
0.474349
0.193886
0.391447
0.434067
0.106925
0.525307
0.250147
0.057497
0.388272
0.349778
0.447609
0.310519
0.158605
0.350326
0.130186
0.342222
0.461203
0.0611267
0.233392
0.11351
0.459484
0.295443
0.240143
0.321107
0.569922
0.15781
0.481911
0.371879
0.465765
0.354021
0.382188
0.552537
0.604824
0.507284
0.558817
0.225458
0.131309
0.56206
0.557845
0.28094
0.20096
0.307624
0.395524
0.405802
0.432524
0.372904
0.487724
0.417174
0.379569
0.440488
0.174628
0.285325
0.194564
0.241584
0.530336
0.609573
0.469785
0.343354
0.477348
0.462934
0.464193
0.21033
0.167696
0.177372
0.285167
0.252395
0.311683
0.427879
0.362717
0.305728
0.430971
0.45521
0.408978
0.221229
0.355742
0.226745
0.271362
0.41128
0.360333
0.530056
0.427084
0.395204
0.289779
0.522149
0.467093
0.504984
0.534471
0.261033
0.382959
0.567322
0.273652
0.289897
0.5778
0.513836
0.56055
0.567503
0.581755
0.370197
0.319767
0.452627
0.641006
0.514994
0.346123
0.561763
0.489383
0.525175
0.385202
0.325901
0.561002
0.466088
0.336099
0.362326
0.420405
0.439798
0.60676
0.451407
0.382663
0.625456
0.602553
0.411039
0.55342
0.454968
0.607919
0.514707
0.490902
0.485728
0.549926
0.53638
0.59731
0.468636
0.534016
0.550319
0.395297
0.367209
0.382886
0.377815
0.403063
0.435563
0.422414
0.403827
0.430142
0.408175
0.428179
0.378271
0.355354
0.476967
0.447575
0.47166
0.471875
0.451258
0.464134
0.35924
0.341798
0.317181
0.333835
0.503015
0.476951
0.333811
0.497774
0.309039
0.276523
0.276985
0.421346
0.415155
0.452595
0.465534
0.242442
0.271972
0.427561
0.339167
0.221363
0.206203
0.384917
0.268559
0.241112
0.3857
0.263802
0.293884
0.304541
0.289322
0.42627
0.400025
0.212562
0.444883
0.471017
0.355296
0.173257
0.190968
0.51144
0.48188
0.221261
0.192374
0.526105
0.522013
0.255657
0.345805
0.323539
0.230555
0.26107
0.293181
0.293541
0.323323
0.200047
0.16556
0.532086
0.398731
0.419123
0.494984
0.462639
0.370286
0.196432
0.240173
0.281805
0.50279
0.502036
0.467325
0.173509
0.165418
0.350197
0.529477
0.163194
0.185757
0.451677
0.43877
0.42951
0.356771
0.539557
0.558611
0.576848
0.503277
0.262787
0.225446
0.526729
0.545027
0.277179
0.451296
0.151115
0.148138
0.430683
0.486094
0.41861
0.544634
0.445646
0.409825
0.482537
0.387275
0.368804
0.33208
0.399964
0.481962
0.47764
0.45109
0.411025
0.435375
0.522577
0.515751
0.530117
0.56575
0.581649
0.59359
0.521299
0.507489
0.31473
0.273526
0.131878
0.134139
0.133122
0.161591
0.171488
0.149081
0.186185
0.154209
0.484008
0.443586
0.135089
0.496844
0.151952
0.174456
0.355571
0.389849
0.588117
0.51221
0.256894
0.292671
0.202392
0.565341
0.541194
0.419543
0.460311
0.319554
0.133456
0.100902
0.512064
0.474565
0.384658
0.351966
0.387754
0.417218
0.350903
0.430879
0.58468
0.189204
0.172957
0.45737
0.122649
0.127743
0.100839
0.190292
0.219535
0.185867
0.455617
0.541899
0.163449
0.195447
0.34822
0.386866
0.423606
0.470728
0.241633
0.243644
0.215719
0.101587
0.0803219
0.0796368
0.267602
0.245076
0.149344
0.185104
0.562458
0.519955
0.4729
0.487021
0.395755
0.398176
0.142225
0.412972
0.429029
0.127352
0.0752432
0.385197
0.146566
0.164399
0.124406
0.318382
0.291607
0.279188
0.48391
0.463224
0.280563
0.312942
0.218334
0.243223
0.502572
0.1833
0.196636
0.256491
0.107519
0.102817
0.42469
0.448649
0.361212
0.390947
0.148036
0.218149
0.234571
0.253182
0.0983351
0.187529
0.227965
0.0725399
0.480511
0.349737
0.326839
0.269339
0.231439
0.264178
0.237887
0.480352
0.464461
0.302817
0.328003
0.264457
0.141883
0.115502
0.329366
0.291605
0.449237
0.459174
0.0847946
0.271044
0.46965
0.202417
0.0489149
0.456577
0.452762
0.194645
0.168418
0.457781
0.435591
0.422295
0.431369
0.443135
0.190637
0.162468
0.42301
0.126983
0.0895442
0.277654
0.054036
0.0226737
0.0358469
0.500821
0.466947
0.195244
0.216744
0.167632
0.210275
0.452595
0.348435
0.281035
0.242016
0.402116
0.150461
0.183698
0.268593
0.297787
0.406873
0.451005
0.417561
0.438458
0.268365
0.348093
0.371486
0.383746
0.396318
0.374519
0.14395
0.418052
0.0655693
0.0965046
0.333766
0.474194
0.470101
0.322004
0.30252
0.496992
0.452552
0.401461
0.40901
0.355208
0.0428294
0.038053
0.285865
0.499005
0.379418
0.368402
0.253709
0.295593
0.462071
0.427655
0.339818
0.332006
0.331328
0.105774
0.121991
0.471743
0.393753
0.271627
0.297142
0.529786
0.525672
0.123071
0.0904711
0.500103
0.461956
0.298956
0.288415
0.130351
0.125036
0.0997631
0.172229
0.440826
0.470961
0.22313
0.212812
0.0301862
0.0578154
0.420337
0.396271
0.0675991
0.0309164
0.362497
0.413254
0.382179
0.31065
0.137712
0.158553
0.173459
0.179455
0.291081
0.323065
0.457092
0.435512
0.327495
0.432035
0.0453588
0.143948
0.258366
0.279263
0.517079
0.491582
0.335923
0.0885299
0.330472
0.351969
0.138185
0.144162
0.218416
0.37167
0.370029
0.085663
0.431447
0.44579
0.353543
0.327081
0.464421
0.336545
0.37911
0.165322
0.317408
0.482329
0.498495
0.200928
0.194289
0.228249
0.139274
0.115481
0.079816
0.551635
0.568106
0.530401
0.32562
0.296662
0.321687
0.113264
0.0978533
0.190587
0.534439
0.348014
0.270436
0.481352
0.327894
0.549529
0.517352
0.124115
0.0963878
0.527394
0.529347
0.141626
0.160995
0.176783
0.455061
0.431969
0.214222
0.190099
0.0772533
0.493879
0.112771
0.353092
0.364555
0.575593
0.591573
0.350026
0.35541
0.389548
0.291769
0.253601
0.175893
0.375705
0.562966
0.5241
0.407816
0.387276
0.372279
0.396302
0.497194
0.239318
0.219169
0.201045
0.379007
0.406242
0.56834
0.418938
0.414438
0.27162
0.268884
0.43567
0.433086
0.459744
0.299298
0.263293
0.382536
0.526063
0.181434
0.155209
0.156458
0.14494
0.162029
0.189738
0.425097
0.429518
0.559953
0.583471
0.186492
0.169364
0.40876
0.395439
0.339136
0.355544
0.140009
0.145629
0.46903
0.448251
0.240183
0.27534
0.25596
0.305757
0.594925
0.336375
0.326016
0.181029
0.492431
0.499772
0.499378
0.258482
0.380415
0.221222
0.169427
0.313044
0.355934
0.41099
0.239285
0.50719
0.498895
0.457024
0.313536
0.459451
0.48304
0.43642
0.44878
0.430026
0.443911
0.599655
0.598373
0.457684
0.208689
0.221474
0.611847
0.421511
0.416051
0.591699
0.601941
0.461103
0.402132
0.210079
0.28806
0.291221
0.236143
0.244411
0.439597
0.270835
0.501808
0.381612
0.399972
0.260896
0.217166
0.199616
0.220996
0.194677
0.201932
0.233607
0.216219
0.336759
0.328869
0.535682
0.36892
0.476395
0.361463
0.412012
0.242418
0.505169
0.500572
0.520473
0.342955
0.363422
0.480117
0.48395
0.340302
0.386498
0.384179
0.444545
0.430284
0.444895
0.414906
0.441273
0.250727
0.250985
0.326474
0.326844
0.393065
0.401841
0.498855
0.530946
0.300971
0.281118
0.324835
0.376526
0.508128
0.248392
0.243303
0.54315
0.516326
0.469127
0.28411
0.559282
0.534078
0.549447
0.550888
0.562115
0.334202
0.264762
0.491144
0.536666
0.482405
0.483386
0.475064
0.325621
0.365236
0.514416
0.272221
0.303174
0.565451
0.279004
0.273716
0.409753
0.348583
0.366898
0.49465
0.531276
0.534524
0.315298
0.305883
0.422922
0.428522
0.591712
0.547539
0.573934
0.564301
0.319506
0.506725
0.461958
0.361657
0.53812
0.535784
0.563208
0.320972
0.297693
0.287651
0.304517
0.587888
0.447024
0.442726
0.349036
0.377468
0.329985
0.431155
0.461527
0.428194
0.40118
0.480003
0.517699
0.492714
0.31336
0.303224
0.359624
0.33278
0.623726
0.612516
0.484343
0.358284
0.332615
0.57797
0.542657
0.407178
0.546652
0.416785
0.426148
0.458155
0.384636
0.402383
0.606824
0.347409
0.52345
0.588875
0.597547
0.61769
0.601489
0.65486
0.443642
0.415296
0.393385
0.365796
0.45777
0.49506
0.365004
0.373953
0.366649
0.577088
0.599968
0.391531
0.438518
0.424088
0.568059
0.386676
0.458707
0.637364
0.509701
0.438016
0.564061
0.603947
0.516979
0.536004
0.629178
0.585437
0.485794
0.466881
0.646232
0.487055
0.503919
0.53723
0.628699
0.549216
0.576775
0.421509
0.397879
0.468345
0.56314
0.456423
0.452722
0.456922
0.480058
0.484927
0.600007
0.496349
0.583776
0.567686
0.586
0.606426
0.533087
0.571256
0.518644
0.56405
0.539455
0.515972
0.512666
0.577262
0.505546
0.550615
0.577904
0.516329
0.519984
0.5484
0.234483
0.240033
0.204471
0.349065
0.40899
0.387184
0.365121
0.418509
0.422077
0.398883
