# bunny_500f_0
# Number of vertices: 252, Number of faces: 500
# Preprocessing time: 0.106329
# Query time: 4.0209e-05
0.388047
0.337959
0.343674
0.384251
0.356756
0.375088
0.218466
0.449521
0.429227
0.286733
0.183168
0.32848
0.182464
0.315514
0.229233
0.156401
0.270989
0.233197
0.26098
0.353503
0.410611
0.526415
0.214327
0.400236
0.200342
0.444522
0.380788
0.116194
0.46425
0.439713
0.485287
0.472519
0.148285
0.28897
0.575147
0.459928
0.159399
0.35801
0.542862
0.507925
0.148577
0.15982
0.116194
0.166593
0.344717
0.508806
0.307324
0.432174
0.472496
0.289594
0.157574
0.10508
0.214327
0.492368
0.226697
0.568639
0.45822
0.259908
0.24217
0.50453
0.421277
0.3252
0.378566
0.59898
0.543766
0.356716
0.438999
0.274087
0.0990044
0.455472
0.122515
0.264966
0.4085
0.198838
0.277053
0.111301
0.230635
0.129566
0.316959
0.291444
0.173889
0.45142
0.365259
0.213617
0.306736
0.4811
0.239974
0.311708
0.385762
0.0745315
0.175014
0.397789
0.307994
0.0464442
0.310056
0.368035
0.395056
0.201381
0.122515
0.346263
0
0.199933
0.257887
0.372499
0.495862
0.0923531
0.434284
0.356363
0.108484
0.0688529
0.292565
0.411577
0.128149
0.30926
0.17345
0.157096
0.178968
0.488339
0.407072
0.26426
0.466962
0.18884
0.381535
0.426927
0.104209
0.518702
0.24462
0.0568055
0.382603
0.350314
0.42752
0.306892
0.150469
0.346435
0.128294
0.338631
0.431556
0.0600892
0.229574
0.110069
0.452824
0.289649
0.235823
0.325786
0.561697
0.128294
0.473111
0.376023
0.455296
0.352046
0.380594
0.543193
0.594954
0.494874
0.546313
0.157096
0.125925
0.554888
0.549654
0.261082
0.195575
0.298621
0.38911
0.40888
0.423392
0.352494
0.487031
0.417162
0.365398
0.437196
0.169551
0.256193
0.183749
0.235648
0.513997
0.600837
0.470198
0.314721
0.474078
0.441843
0.464074
0.183749
0.164013
0.172011
0.254827
0.244397
0.255649
0.400738
0.321184
0.273551
0.429896
0.458339
0.356013
0.21762
0.295584
0.224003
0.267384
0.372499
0.30307
0.531254
0.394767
0.353467
0.284047
0.522411
0.426564
0.507402
0.530877
0.230814
0.335805
0.510531
0.251875
0.281588
0.573608
0.455848
0.507078
0.567631
0.568472
0.230814
0.308011
0.392223
0.503851
0.477031
0.306189
0.553268
0.404008
0.464486
0.362883
0.308011
0.434389
0.419393
0.329147
0.351087
0.339804
0.300182
0.547646
0.326263
0.378076
0.560528
0.470147
0.339804
0.507895
0.43239
0.533161
0.376193
0.419614
0.425494
0.461334
0.471569
0.517659
0.404419
0.481453
0.47494
