# bunny_500f_0
# Number of vertices: 252, Number of faces: 500
# Preprocessing time: 0.000657
# Query time: 1.4083e-05
0.414441
0.35832
0.424439
0.466736
0.412738
0.39851
0.25286
0.489224
0.455175
0.306869
0.234228
0.348794
0.183665
0.371497
0.295287
0.177795
0.291304
0.239534
0.312048
0.456708
0.444843
0.57629
0.33693
0.510456
0.219939
0.469467
0.402655
0.167254
0.522497
0.473946
0.512357
0.554566
0.166176
0.392175
0.625688
0.509702
0.172676
0.392242
0.595528
0.542532
0.161723
0.172199
0.116654
0.179739
0.448942
0.536931
0.329191
0.543538
0.503968
0.412197
0.177718
0.108089
0.245702
0.530181
0.239588
0.607119
0.498083
0.281141
0.264037
0.541788
0.457114
0.454106
0.495685
0.634654
0.57944
0.388958
0.471776
0.305694
0.114616
0.459562
0.135661
0.275493
0.448224
0.201605
0.332048
0.130714
0.239661
0.132333
0.377063
0.320573
0.193302
0.490796
0.488102
0.232411
0.309502
0.52149
0.259602
0.400809
0.514682
0.0745315
0.18419
0.435492
0.339467
0.0464442
0.329797
0.40082
0.426529
0.232988
0.130901
0.394794
0
0.208319
0.278395
0.451293
0.548067
0.0923531
0.475024
0.381332
0.113694
0.0688529
0.313698
0.460108
0.129277
0.329767
0.183263
0.161849
0.206224
0.52843
0.438335
0.272674
0.499748
0.194183
0.4199
0.459713
0.114805
0.556594
0.259691
0.0568055
0.407772
0.374697
0.488613
0.316819
0.156201
0.370946
0.129015
0.354406
0.497504
0.0600892
0.239387
0.118076
0.492909
0.308027
0.26178
0.348718
0.595476
0.16572
0.508054
0.398954
0.493788
0.362486
0.412137
0.581354
0.631842
0.533165
0.584603
0.224122
0.131523
0.587877
0.590901
0.282743
0.217536
0.336986
0.407711
0.451311
0.441993
0.374256
0.512078
0.442209
0.39207
0.490135
0.176232
0.303282
0.193364
0.243666
0.545964
0.637454
0.514532
0.350312
0.527018
0.463913
0.495336
0.210081
0.189773
0.180017
0.292692
0.255158
0.322675
0.436329
0.389635
0.321128
0.456385
0.501063
0.437826
0.241499
0.367957
0.249763
0.293408
0.440949
0.377179
0.562626
0.448769
0.412571
0.310379
0.566745
0.487703
0.550532
0.576862
0.26824
0.401298
0.569233
0.276402
0.29697
0.625054
0.522058
0.588621
0.612146
0.606685
0.376941
0.321234
0.475913
0.659336
0.53817
0.357421
0.608479
0.505986
0.544351
0.386777
0.329889
0.583701
0.481436
0.35794
0.382762
0.441607
0.446309
0.627511
0.472325
0.413936
0.669741
0.620387
0.421293
0.570351
0.456284
0.624407
0.52254
0.501104
0.514829
0.576887
0.558529
0.608862
0.485909
0.534869
0.560586
