# bunny_500f_1
# Number of vertices: 1002, Number of faces: 2000
# Preprocessing time: 4.1e-08
# Query time: 0.00285642
0.406278
0.350387
0.406527
0.442034
0.389334
0.374731
0.247586
0.479903
0.429915
0.300673
0.226728
0.325704
0.183157
0.356005
0.270569
0.166386
0.270523
0.233609
0.305241
0.435542
0.406549
0.52465
0.317375
0.490102
0.200969
0.445338
0.3811
0.160283
0.463242
0.435761
0.487707
0.547279
0.148722
0.380049
0.573138
0.45811
0.154514
0.356791
0.540166
0.501962
0.163251
0.158457
0.116052
0.174942
0.436716
0.509804
0.30714
0.500288
0.472788
0.385071
0.156825
0.102282
0.227713
0.487668
0.220831
0.558818
0.448543
0.255304
0.241767
0.495793
0.411557
0.428313
0.477977
0.588757
0.533514
0.35513
0.429982
0.272046
0.0980821
0.428245
0.13616
0.261388
0.406622
0.19769
0.305995
0.108216
0.232139
0.127957
0.332254
0.290294
0.171031
0.448086
0.457939
0.211539
0.305952
0.476476
0.237383
0.372761
0.488674
0.0744682
0.168694
0.394523
0.30726
0.0465016
0.307767
0.366813
0.394306
0.20119
0.124134
0.345874
0
0.201612
0.255832
0.425446
0.492308
0.0922237
0.429502
0.358456
0.110318
0.0704637
0.288314
0.41163
0.129838
0.307156
0.175126
0.160612
0.179188
0.484846
0.404793
0.265812
0.465665
0.192299
0.386001
0.425813
0.104285
0.51716
0.246338
0.0574446
0.380631
0.347143
0.441583
0.308439
0.153222
0.345421
0.128722
0.338725
0.457282
0.0607528
0.230081
0.111817
0.449931
0.291326
0.236757
0.317858
0.560277
0.155442
0.471966
0.367028
0.460046
0.351301
0.377826
0.543851
0.594965
0.49456
0.545666
0.221773
0.12741
0.553428
0.549107
0.27936
0.197466
0.302524
0.390126
0.402066
0.426104
0.370701
0.482628
0.413905
0.375206
0.435119
0.171362
0.28242
0.190921
0.239034
0.525896
0.598979
0.465637
0.338268
0.471689
0.459424
0.460167
0.205606
0.165451
0.175601
0.28046
0.247384
0.306579
0.42387
0.359334
0.300638
0.423131
0.449861
0.403471
0.216627
0.349965
0.222919
0.266404
0.40678
0.355328
0.525506
0.421965
0.392268
0.286106
0.517465
0.460737
0.498844
0.528597
0.257261
0.377272
0.562775
0.269152
0.284961
0.570056
0.509385
0.551725
0.561735
0.577212
0.365919
0.316468
0.443701
0.635224
0.506589
0.33908
0.55467
0.486235
0.516365
0.381698
0.321208
0.55536
0.460699
0.330147
0.358296
0.414809
0.434652
0.598726
0.44686
0.376858
0.619173
0.595582
0.405298
0.548844
0.451107
0.602497
0.506377
0.484606
0.480088
0.543331
0.529117
0.586635
0.461199
0.528805
0.542571
0.387797
0.36023
0.37612
0.36994
0.395185
0.426411
0.413255
0.399844
0.424399
0.399296
0.419423
0.373337
0.349046
0.468132
0.438874
0.461414
0.461477
0.442286
0.45522
0.352334
0.334847
0.310879
0.327673
0.494841
0.471152
0.329362
0.488441
0.305404
0.27224
0.274457
0.416806
0.407536
0.444936
0.459513
0.240257
0.265888
0.420803
0.33618
0.217617
0.204753
0.377468
0.264011
0.238273
0.382623
0.25475
0.284625
0.298986
0.28413
0.421929
0.39675
0.209255
0.436521
0.461492
0.34962
0.170934
0.189002
0.502217
0.475596
0.217284
0.188901
0.516152
0.512807
0.251184
0.343178
0.318143
0.225019
0.256174
0.288222
0.288185
0.316912
0.193673
0.163622
0.523644
0.392867
0.411929
0.486936
0.454122
0.364422
0.192268
0.23645
0.27801
0.495353
0.495539
0.460811
0.171741
0.162193
0.343086
0.520589
0.159123
0.1831
0.446263
0.432255
0.425982
0.351292
0.531815
0.55081
0.567725
0.497086
0.258157
0.221018
0.519225
0.538348
0.275023
0.446954
0.149388
0.145962
0.425399
0.480169
0.411602
0.537439
0.439536
0.40563
0.475529
0.38352
0.366473
0.329749
0.394619
0.47599
0.472593
0.445631
0.404325
0.427697
0.516083
0.507548
0.523187
0.558711
0.576402
0.586022
0.514139
0.499896
0.311138
0.268344
0.12865
0.127923
0.132191
0.160534
0.169098
0.14821
0.181949
0.149724
0.478258
0.437908
0.132678
0.490358
0.150465
0.172524
0.351542
0.38371
0.581176
0.505426
0.254702
0.290342
0.20041
0.558838
0.534542
0.4142
0.453476
0.316038
0.130995
0.0986564
0.506962
0.469835
0.379946
0.347254
0.383035
0.41312
0.345696
0.426161
0.57819
0.184109
0.171314
0.450873
0.121037
0.123804
0.0999333
0.188049
0.217757
0.183093
0.448556
0.534822
0.161278
0.193231
0.342521
0.379926
0.418445
0.464667
0.240192
0.240645
0.214277
0.10051
0.0786713
0.0750311
0.261174
0.239327
0.147947
0.182435
0.556066
0.513726
0.465229
0.480287
0.390802
0.391349
0.142065
0.407295
0.423121
0.126042
0.0714839
0.379652
0.14536
0.162445
0.123824
0.313429
0.284611
0.273888
0.476517
0.457132
0.279059
0.304569
0.214353
0.235128
0.496199
0.181867
0.195727
0.253776
0.107367
0.101615
0.41877
0.443187
0.354165
0.383642
0.147293
0.213193
0.230399
0.246087
0.0974846
0.185914
0.225919
0.0705052
0.474771
0.344845
0.322547
0.26673
0.229162
0.25411
0.23265
0.473746
0.459031
0.298907
0.321895
0.261899
0.139909
0.114774
0.322319
0.28418
0.441701
0.447591
0.0840665
0.267601
0.463278
0.201842
0.0487561
0.448314
0.443241
0.18907
0.165829
0.451676
0.429219
0.413875
0.426517
0.437163
0.187906
0.160166
0.415608
0.124153
0.0894391
0.276792
0.054001
0.0226737
0.0358469
0.492781
0.459005
0.190175
0.215635
0.167286
0.209515
0.447492
0.341055
0.274705
0.240697
0.396432
0.148874
0.18325
0.266448
0.296824
0.401611
0.444809
0.409256
0.430486
0.267046
0.34198
0.366681
0.376349
0.38991
0.368201
0.143234
0.408482
0.0655441
0.095947
0.332835
0.464688
0.460024
0.314171
0.294861
0.488184
0.443934
0.393207
0.400059
0.349236
0.0428294
0.038053
0.283145
0.489169
0.37477
0.36357
0.252824
0.293595
0.455641
0.421258
0.335643
0.329286
0.326729
0.10536
0.121502
0.465463
0.389408
0.266787
0.292716
0.521173
0.517183
0.122274
0.0896935
0.490619
0.454158
0.29757
0.285282
0.130178
0.122671
0.0997444
0.171403
0.433067
0.461293
0.2222
0.210805
0.0301862
0.0577207
0.413799
0.390619
0.0675882
0.0309164
0.357061
0.410397
0.380618
0.306969
0.135165
0.154554
0.169147
0.175203
0.28994
0.320913
0.44794
0.426362
0.322227
0.423456
0.0451714
0.141362
0.256796
0.277412
0.50837
0.483151
0.333431
0.0870237
0.325821
0.345719
0.133464
0.143097
0.214351
0.36542
0.363738
0.0830615
0.429826
0.44072
0.351502
0.325018
0.455267
0.33255
0.376874
0.16174
0.314315
0.472845
0.488263
0.196554
0.189974
0.224067
0.136294
0.111826
0.0787128
0.542688
0.559397
0.521036
0.322243
0.293985
0.317966
0.111216
0.0968609
0.188747
0.524622
0.342906
0.265484
0.475659
0.326275
0.540999
0.50904
0.123194
0.0928125
0.517125
0.516618
0.139177
0.158499
0.173769
0.447661
0.42625
0.209489
0.184043
0.0757292
0.48659
0.110629
0.349913
0.35969
0.566441
0.582412
0.345179
0.352404
0.382978
0.290059
0.249584
0.172492
0.371406
0.554458
0.514687
0.405153
0.384234
0.368309
0.390018
0.486423
0.238237
0.215925
0.198322
0.374684
0.401257
0.558068
0.412665
0.406212
0.267036
0.264426
0.433007
0.429461
0.457285
0.29598
0.261436
0.378712
0.515866
0.179487
0.153516
0.154954
0.143247
0.159309
0.185897
0.420225
0.424567
0.549352
0.574535
0.184331
0.164789
0.403442
0.38833
0.334778
0.35154
0.137762
0.143594
0.466329
0.443671
0.238056
0.272101
0.25174
0.301244
0.581615
0.334665
0.324402
0.179201
0.489673
0.49423
0.491961
0.255951
0.378211
0.218163
0.165853
0.310103
0.352937
0.406333
0.234551
0.50447
0.494508
0.450322
0.31103
0.453964
0.476248
0.432645
0.443536
0.42511
0.436325
0.590884
0.588457
0.451759
0.206249
0.21732
0.60105
0.418606
0.412802
0.582135
0.592541
0.457102
0.397
0.207169
0.285115
0.288667
0.232433
0.240905
0.434458
0.267498
0.497506
0.377944
0.397174
0.258059
0.21533
0.195876
0.217854
0.191809
0.197751
0.229334
0.212631
0.332143
0.326571
0.529981
0.365157
0.469641
0.358918
0.409335
0.236416
0.498107
0.494699
0.513255
0.337183
0.356537
0.474674
0.477781
0.337367
0.381616
0.375258
0.44056
0.425914
0.438317
0.410535
0.435596
0.245807
0.248177
0.322096
0.322869
0.389882
0.398073
0.494484
0.5237
0.298133
0.278092
0.31864
0.372526
0.501774
0.244003
0.239322
0.538074
0.512905
0.462859
0.277637
0.551911
0.529597
0.546711
0.544732
0.553985
0.328992
0.259351
0.486935
0.532834
0.474405
0.47565
0.470712
0.322059
0.360937
0.50605
0.266084
0.296916
0.560611
0.274198
0.27012
0.405967
0.345125
0.358619
0.487626
0.523995
0.52803
0.311822
0.301383
0.41525
0.423471
0.588911
0.542161
0.566536
0.557515
0.315349
0.503689
0.458977
0.358169
0.53102
0.528722
0.556212
0.315838
0.292491
0.283092
0.299981
0.580619
0.444078
0.436308
0.345639
0.373988
0.324173
0.422933
0.455374
0.42392
0.396313
0.475666
0.510657
0.485681
0.308403
0.297929
0.353272
0.327045
0.619184
0.60767
0.474647
0.353541
0.328607
0.574044
0.539278
0.403054
0.539293
0.413301
0.422644
0.452292
0.377201
0.397331
0.601055
0.341854
0.517936
0.583
0.589152
0.609241
0.591947
0.644989
0.437911
0.410402
0.388285
0.359804
0.448445
0.488842
0.359372
0.369941
0.361167
0.569518
0.591393
0.38588
0.431019
0.418333
0.560054
0.382008
0.452929
0.629356
0.504413
0.432278
0.558334
0.598221
0.511921
0.530305
0.62287
0.579197
0.480898
0.461317
0.638114
0.483097
0.497802
0.531506
0.621696
0.542927
0.571708
0.416554
0.392578
0.46029
0.55511
0.451558
0.446075
0.451135
0.473344
0.47792
0.593289
0.489865
0.576992
0.561826
0.579499
0.60015
0.526601
0.565005
0.51205
0.555214
0.533675
0.508964
0.505977
0.568384
0.496778
0.54302
0.570064
0.508125
0.513008
0.54084
0.234009
0.236554
0.202798
0.345114
0.403623
0.381983
0.361569
0.412591
0.413731
0.392116
