# bunny_500f_1
# Number of vertices: 1002, Number of faces: 2000
# Preprocessing time: 1.44529
# Query time: 0.00010875
0.404434
0.351642
0.389308
0.426331
0.377854
0.376791
0.233873
0.472094
0.433371
0.299956
0.212831
0.327687
0.183552
0.339915
0.270411
0.159566
0.272475
0.234995
0.28916
0.418121
0.406946
0.525396
0.293619
0.467313
0.201232
0.447147
0.381667
0.160283
0.463786
0.436831
0.490108
0.53969
0.149651
0.353639
0.57466
0.458853
0.154514
0.357333
0.54089
0.503
0.162405
0.158614
0.116061
0.175454
0.410305
0.511574
0.307669
0.501535
0.473263
0.368889
0.156825
0.103648
0.227735
0.489004
0.220833
0.560476
0.450548
0.255699
0.242291
0.496866
0.412578
0.400082
0.448011
0.589809
0.534546
0.355958
0.431002
0.272951
0.0994809
0.429073
0.13616
0.261388
0.407749
0.198498
0.307454
0.108216
0.232274
0.129156
0.3333
0.290862
0.171031
0.448745
0.444614
0.211785
0.30667
0.477479
0.237383
0.373781
0.461144
0.0744682
0.168694
0.396287
0.307735
0.0465016
0.307865
0.367872
0.394781
0.201495
0.124174
0.348567
0
0.201652
0.256021
0.42796
0.494126
0.0922237
0.430289
0.358866
0.110598
0.0704637
0.288927
0.414289
0.130569
0.307345
0.17596
0.161088
0.179273
0.486782
0.406288
0.265875
0.466724
0.192237
0.386634
0.426871
0.105222
0.518766
0.246479
0.0574446
0.380842
0.347282
0.442402
0.308936
0.15327
0.345863
0.128739
0.338863
0.457736
0.0607528
0.215244
0.113223
0.45218
0.285835
0.239343
0.318174
0.561616
0.144531
0.473704
0.367873
0.460668
0.35149
0.378343
0.545045
0.596598
0.496558
0.547869
0.223348
0.127734
0.554488
0.550163
0.273693
0.197665
0.303146
0.391248
0.402329
0.426612
0.365452
0.48482
0.414643
0.367739
0.435856
0.172434
0.272214
0.187412
0.24044
0.525421
0.600151
0.465945
0.330609
0.472344
0.455963
0.461073
0.205768
0.165664
0.177007
0.281943
0.250217
0.288984
0.416898
0.342795
0.289891
0.423448
0.450904
0.385443
0.2168
0.342459
0.223913
0.266964
0.39186
0.344666
0.526867
0.400122
0.382048
0.28909
0.517765
0.430998
0.500465
0.529216
0.246714
0.379255
0.55874
0.264388
0.286579
0.571446
0.503076
0.524051
0.563114
0.578688
0.355448
0.317927
0.42672
0.625176
0.480089
0.339298
0.557886
0.476079
0.500105
0.383218
0.322872
0.545274
0.46318
0.331657
0.360206
0.415644
0.424604
0.583262
0.436108
0.377749
0.620168
0.598658
0.406286
0.550524
0.452595
0.598477
0.501295
0.485414
0.48177
0.545337
0.530711
0.588379
0.462684
0.52895
0.543741
0.389204
0.361954
0.376779
0.362323
0.385982
0.416321
0.39961
0.383769
0.407242
0.401604
0.422086
0.359551
0.33992
0.470364
0.441647
0.464296
0.449707
0.435974
0.45777
0.354469
0.336903
0.312286
0.328471
0.481878
0.454673
0.317883
0.490138
0.290706
0.262876
0.257258
0.41755
0.409482
0.428274
0.439144
0.222715
0.25049
0.404912
0.318777
0.209027
0.189086
0.379243
0.265259
0.236614
0.365226
0.248827
0.275632
0.301045
0.284629
0.422823
0.397168
0.209541
0.411416
0.435251
0.351236
0.171081
0.17137
0.504175
0.476354
0.219002
0.190219
0.51972
0.505023
0.252631
0.343867
0.320536
0.227613
0.257959
0.289987
0.257959
0.293281
0.187523
0.145962
0.501566
0.376976
0.390622
0.461346
0.427711
0.348531
0.193932
0.23761
0.278362
0.496002
0.496314
0.461353
0.172986
0.163263
0.328135
0.491535
0.160737
0.183191
0.447212
0.432797
0.426221
0.321184
0.532874
0.551722
0.56846
0.497754
0.259607
0.222281
0.51994
0.539409
0.275547
0.447849
0.14942
0.145962
0.425941
0.480837
0.385192
0.538023
0.440183
0.406172
0.47719
0.384183
0.366651
0.329928
0.395266
0.477088
0.473621
0.446576
0.374433
0.397715
0.517376
0.47815
0.51984
0.560077
0.577442
0.587128
0.514791
0.500785
0.311696
0.270238
0.129588
0.127976
0.132401
0.160534
0.169186
0.148297
0.183178
0.150063
0.479922
0.439572
0.135274
0.491555
0.148784
0.173379
0.331697
0.355479
0.582023
0.506872
0.25476
0.290538
0.201139
0.56014
0.535687
0.415028
0.454771
0.316685
0.131054
0.0988678
0.508044
0.470857
0.380967
0.348275
0.384062
0.387992
0.34548
0.427188
0.579338
0.173379
0.171314
0.451894
0.121446
0.123901
0.100267
0.189412
0.21821
0.18388
0.418664
0.535885
0.161657
0.193654
0.34403
0.379133
0.419466
0.465688
0.240201
0.240796
0.214286
0.1013
0.0786713
0.0750311
0.261191
0.239662
0.148784
0.182435
0.557097
0.514909
0.465707
0.481355
0.39163
0.392254
0.142065
0.408959
0.424811
0.126792
0.0714839
0.381657
0.14536
0.163163
0.123886
0.314257
0.285109
0.274378
0.44673
0.428951
0.279083
0.304904
0.214526
0.235398
0.482248
0.181867
0.195727
0.25451
0.107367
0.101615
0.40441
0.419279
0.355291
0.384646
0.147293
0.213643
0.231221
0.247859
0.0974846
0.185948
0.226728
0.0705052
0.450942
0.345575
0.32303
0.267431
0.229645
0.254384
0.232832
0.47444
0.460207
0.300408
0.325373
0.262708
0.140038
0.114774
0.323451
0.285154
0.44231
0.448486
0.0840665
0.268247
0.464216
0.201842
0.0487561
0.44944
0.444315
0.189316
0.166347
0.454305
0.430157
0.4124
0.427714
0.437637
0.188541
0.160372
0.416082
0.124153
0.0894391
0.276907
0.054001
0.0226737
0.0358469
0.493784
0.460009
0.190323
0.215642
0.167326
0.209575
0.450403
0.342818
0.275129
0.240914
0.397332
0.149703
0.18329
0.266476
0.296824
0.402709
0.445661
0.410366
0.431933
0.267263
0.344941
0.368282
0.378113
0.390511
0.368988
0.143234
0.409395
0.0655441
0.095947
0.332949
0.465814
0.461836
0.316568
0.295044
0.489356
0.444993
0.394266
0.401479
0.34971
0.0428294
0.038053
0.283334
0.490557
0.377387
0.36423
0.252864
0.294404
0.457256
0.42284
0.337155
0.329475
0.327628
0.10536
0.121518
0.467145
0.391795
0.266924
0.295332
0.522358
0.518579
0.122293
0.0896935
0.492852
0.455946
0.297789
0.285289
0.130178
0.111758
0.0997444
0.163641
0.434831
0.463288
0.22224
0.210863
0.0301862
0.0577207
0.415521
0.391653
0.0675882
0.0309164
0.357879
0.410565
0.380741
0.308025
0.13569
0.154639
0.169672
0.178345
0.289996
0.321722
0.448999
0.42798
0.323916
0.425331
0.0451714
0.141462
0.257476
0.277487
0.509429
0.48421
0.333524
0.0870237
0.32601
0.346212
0.13387
0.143103
0.214419
0.365913
0.363927
0.0830615
0.429954
0.441146
0.3528
0.325018
0.45683
0.333914
0.376972
0.16227
0.314344
0.47459
0.490341
0.178345
0.1905
0.210244
0.136913
0.112141
0.0787128
0.544135
0.560456
0.522095
0.323062
0.294058
0.318879
0.111758
0.0968609
0.189272
0.526651
0.343536
0.265938
0.477339
0.326559
0.542181
0.510122
0.123469
0.0928125
0.519241
0.518621
0.136211
0.160109
0.16517
0.450221
0.426872
0.210412
0.18475
0.0757292
0.487225
0.111247
0.349938
0.360857
0.567915
0.583574
0.34602
0.352622
0.383582
0.289304
0.249794
0.173052
0.371543
0.555558
0.515817
0.405153
0.384744
0.369351
0.390539
0.488368
0.234393
0.205262
0.187416
0.375711
0.401649
0.560105
0.413487
0.406939
0.256733
0.246264
0.433008
0.430769
0.458797
0.279386
0.250349
0.380424
0.517125
0.179495
0.153581
0.155579
0.144653
0.159313
0.18792
0.421341
0.425504
0.551015
0.575732
0.179495
0.164792
0.404485
0.388733
0.328629
0.352736
0.137909
0.146218
0.466344
0.445347
0.230295
0.264402
0.252031
0.30177
0.583644
0.332827
0.318769
0.181209
0.490657
0.495594
0.494918
0.245041
0.376867
0.209231
0.167697
0.303131
0.346984
0.407145
0.237308
0.504471
0.49629
0.451956
0.303278
0.454446
0.47783
0.432942
0.444898
0.426979
0.437172
0.591946
0.589529
0.453471
0.207656
0.218803
0.602887
0.417931
0.40823
0.583307
0.594047
0.457382
0.397036
0.207023
0.274209
0.27778
0.228452
0.237346
0.434484
0.259718
0.49627
0.370264
0.391809
0.259575
0.21729
0.196784
0.218743
0.192366
0.200202
0.230945
0.214042
0.314113
0.312804
0.530888
0.352855
0.471039
0.351115
0.401145
0.237984
0.499243
0.495557
0.514751
0.321432
0.338565
0.475717
0.479737
0.327146
0.363852
0.357788
0.435048
0.418448
0.431902
0.40307
0.407762
0.246256
0.250306
0.312114
0.312358
0.373644
0.385299
0.494747
0.525067
0.299645
0.279521
0.320385
0.36202
0.503915
0.244237
0.240334
0.536029
0.507791
0.453998
0.277685
0.553561
0.531011
0.546726
0.545483
0.555394
0.3305
0.260601
0.481647
0.527516
0.474878
0.476102
0.464606
0.311169
0.35004
0.506802
0.267537
0.298593
0.562263
0.274849
0.271531
0.389553
0.346772
0.36037
0.458556
0.526488
0.530291
0.303445
0.298802
0.385299
0.40363
0.588963
0.543155
0.566802
0.560068
0.305188
0.49575
0.451092
0.349614
0.50165
0.519743
0.540648
0.316412
0.292732
0.284989
0.298593
0.581298
0.433866
0.419769
0.347053
0.375635
0.324061
0.405157
0.437622
0.413331
0.385579
0.46514
0.489453
0.46881
0.309165
0.298826
0.351989
0.327819
0.620636
0.602158
0.456885
0.354842
0.330495
0.565758
0.531199
0.392701
0.520077
0.414951
0.424165
0.455071
0.377765
0.391395
0.591096
0.343209
0.508385
0.584364
0.59133
0.610684
0.592784
0.646501
0.428703
0.400191
0.389465
0.361159
0.438598
0.480642
0.360614
0.373103
0.3619
0.548784
0.569905
0.38714
0.432455
0.418711
0.544959
0.385812
0.452881
0.613771
0.494056
0.426623
0.551543
0.589586
0.513153
0.525211
0.61289
0.56939
0.471276
0.451687
0.640298
0.48462
0.500195
0.521184
0.623937
0.545491
0.570188
0.418234
0.395484
0.461251
0.54984
0.453477
0.447585
0.451912
0.47434
0.479191
0.595295
0.493862
0.578891
0.563748
0.582187
0.601857
0.529773
0.566687
0.514055
0.557395
0.535416
0.510236
0.508157
0.570085
0.498072
0.544646
0.571326
0.509786
0.513785
0.54235
0.234049
0.233725
0.202239
0.346256
0.395745
0.379965
0.361763
0.414186
0.405635
0.38035
