# bunny_500f_1
# Number of vertices: 1002, Number of faces: 2000
# Preprocessing time: 0.000131042
# Query time: 5.0417e-05
0.417545
0.360797
0.428321
0.471619
0.416209
0.401561
0.255475
0.492793
0.458334
0.309029
0.236183
0.350291
0.185707
0.374999
0.294997
0.179259
0.292872
0.241773
0.315108
0.459704
0.440806
0.572203
0.338764
0.514529
0.221629
0.465991
0.398722
0.168309
0.516575
0.470332
0.516627
0.560469
0.167781
0.395206
0.622142
0.507767
0.172384
0.387718
0.592171
0.539148
0.168185
0.172747
0.117755
0.182627
0.452067
0.534497
0.324168
0.539982
0.500588
0.413944
0.172306
0.108736
0.245685
0.527476
0.23721
0.595675
0.479753
0.276944
0.258748
0.5292
0.444654
0.458287
0.50014
0.629598
0.573915
0.382456
0.466408
0.300421
0.115981
0.455571
0.136553
0.274303
0.427456
0.202767
0.331069
0.12217
0.242638
0.132921
0.359089
0.317882
0.185019
0.486909
0.486676
0.228275
0.312574
0.500957
0.251754
0.398401
0.519513
0.0744682
0.181393
0.430961
0.334987
0.0469852
0.322424
0.393957
0.422033
0.22764
0.133264
0.390698
0
0.210858
0.27634
0.444859
0.530098
0.0922818
0.461824
0.37462
0.114894
0.0705674
0.306223
0.456636
0.131274
0.327664
0.187448
0.166855
0.202666
0.524616
0.431905
0.275108
0.490412
0.195166
0.422719
0.452957
0.113701
0.539425
0.263743
0.057497
0.408523
0.367235
0.490473
0.319302
0.160078
0.370577
0.130186
0.356886
0.491273
0.0611267
0.244122
0.118689
0.488525
0.312092
0.262884
0.344702
0.585985
0.16228
0.501502
0.395474
0.497037
0.365953
0.410654
0.575864
0.621838
0.528543
0.580076
0.229911
0.133491
0.58095
0.572046
0.284252
0.212713
0.338896
0.41112
0.432927
0.448121
0.376216
0.505181
0.434631
0.396217
0.480953
0.177876
0.300891
0.19599
0.246763
0.55004
0.627908
0.49691
0.351895
0.517813
0.467096
0.48906
0.212981
0.189107
0.182552
0.29629
0.257612
0.327587
0.438623
0.390737
0.318653
0.454586
0.487243
0.439225
0.24367
0.372637
0.249926
0.29552
0.442004
0.367732
0.556395
0.45461
0.41077
0.311074
0.549275
0.494619
0.537017
0.571584
0.265769
0.40402
0.573227
0.279948
0.299371
0.607952
0.525103
0.595045
0.594628
0.60086
0.374933
0.324946
0.475422
0.656654
0.546617
0.360835
0.59496
0.504949
0.547689
0.390381
0.332889
0.57665
0.48406
0.360257
0.383621
0.445994
0.444534
0.631248
0.463672
0.417075
0.652581
0.620771
0.424998
0.574567
0.460147
0.629067
0.521271
0.504861
0.519418
0.583616
0.563319
0.615844
0.489612
0.539195
0.565427
0.406358
0.37827
0.386595
0.39121
0.416458
0.448958
0.441345
0.426096
0.448422
0.426374
0.43924
0.397202
0.368749
0.494323
0.464931
0.489858
0.48527
0.454967
0.475195
0.377074
0.352859
0.328242
0.337544
0.519087
0.494618
0.346712
0.508835
0.3182
0.282011
0.287224
0.436172
0.432511
0.465512
0.483737
0.252681
0.275438
0.440478
0.351136
0.224553
0.215767
0.402273
0.272269
0.246599
0.40398
0.273264
0.303526
0.322375
0.300382
0.451761
0.42408
0.214697
0.458162
0.482347
0.372052
0.179628
0.200492
0.528796
0.497262
0.232033
0.202104
0.538416
0.525722
0.266718
0.360631
0.339953
0.239486
0.275215
0.3092
0.307686
0.337993
0.201705
0.175084
0.54901
0.411648
0.43219
0.510462
0.472312
0.383203
0.205362
0.258007
0.297108
0.538746
0.544052
0.503281
0.191343
0.175148
0.356473
0.543914
0.172124
0.20106
0.495608
0.47893
0.463758
0.376148
0.582998
0.599645
0.62029
0.550046
0.278806
0.241465
0.562685
0.584331
0.292005
0.476787
0.151115
0.154509
0.466639
0.525691
0.42676
0.56881
0.485463
0.445781
0.499298
0.416169
0.39286
0.357168
0.427115
0.524472
0.509113
0.480689
0.430803
0.451679
0.560071
0.539609
0.565051
0.605208
0.616812
0.633085
0.545702
0.534221
0.335127
0.292534
0.140809
0.135797
0.142646
0.163455
0.177121
0.154714
0.202203
0.169088
0.499643
0.45922
0.145797
0.52561
0.154564
0.176436
0.376946
0.412909
0.630241
0.550041
0.281981
0.317759
0.217218
0.598322
0.568242
0.449142
0.493243
0.346705
0.145625
0.109833
0.538922
0.501423
0.411516
0.378824
0.414612
0.444721
0.37341
0.457738
0.613631
0.195235
0.18316
0.484228
0.133511
0.14007
0.110363
0.195237
0.244622
0.206956
0.476707
0.568757
0.176775
0.208773
0.368285
0.406932
0.450464
0.497586
0.250564
0.252575
0.224649
0.112266
0.0803219
0.0801195
0.27998
0.258637
0.156033
0.195767
0.589316
0.546813
0.495193
0.519812
0.418128
0.421976
0.15602
0.428607
0.452235
0.13404
0.0879841
0.400832
0.15677
0.167431
0.13004
0.341536
0.302419
0.296583
0.507905
0.487319
0.289494
0.323259
0.231607
0.254492
0.536588
0.19223
0.211508
0.259523
0.107519
0.10508
0.447298
0.475791
0.372478
0.402213
0.156966
0.22833
0.258299
0.263589
0.102421
0.196312
0.230997
0.0814706
0.507654
0.368353
0.345455
0.282665
0.244765
0.276519
0.251954
0.512604
0.493114
0.316144
0.341523
0.277767
0.150814
0.124433
0.340632
0.302335
0.47153
0.481768
0.0937253
0.296993
0.503666
0.216212
0.0578456
0.483409
0.465867
0.203576
0.177349
0.498097
0.469607
0.440911
0.460021
0.464889
0.200818
0.172649
0.445303
0.133272
0.0987335
0.291449
0.0632252
0.0226737
0.0358469
0.513493
0.479618
0.204174
0.231859
0.176415
0.2197
0.492911
0.367325
0.29916
0.257131
0.436132
0.161191
0.19918
0.283338
0.316483
0.424032
0.468163
0.433624
0.449724
0.28348
0.361612
0.387806
0.412787
0.418611
0.396812
0.14395
0.440345
0.0696551
0.100236
0.347562
0.501026
0.501955
0.339131
0.322402
0.508813
0.471442
0.420351
0.435366
0.376962
0.0428294
0.038053
0.303654
0.515874
0.419734
0.402418
0.263134
0.305017
0.497011
0.462595
0.349695
0.349794
0.365344
0.105774
0.126461
0.485539
0.407549
0.300631
0.330065
0.550242
0.538343
0.127352
0.0947517
0.532504
0.494356
0.314071
0.310217
0.134821
0.129506
0.104234
0.1767
0.473227
0.501054
0.237431
0.226407
0.0301862
0.062096
0.459798
0.431211
0.0720697
0.0309164
0.397437
0.436523
0.403486
0.334714
0.142183
0.164959
0.184761
0.188665
0.299864
0.334223
0.476684
0.461867
0.362435
0.461076
0.0550522
0.143958
0.271872
0.293365
0.535969
0.510472
0.345721
0.0953062
0.350724
0.370972
0.138185
0.148443
0.231232
0.390673
0.390281
0.085663
0.461517
0.469059
0.374949
0.345778
0.490776
0.360608
0.403193
0.169603
0.333321
0.508684
0.52485
0.210138
0.205592
0.242037
0.140981
0.11561
0.083254
0.565753
0.586996
0.546464
0.337115
0.310764
0.335788
0.12004
0.0978533
0.195039
0.564531
0.379286
0.284031
0.505252
0.343009
0.563444
0.538574
0.129682
0.0985699
0.553749
0.550606
0.148402
0.162421
0.18356
0.495268
0.463241
0.232256
0.198017
0.0869468
0.525464
0.122464
0.380592
0.388619
0.59058
0.607664
0.373621
0.370525
0.413009
0.313703
0.272146
0.187669
0.403205
0.585122
0.545763
0.431899
0.404733
0.383774
0.408368
0.517145
0.24263
0.224195
0.205516
0.403456
0.433872
0.590851
0.434535
0.428644
0.280693
0.28237
0.459753
0.457952
0.489368
0.317874
0.278678
0.402276
0.547902
0.185952
0.158458
0.162025
0.150119
0.166466
0.196478
0.461178
0.460671
0.581793
0.601573
0.192059
0.171547
0.431701
0.419054
0.355784
0.369645
0.155041
0.158269
0.493113
0.465708
0.254944
0.287622
0.276618
0.326416
0.616184
0.358308
0.329328
0.196902
0.522688
0.524914
0.521312
0.26588
0.402348
0.227999
0.185064
0.321585
0.363831
0.439456
0.249194
0.531272
0.52432
0.488177
0.328724
0.499916
0.514193
0.463545
0.484861
0.457653
0.466888
0.618545
0.616708
0.485311
0.213868
0.230379
0.630768
0.443445
0.419364
0.614652
0.620831
0.483037
0.429632
0.214597
0.299766
0.298619
0.237686
0.251681
0.467097
0.275753
0.512092
0.391907
0.408999
0.267652
0.23304
0.222798
0.247147
0.217998
0.217569
0.249244
0.221436
0.358396
0.352643
0.561107
0.392694
0.512476
0.376651
0.4272
0.247635
0.53724
0.538529
0.541803
0.360034
0.385432
0.51215
0.511576
0.355868
0.416745
0.405237
0.453572
0.455648
0.470259
0.44027
0.468799
0.261205
0.272281
0.333872
0.334565
0.423789
0.425615
0.52598
0.563042
0.307727
0.286298
0.335958
0.384247
0.535754
0.274543
0.267461
0.55432
0.522205
0.496295
0.297182
0.580612
0.553183
0.57353
0.581039
0.597489
0.343265
0.280399
0.500171
0.547426
0.50602
0.506364
0.486331
0.337327
0.37696
0.537393
0.277438
0.309102
0.585557
0.305155
0.28319
0.442782
0.364867
0.379435
0.522176
0.563309
0.56215
0.320216
0.317973
0.446763
0.461551
0.612435
0.574665
0.601059
0.591928
0.324242
0.521914
0.477147
0.366575
0.575457
0.562537
0.591457
0.341438
0.314267
0.294638
0.313991
0.615619
0.462589
0.478662
0.354215
0.393753
0.338672
0.455337
0.493934
0.435915
0.410387
0.487724
0.552746
0.525121
0.339511
0.327382
0.369319
0.349354
0.642831
0.623623
0.507138
0.38054
0.35391
0.593159
0.557846
0.421221
0.583551
0.433069
0.431327
0.468193
0.401867
0.408355
0.622473
0.37367
0.53389
0.616001
0.625174
0.645421
0.628614
0.682591
0.455774
0.420032
0.407661
0.372932
0.477168
0.517574
0.392589
0.404795
0.385252
0.613987
0.628218
0.419116
0.457847
0.438365
0.592548
0.412082
0.472983
0.665905
0.522085
0.443989
0.586598
0.626485
0.53609
0.558541
0.643295
0.599554
0.499827
0.471617
0.667206
0.492234
0.513957
0.551348
0.670516
0.559254
0.597922
0.45698
0.428721
0.487614
0.571954
0.497461
0.478902
0.470881
0.49671
0.50807
0.641865
0.535372
0.617466
0.609914
0.596038
0.624467
0.57211
0.603604
0.552335
0.591378
0.571803
0.536564
0.541903
0.582835
0.522601
0.571119
0.593012
0.533204
0.533943
0.568815
0.243266
0.251398
0.215201
0.360559
0.42736
0.401286
0.379786
0.438998
0.441475
0.415587
