# bunny_500f_1
# Number of vertices: 1002, Number of faces: 2000
# Preprocessing time: 0.00159292
# Query time: 3.20653
0.412119
0.35595
0.411936
0.447721
0.395305
0.384846
0.252803
0.486321
0.439635
0.305389
0.234211
0.335755
0.185707
0.360818
0.279102
0.172537
0.279905
0.238404
0.312658
0.442833
0.418195
0.538221
0.327675
0.496837
0.209671
0.45547
0.390804
0.16735
0.478598
0.447274
0.497361
0.553466
0.156518
0.38733
0.587837
0.471627
0.164264
0.367331
0.553495
0.514023
0.165723
0.164079
0.117755
0.178429
0.444191
0.519491
0.3164
0.512853
0.481895
0.396289
0.164968
0.108329
0.237565
0.502766
0.2283
0.571025
0.461853
0.263682
0.250981
0.507415
0.423194
0.437574
0.486723
0.603259
0.547762
0.364894
0.443744
0.281833
0.106654
0.438008
0.136553
0.268225
0.417003
0.202089
0.317739
0.11607
0.237319
0.132243
0.342478
0.300399
0.178919
0.460334
0.469537
0.219437
0.311852
0.488947
0.245654
0.384326
0.498603
0.0744682
0.175965
0.404244
0.316294
0.0469852
0.316324
0.376672
0.40334
0.209966
0.128108
0.35633
0
0.205703
0.265737
0.435861
0.505215
0.0922818
0.440471
0.367828
0.113125
0.0705674
0.298524
0.42225
0.131127
0.317061
0.180895
0.16435
0.184994
0.497021
0.417672
0.269953
0.475918
0.194765
0.393478
0.435672
0.107875
0.528003
0.253922
0.057497
0.393835
0.358785
0.452584
0.313828
0.156644
0.357775
0.130186
0.346196
0.471081
0.0611267
0.236605
0.117911
0.461391
0.299318
0.244722
0.330891
0.571121
0.158875
0.483479
0.380904
0.467767
0.35898
0.391547
0.556005
0.606566
0.506445
0.557685
0.22582
0.133106
0.563662
0.560473
0.283827
0.2043
0.309668
0.398384
0.415763
0.434405
0.375485
0.495938
0.426179
0.38342
0.447673
0.175393
0.289366
0.194707
0.245976
0.533676
0.609666
0.478969
0.345658
0.484266
0.465274
0.473946
0.211664
0.176335
0.181774
0.288822
0.255904
0.313575
0.431149
0.368448
0.306857
0.437548
0.466518
0.411932
0.227429
0.357076
0.234174
0.278137
0.416557
0.36143
0.539647
0.43128
0.399245
0.296931
0.531324
0.469742
0.515691
0.541211
0.261772
0.38718
0.569318
0.271971
0.293683
0.582873
0.51663
0.560627
0.576395
0.590494
0.370745
0.32408
0.448657
0.638914
0.516005
0.347006
0.571312
0.493349
0.522946
0.389515
0.330614
0.561251
0.470918
0.342352
0.36942
0.425264
0.439227
0.60633
0.454124
0.389238
0.633628
0.604017
0.416508
0.559391
0.458806
0.612761
0.511118
0.495537
0.491934
0.554943
0.541172
0.600312
0.472958
0.536725
0.554402
0.396128
0.368774
0.381748
0.375461
0.40071
0.432235
0.41918
0.405198
0.429702
0.409377
0.427334
0.378688
0.353955
0.478545
0.449207
0.471136
0.467735
0.448619
0.462903
0.362521
0.343386
0.318899
0.332784
0.500984
0.476117
0.334222
0.49624
0.310517
0.277072
0.280609
0.426941
0.418097
0.45072
0.46682
0.24683
0.273399
0.427049
0.341479
0.22232
0.21089
0.387977
0.268772
0.242602
0.387716
0.263496
0.293334
0.308607
0.291471
0.432003
0.406999
0.213069
0.44401
0.469343
0.359686
0.176543
0.195838
0.512654
0.485932
0.223652
0.19439
0.524494
0.519198
0.258008
0.352729
0.328043
0.233486
0.265886
0.298002
0.297539
0.325732
0.200746
0.17043
0.527166
0.398923
0.418752
0.495649
0.462433
0.370479
0.200395
0.245528
0.288379
0.51035
0.509087
0.476413
0.17992
0.167437
0.350812
0.52867
0.167159
0.19294
0.463734
0.448824
0.438242
0.359957
0.545873
0.564782
0.581989
0.510651
0.267842
0.230585
0.534281
0.555156
0.284237
0.45703
0.151115
0.151425
0.440754
0.496017
0.418883
0.548993
0.450692
0.419944
0.48365
0.394347
0.37664
0.339916
0.405774
0.48749
0.484355
0.458493
0.412619
0.435501
0.527999
0.518872
0.536047
0.574858
0.590584
0.601891
0.524705
0.511223
0.322364
0.279804
0.136251
0.134838
0.138286
0.162906
0.173764
0.151777
0.191362
0.15867
0.48774
0.447317
0.138759
0.501774
0.152599
0.175127
0.361989
0.392937
0.59435
0.521823
0.264843
0.300508
0.209462
0.570508
0.546088
0.426945
0.468533
0.326466
0.139971
0.105994
0.517962
0.480484
0.390578
0.357886
0.393673
0.422536
0.357318
0.436799
0.591384
0.189341
0.177454
0.462518
0.128387
0.132439
0.106003
0.190878
0.227802
0.192306
0.458637
0.546805
0.170701
0.202699
0.354418
0.391808
0.429525
0.476469
0.245936
0.247443
0.220022
0.107574
0.0803219
0.0798266
0.269359
0.247611
0.150691
0.187947
0.568196
0.525692
0.475659
0.49467
0.400565
0.402358
0.14992
0.416704
0.435122
0.128698
0.079584
0.388957
0.151216
0.166753
0.127345
0.323193
0.292716
0.282666
0.487501
0.466528
0.284825
0.315082
0.222277
0.243262
0.507126
0.187604
0.20332
0.258802
0.107519
0.104644
0.430252
0.453276
0.362795
0.39253
0.153019
0.219807
0.239848
0.25405
0.100206
0.19104
0.225009
0.0776443
0.485085
0.355969
0.334075
0.276495
0.238691
0.263186
0.241715
0.486028
0.469622
0.308977
0.332128
0.269539
0.146631
0.120485
0.33095
0.292655
0.451996
0.460024
0.0897777
0.276139
0.474204
0.210112
0.0545631
0.458694
0.455081
0.196789
0.173052
0.463243
0.440145
0.42558
0.437235
0.446197
0.193079
0.165496
0.425796
0.128904
0.0944408
0.285349
0.0589325
0.0226737
0.0358469
0.503623
0.469748
0.198403
0.224981
0.17126
0.21432
0.458235
0.350776
0.285211
0.250254
0.406911
0.154638
0.190382
0.276218
0.307847
0.412346
0.455683
0.419131
0.439942
0.276603
0.352211
0.377221
0.38607
0.399763
0.378067
0.14395
0.418993
0.0677554
0.0983138
0.341462
0.476305
0.473478
0.32654
0.307001
0.498461
0.454158
0.403066
0.411296
0.35827
0.0428294
0.038053
0.293051
0.50193
0.385348
0.373368
0.257739
0.297455
0.465645
0.431229
0.342595
0.339191
0.336452
0.105774
0.12392
0.476047
0.399488
0.273945
0.301594
0.533613
0.528456
0.124957
0.0923949
0.503823
0.467035
0.307194
0.297435
0.132665
0.126101
0.102152
0.174536
0.445905
0.473459
0.228953
0.217917
0.0301862
0.0602768
0.423265
0.40006
0.0699881
0.0309164
0.366286
0.422076
0.392009
0.319339
0.139148
0.160393
0.17313
0.181963
0.294655
0.325683
0.458943
0.437785
0.331415
0.434301
0.0523126
0.143273
0.263168
0.284362
0.518684
0.493188
0.338773
0.0906243
0.337978
0.35761
0.136363
0.145978
0.221002
0.377268
0.376842
0.0849772
0.443172
0.452648
0.362816
0.336371
0.466694
0.345226
0.389679
0.16485
0.325259
0.484448
0.500209
0.203299
0.19396
0.229596
0.139471
0.114124
0.0826604
0.553775
0.569711
0.531772
0.32883
0.301373
0.32594
0.114834
0.0978533
0.192179
0.536875
0.350045
0.273205
0.487765
0.336132
0.552057
0.520004
0.12748
0.0981847
0.529109
0.528508
0.143121
0.1615
0.178107
0.457081
0.433971
0.215706
0.188037
0.0840937
0.495714
0.119474
0.363551
0.372337
0.57777
0.593727
0.359051
0.363629
0.396067
0.294544
0.253222
0.177765
0.385354
0.56464
0.526253
0.418254
0.396281
0.374843
0.39855
0.498203
0.242205
0.22052
0.20211
0.386142
0.413935
0.570055
0.421078
0.417602
0.272554
0.271348
0.446108
0.442999
0.471599
0.303741
0.268643
0.392377
0.527446
0.182722
0.156825
0.159787
0.149341
0.164049
0.192359
0.431772
0.437638
0.561115
0.585973
0.188847
0.170755
0.418104
0.402228
0.342987
0.359735
0.147021
0.152632
0.479468
0.456635
0.245051
0.279128
0.25962
0.308952
0.593664
0.339149
0.328903
0.188182
0.504288
0.508791
0.499429
0.26083
0.383176
0.222546
0.175075
0.316737
0.359213
0.419911
0.242159
0.517628
0.508536
0.463494
0.318658
0.466522
0.48936
0.446381
0.455383
0.440825
0.451841
0.601253
0.599192
0.467622
0.21308
0.224688
0.612201
0.424206
0.418036
0.593809
0.603016
0.463464
0.411197
0.210453
0.291401
0.293569
0.235731
0.245943
0.448662
0.271673
0.504679
0.385242
0.403468
0.265645
0.22432
0.20716
0.229748
0.202932
0.206891
0.238566
0.220324
0.340365
0.335467
0.544586
0.374453
0.481898
0.366554
0.41701
0.244524
0.510492
0.507362
0.526406
0.341057
0.363742
0.491402
0.493652
0.344343
0.390375
0.380854
0.447068
0.434128
0.446967
0.41875
0.444782
0.254505
0.259033
0.327954
0.328796
0.399518
0.407374
0.50804
0.536277
0.30572
0.285486
0.327337
0.378479
0.51761
0.256056
0.250651
0.545288
0.519175
0.471096
0.28588
0.564969
0.543222
0.559885
0.55775
0.566655
0.337959
0.269344
0.493565
0.539686
0.48277
0.489733
0.477984
0.328584
0.367726
0.52075
0.274163
0.305424
0.572063
0.286383
0.278848
0.415596
0.354892
0.367312
0.496868
0.540839
0.5438
0.315443
0.30701
0.425037
0.432859
0.602053
0.556533
0.580389
0.573126
0.320054
0.51127
0.466635
0.360723
0.539895
0.544446
0.571784
0.325919
0.302991
0.292363
0.3091
0.592746
0.451064
0.445796
0.353349
0.383774
0.332998
0.429553
0.464188
0.430041
0.402828
0.481831
0.520089
0.494837
0.320677
0.309878
0.362419
0.337939
0.631747
0.612655
0.480347
0.364165
0.339717
0.580125
0.546451
0.409985
0.547107
0.42309
0.430461
0.461932
0.386385
0.401697
0.606736
0.354191
0.524835
0.597766
0.60519
0.621512
0.605193
0.657366
0.444699
0.415116
0.39882
0.369902
0.456413
0.497856
0.371828
0.382042
0.372608
0.57746
0.601433
0.398335
0.442514
0.427888
0.567711
0.393079
0.462236
0.638852
0.511149
0.437126
0.568303
0.60819
0.522404
0.540377
0.628314
0.586289
0.488117
0.465651
0.647986
0.490513
0.507685
0.538831
0.632596
0.552445
0.582128
0.428822
0.404644
0.46895
0.56083
0.463078
0.457579
0.462246
0.485305
0.489272
0.607176
0.500506
0.588793
0.572867
0.58836
0.61316
0.536997
0.577991
0.523661
0.568066
0.546369
0.520316
0.517927
0.578046
0.508478
0.554181
0.580695
0.519946
0.524458
0.552626
0.238111
0.243389
0.208648
0.351628
0.412593
0.39052
0.369096
0.422638
0.420851
0.397014
