# bunny_500f_2
# Number of vertices: 4002, Number of faces: 8000
# Preprocessing time: 0.015673
# Query time: 0.000834083
0.397238
0.342345
0.397124
0.431953
0.381128
0.367939
0.243221
0.47081
0.421886
0.293624
0.222067
0.320319
0.179524
0.347608
0.267091
0.163174
0.265825
0.22907
0.298557
0.426665
0.402399
0.525634
0.313323
0.478782
0.19743
0.436814
0.375558
0.157094
0.464329
0.439478
0.479176
0.541939
0.145539
0.372508
0.568698
0.461949
0.153966
0.35685
0.543404
0.505456
0.159058
0.158115
0.113007
0.170332
0.430047
0.502871
0.304273
0.509603
0.480887
0.380178
0.154447
0.0999965
0.225272
0.488511
0.225259
0.558569
0.447152
0.257511
0.238958
0.500221
0.414673
0.421558
0.471858
0.594754
0.538645
0.356478
0.43435
0.270834
0.0960352
0.424981
0.133737
0.263077
0.40983
0.203218
0.305706
0.109983
0.231135
0.129522
0.336385
0.292962
0.176317
0.453587
0.448502
0.216616
0.308598
0.478118
0.246032
0.37256
0.480774
0.0736929
0.172957
0.399797
0.308514
0.0437567
0.317651
0.371614
0.396941
0.200571
0.123126
0.348608
0
0.206096
0.266292
0.427302
0.482092
0.0897433
0.431822
0.366917
0.105123
0.0691927
0.300942
0.412456
0.124819
0.321579
0.176532
0.157307
0.179999
0.476529
0.418691
0.270413
0.484891
0.18974
0.385631
0.438897
0.102543
0.521277
0.251509
0.0535209
0.391595
0.361535
0.439417
0.313348
0.145783
0.362107
0.125357
0.345304
0.468025
0.0574865
0.232006
0.109017
0.452091
0.296037
0.237163
0.333832
0.514193
0.155118
0.483265
0.386156
0.459324
0.35388
0.39551
0.514971
0.49474
0.486056
0.490945
0.213369
0.124607
0.516291
0.496633
0.278014
0.193413
0.303821
0.39536
0.422036
0.43009
0.369071
0.502198
0.430813
0.380348
0.455359
0.167593
0.282297
0.18831
0.239905
0.523877
0.500105
0.488421
0.338458
0.492066
0.456823
0.478065
0.200772
0.163147
0.174228
0.278858
0.24655
0.301296
0.422287
0.359787
0.301065
0.444412
0.474537
0.400409
0.21484
0.340517
0.220518
0.264244
0.408506
0.353889
0.54629
0.425616
0.391084
0.282169
0.543725
0.463021
0.523642
0.55118
0.254719
0.375109
0.561221
0.258917
0.284319
0.597448
0.507828
0.553367
0.590655
0.598456
0.359837
0.315877
0.436446
0.629236
0.5108
0.330623
0.578758
0.484559
0.511229
0.38114
0.319318
0.550081
0.459917
0.327014
0.353447
0.406925
0.424492
0.598696
0.442677
0.373676
0.650993
0.588159
0.402002
0.549277
0.447643
0.600987
0.493555
0.480139
0.476593
0.543564
0.525316
0.580911
0.458514
0.522416
0.535799
0.379984
0.353119
0.367588
0.361733
0.386556
0.417262
0.404307
0.390559
0.414068
0.391861
0.410999
0.364942
0.341043
0.459039
0.430111
0.452894
0.452135
0.433057
0.446292
0.34613
0.328424
0.304779
0.319931
0.485128
0.45924
0.321993
0.480084
0.298442
0.267018
0.268373
0.408996
0.399988
0.434337
0.449954
0.235073
0.260165
0.411585
0.328113
0.214062
0.200624
0.371071
0.25826
0.2341
0.373645
0.250444
0.279627
0.294019
0.278266
0.415178
0.391704
0.205305
0.428443
0.45425
0.344459
0.167847
0.185227
0.493077
0.467861
0.212994
0.184974
0.50919
0.505023
0.245864
0.339377
0.313898
0.221342
0.253062
0.284397
0.283978
0.311303
0.190129
0.160195
0.510447
0.384894
0.403256
0.481083
0.447454
0.356682
0.189381
0.232233
0.274944
0.497487
0.498886
0.463232
0.168354
0.158774
0.336239
0.515057
0.15665
0.182189
0.442218
0.430736
0.418777
0.344831
0.533753
0.548921
0.567058
0.501694
0.254316
0.2176
0.517357
0.537624
0.272344
0.440792
0.146035
0.143353
0.426699
0.477292
0.404663
0.531845
0.443292
0.407355
0.468584
0.381769
0.363657
0.328034
0.396475
0.480041
0.477095
0.444125
0.397212
0.419852
0.519566
0.505133
0.535688
0.562256
0.58206
0.58799
0.527966
0.509365
0.30827
0.267477
0.126661
0.125307
0.129535
0.156908
0.166452
0.146315
0.179102
0.146878
0.48311
0.440908
0.129619
0.500569
0.14688
0.167869
0.346743
0.376779
0.583159
0.511364
0.253196
0.288936
0.197947
0.559105
0.535808
0.413575
0.457197
0.315353
0.131657
0.0977944
0.510914
0.474769
0.381741
0.347999
0.384878
0.405388
0.342974
0.430376
0.580355
0.182059
0.172708
0.455365
0.118589
0.121096
0.0980519
0.180579
0.216416
0.181819
0.442569
0.536986
0.163113
0.195909
0.34198
0.37734
0.422267
0.469676
0.244642
0.243355
0.219536
0.0980665
0.0762491
0.0730786
0.262624
0.242206
0.146302
0.180623
0.558878
0.518151
0.471035
0.486518
0.39228
0.391869
0.145661
0.408389
0.423852
0.122841
0.0698998
0.381155
0.146486
0.165498
0.123277
0.313235
0.282817
0.275444
0.472074
0.450558
0.281246
0.305178
0.218641
0.239082
0.497951
0.186399
0.201184
0.257925
0.106201
0.101934
0.412727
0.434874
0.356626
0.389196
0.150999
0.212479
0.229761
0.246112
0.0952216
0.188265
0.225841
0.0704505
0.46451
0.347084
0.325013
0.269956
0.232062
0.259344
0.240295
0.48154
0.464881
0.303059
0.327526
0.265724
0.14248
0.117074
0.323878
0.284885
0.446313
0.44804
0.0851639
0.268307
0.46728
0.208809
0.0491941
0.449507
0.445574
0.193475
0.169182
0.452984
0.431916
0.410207
0.429806
0.442047
0.186501
0.158415
0.419627
0.121999
0.0869402
0.286046
0.0527513
0.0202802
0.0343756
0.499982
0.471153
0.195644
0.224136
0.169676
0.213291
0.445925
0.34392
0.281686
0.251659
0.398583
0.149641
0.187835
0.277299
0.309237
0.401524
0.439273
0.421059
0.443765
0.280412
0.34752
0.370189
0.381551
0.393395
0.371684
0.141533
0.412073
0.0637514
0.0942132
0.34272
0.463373
0.460009
0.323856
0.304184
0.50392
0.462219
0.401124
0.406964
0.351849
0.0414106
0.03679
0.295789
0.48431
0.376894
0.365753
0.253836
0.291817
0.453078
0.42081
0.335577
0.342459
0.32888
0.102561
0.11888
0.462993
0.395351
0.268025
0.294576
0.494527
0.503144
0.116684
0.086777
0.481656
0.455278
0.312311
0.299208
0.129264
0.121488
0.09798
0.171009
0.436669
0.460898
0.227667
0.21492
0.0263957
0.05533
0.412878
0.391609
0.0658241
0.0273171
0.358944
0.419708
0.392091
0.322131
0.133892
0.154517
0.168754
0.176002
0.294519
0.319859
0.462372
0.433228
0.324571
0.428119
0.0436463
0.136881
0.262503
0.283355
0.525323
0.508594
0.336006
0.0850787
0.342631
0.360068
0.126472
0.136062
0.214076
0.375286
0.37837
0.078981
0.44225
0.446817
0.364239
0.338084
0.459627
0.349299
0.391751
0.15391
0.327718
0.471146
0.478296
0.197955
0.189292
0.223787
0.130808
0.10615
0.0754147
0.505495
0.518497
0.522549
0.328151
0.300146
0.324543
0.109058
0.093757
0.18212
0.491643
0.343588
0.270485
0.473842
0.341888
0.510558
0.522427
0.119706
0.0903593
0.487036
0.490825
0.13767
0.155748
0.172891
0.445523
0.42541
0.203415
0.175697
0.0737264
0.484352
0.108043
0.367548
0.375887
0.501644
0.504081
0.363135
0.370138
0.397209
0.289576
0.24922
0.166715
0.390357
0.516047
0.514932
0.421424
0.400219
0.371432
0.39328
0.487965
0.236116
0.215606
0.197796
0.392126
0.419316
0.491267
0.417709
0.410853
0.258965
0.264531
0.450722
0.445181
0.47269
0.297218
0.264243
0.398622
0.504
0.175273
0.1497
0.151167
0.141139
0.154642
0.182523
0.440247
0.443429
0.500416
0.49463
0.179921
0.161221
0.42501
0.408337
0.340138
0.357965
0.134759
0.14095
0.485832
0.461679
0.237764
0.271278
0.246318
0.292863
0.489375
0.333894
0.323615
0.176188
0.503137
0.51247
0.490423
0.255472
0.376567
0.216696
0.163142
0.30953
0.352482
0.420687
0.23252
0.525909
0.514607
0.469757
0.311649
0.47444
0.496211
0.454302
0.464626
0.448058
0.459923
0.50329
0.505402
0.475952
0.205717
0.216319
0.49762
0.416413
0.410364
0.499437
0.498899
0.454695
0.416994
0.201269
0.285049
0.288418
0.226234
0.234053
0.444761
0.260285
0.495707
0.376954
0.395506
0.258879
0.211901
0.193748
0.215942
0.189652
0.195896
0.227794
0.212001
0.330275
0.32932
0.543942
0.368588
0.491347
0.359202
0.407966
0.236462
0.521407
0.516059
0.534002
0.326286
0.351554
0.499374
0.502968
0.338094
0.380075
0.366796
0.438831
0.431924
0.444947
0.416443
0.438622
0.241447
0.245072
0.321551
0.322078
0.391455
0.401345
0.519104
0.548469
0.298441
0.27836
0.314563
0.370456
0.527991
0.241714
0.237433
0.536879
0.510788
0.469344
0.271693
0.573745
0.550683
0.567799
0.571379
0.578669
0.327954
0.25765
0.485433
0.531033
0.48571
0.496196
0.46931
0.321117
0.359742
0.522667
0.265808
0.295328
0.565578
0.271664
0.269493
0.406548
0.345514
0.353898
0.490642
0.548913
0.555385
0.301594
0.292265
0.417928
0.42485
0.595155
0.570212
0.595549
0.585852
0.310619
0.501079
0.457174
0.344671
0.532862
0.544642
0.568505
0.310256
0.290327
0.28154
0.298575
0.605299
0.442588
0.436231
0.345134
0.374407
0.321818
0.417297
0.453308
0.420507
0.393281
0.471904
0.51148
0.484991
0.305528
0.295331
0.351051
0.324441
0.632925
0.604674
0.468456
0.347518
0.324107
0.569932
0.536045
0.399339
0.538286
0.413401
0.421171
0.451791
0.368504
0.384148
0.595478
0.338312
0.515066
0.612746
0.612961
0.6374
0.622333
0.656801
0.431767
0.401637
0.386789
0.358069
0.443631
0.486493
0.356007
0.365883
0.357963
0.569087
0.595689
0.382692
0.428569
0.41566
0.557567
0.376098
0.449271
0.633484
0.498695
0.418949
0.558957
0.600559
0.51209
0.530755
0.614822
0.571371
0.474648
0.449718
0.637121
0.478584
0.496928
0.524125
0.625081
0.540223
0.572337
0.412965
0.388472
0.450432
0.542195
0.446305
0.442394
0.447974
0.470469
0.473791
0.596215
0.483655
0.579701
0.558586
0.574564
0.595929
0.520865
0.566036
0.509533
0.55195
0.532695
0.504032
0.502619
0.561392
0.493607
0.537137
0.560053
0.503949
0.507643
0.534882
0.238756
0.239922
0.205005
0.350187
0.40861
0.388016
0.367281
0.410555
0.407394
0.383229
0.366187
0.359591
0.37329
0.363641
0.373474
0.376767
0.401179
0.396142
0.410429
0.397958
0.402799
0.410431
0.386515
0.394808
0.401126
0.362181
0.35105
0.352758
0.444541
0.441126
0.455519
0.443557
0.425011
0.434492
0.428413
0.421841
0.44044
0.348581
0.336226
0.340577
0.316674
0.31147
0.323006
0.469278
0.457687
0.472427
0.331626
0.330025
0.319723
0.463709
0.466029
0.450251
0.28306
0.268944
0.283983
0.404202
0.415184
0.419428
0.446375
0.44323
0.456438
0.247566
0.265303
0.251915
0.414411
0.423036
0.42447
0.325097
0.311092
0.313264
0.223539
0.20684
0.217976
0.382137
0.396122
0.385192
0.246302
0.250409
0.263184
0.382241
0.377705
0.369074
0.264795
0.271261
0.254521
0.286042
0.292193
0.299114
0.403722
0.399498
0.412964
0.207729
0.223155
0.218895
0.4403
0.441485
0.453711
0.357872
0.358505
0.345097
0.183604
0.177876
0.193759
0.475082
0.480965
0.463498
0.198429
0.194159
0.207258
0.495231
0.493621
0.509804
0.252494
0.269091
0.262526
0.326164
0.329258
0.342923
0.237119
0.24957
0.236152
0.289238
0.303211
0.298969
0.284131
0.298086
0.295116
0.189265
0.173958
0.174293
0.512042
0.496334
0.499116
0.398938
0.392905
0.407118
0.467099
0.4517
0.463237
0.378716
0.365098
0.370592
0.205801
0.189629
0.205835
0.221737
0.229067
0.239003
0.280282
0.268831
0.261408
0.499543
0.481196
0.482666
0.16401
0.172026
0.176699
0.342686
0.331524
0.347537
0.498682
0.497055
0.516779
0.172562
0.170908
0.187734
0.435688
0.42087
0.42812
0.341298
0.323827
0.327949
0.544651
0.558562
0.550785
0.516487
0.518021
0.49863
0.236761
0.225321
0.24344
0.526859
0.546199
0.535498
0.263928
0.269844
0.27902
0.427965
0.416467
0.42719
0.142365
0.154269
0.15679
0.443338
0.427152
0.445752
0.497213
0.508171
0.489779
0.415469
0.401978
0.415884
0.512532
0.503136
0.522055
0.424998
0.41502
0.432048
0.455592
0.45434
0.470526
0.385347
0.373048
0.378437
0.352223
0.346789
0.334135
0.401859
0.384881
0.392673
0.476478
0.459088
0.461588
0.445459
0.461897
0.458845
0.407705
0.411139
0.397953
0.509244
0.49936
0.488652
0.509565
0.524246
0.532738
0.573833
0.589859
0.580374
0.518343
0.528113
0.540009
0.291228
0.269989
0.287998
0.141378
0.140823
0.125717
0.145298
0.149614
0.135194
0.161569
0.156848
0.151465
0.162076
0.158667
0.172929
0.461805
0.457076
0.477735
0.136838
0.152379
0.144565
0.535732
0.519652
0.513492
0.157355
0.161978
0.151928
0.346561
0.363089
0.361264
0.58944
0.575572
0.580363
0.549741
0.525326
0.538154
0.26368
0.280133
0.270797
0.208392
0.187581
0.197931
0.546956
0.529608
0.539992
0.43274
0.447816
0.427457
0.300555
0.308313
0.321519
0.128243
0.112236
0.114902
0.494109
0.477752
0.494708
0.364461
0.365483
0.381458
0.387744
0.391248
0.400712
0.325541
0.34526
0.328088
0.406979
0.390515
0.413196
0.585373
0.573433
0.571822
0.175011
0.180447
0.170606
0.467202
0.444734
0.453191
0.119406
0.133246
0.133297
0.111009
0.126316
0.113606
0.174767
0.187286
0.177692
0.198271
0.188133
0.208043
0.433299
0.430402
0.443799
0.538076
0.524879
0.524436
0.17354
0.178939
0.190258
0.341374
0.358367
0.360352
0.43989
0.463022
0.44535
0.243312
0.232372
0.230425
0.114
0.124277
0.109665
0.0711155
0.0839018
0.0864252
0.252618
0.243372
0.253358
0.158403
0.183065
0.164514
0.540087
0.530318
0.547829
0.48944
0.481858
0.499562
0.50281
0.477165
0.494311
0.401129
0.387531
0.40168
0.147641
0.137182
0.153134
0.404873
0.385146
0.400784
0.423252
0.428526
0.41547
0.135549
0.132366
0.143643
0.0700686
0.0864713
0.0829445
0.483994
0.47079
0.498031
0.394608
0.385249
0.400691
0.160273
0.171243
0.15423
0.572607
0.583854
0.570686
0.133873
0.135077
0.143927
0.330681
0.311882
0.331568
0.280062
0.270224
0.272645
0.456417
0.444964
0.460218
0.283833
0.296683
0.293945
0.230907
0.240366
0.228827
0.487003
0.489047
0.502932
0.203488
0.209254
0.194073
0.2496
0.272743
0.262842
0.114341
0.112034
0.101478
0.409693
0.42548
0.419863
0.36797
0.381945
0.371502
0.157908
0.176963
0.168873
0.219646
0.23722
0.228301
0.223275
0.23496
0.241391
0.0992938
0.109455
0.113961
0.180208
0.20834
0.206805
0.083715
0.0824952
0.0679002
0.442481
0.449843
0.457578
0.344471
0.330649
0.336011
0.26755
0.248171
0.25109
0.249175
0.249613
0.2388
0.489836
0.473673
0.482335
0.313965
0.316204
0.324197
0.245583
0.264706
0.240058
0.129115
0.133614
0.14582
0.304706
0.297389
0.317849
0.458539
0.445536
0.456173
0.101456
0.0930454
0.107638
0.265125
0.275215
0.25649
0.484258
0.474587
0.490371
0.213659
0.201629
0.219171
0.0675486
0.077416
0.0588149
0.445295
0.429387
0.434391
0.209251
0.205984
0.196065
0.14202
0.156116
0.156876
0.459787
0.440556
0.449538
0.396211
0.393941
0.413118
0.447395
0.435146
0.454371
0.180882
0.17361
0.168379
0.433356
0.446269
0.429313
0.103032
0.103054
0.119095
0.28761
0.275915
0.29341
0.0703278
0.0597026
0.0757399
0.0231801
0.0411401
0.0320848
0.472943
0.486484
0.455827
0.209763
0.216635
0.200848
0.174522
0.191418
0.2
0.447784
0.46614
0.462679
0.341316
0.348288
0.332288
0.268446
0.278667
0.270153
0.231807
0.244472
0.238105
0.412995
0.428304
0.415045
0.182124
0.181322
0.193261
0.167537
0.176679
0.155969
0.280636
0.293487
0.297821
0.405769
0.420103
0.425468
0.403111
0.413252
0.432399
0.276978
0.262653
0.265622
0.348402
0.357912
0.358374
0.384881
0.383503
0.376261
0.129113
0.140829
0.15012
0.402525
0.413499
0.405629
0.078814
0.0937922
0.079668
0.334012
0.345151
0.337707
0.456816
0.450377
0.463842
0.314386
0.306704
0.314818
0.488261
0.475709
0.456528
0.428629
0.409868
0.44096
0.400528
0.390944
0.385952
0.363751
0.345281
0.357838
0.0278776
0.0350751
0.0476797
0.0488541
0.0491768
0.0325406
0.293268
0.29964
0.286673
0.467875
0.456418
0.472574
0.38691
0.371086
0.382457
0.261401
0.273211
0.281557
0.447688
0.436162
0.431559
0.331109
0.340314
0.333198
0.347539
0.338966
0.35952
0.111219
0.107828
0.0970673
0.459154
0.451499
0.46363
0.384785
0.382611
0.398145
0.265485
0.281051
0.280297
0.498501
0.495364
0.493075
0.109533
0.0941033
0.102842
0.471355
0.456551
0.468803
0.296301
0.288022
0.305152
0.125696
0.111149
0.111471
0.156326
0.149543
0.133978
0.449589
0.457079
0.4444
0.208252
0.201088
0.221149
0.0410616
0.0450922
0.0288371
0.414406
0.400873
0.406368
0.0546895
0.0463449
0.0336487
0.375774
0.367662
0.383759
0.407878
0.393276
0.406108
0.295607
0.308578
0.311063
0.137224
0.144183
0.149715
0.161077
0.169459
0.165037
0.295787
0.308303
0.307706
0.431482
0.444993
0.418787
0.310931
0.323578
0.309052
0.423608
0.417252
0.431234
0.0327366
0.0334571
0.0214167
0.12786
0.134973
0.125337
0.278963
0.273713
0.289793
0.498114
0.524484
0.484943
0.328751
0.328794
0.337338
0.0752336
0.0832291
0.0893932
0.342474
0.351081
0.351843
0.122564
0.132472
0.127519
0.198175
0.198894
0.210375
0.377086
0.369485
0.367647
0.0816678
0.070421
0.0667401
0.430785
0.44308
0.433014
0.352884
0.340571
0.351207
0.428056
0.447758
0.442868
0.332631
0.344587
0.335539
0.391533
0.377952
0.377116
0.137415
0.144283
0.145988
0.319315
0.334022
0.324013
0.465695
0.474309
0.47038
0.194044
0.204716
0.209657
0.128829
0.117826
0.11894
0.0916452
0.0923135
0.077339
0.506064
0.507817
0.51416
0.522995
0.524434
0.521131
0.314956
0.310705
0.324741
0.101285
0.0864126
0.096516
0.177793
0.173445
0.185213
0.489988
0.488387
0.493907
0.331671
0.341446
0.350806
0.276478
0.285102
0.291668
0.469746
0.453573
0.461424
0.320085
0.327507
0.334856
0.51877
0.514197
0.519765
0.497459
0.484796
0.522784
0.104499
0.0893296
0.105608
0.482896
0.484756
0.487578
0.122619
0.115961
0.12979
0.146193
0.154388
0.162707
0.434249
0.416728
0.427835
0.192298
0.179339
0.188077
0.0572296
0.0734839
0.0586619
0.478712
0.465369
0.459326
0.0969929
0.0912007
0.0790866
0.357047
0.363127
0.37193
0.502896
0.50833
0.506482
0.351126
0.364989
0.355864
0.37822
0.387229
0.387186
0.276292
0.268684
0.257771
0.16033
0.17134
0.164552
0.376773
0.364173
0.379218
0.518695
0.518898
0.520658
0.406911
0.394177
0.410355
0.373264
0.382575
0.383526
0.475037
0.478038
0.467047
0.222647
0.231176
0.242056
0.192997
0.207896
0.184771
0.393766
0.406124
0.409385
0.488835
0.489924
0.492154
0.404842
0.414061
0.402983
0.240677
0.263014
0.24454
0.435611
0.447324
0.432938
0.455876
0.443432
0.458353
0.281984
0.279535
0.264231
0.379189
0.384701
0.394366
0.501087
0.51036
0.497465
0.162915
0.151836
0.166112
0.13524
0.135177
0.149199
0.134286
0.147686
0.142439
0.168031
0.173964
0.161203
0.429476
0.439605
0.431493
0.496706
0.503808
0.496469
0.497384
0.497125
0.502475
0.172508
0.155261
0.166368
0.411489
0.403437
0.416226
0.329619
0.349624
0.341134
0.121101
0.124332
0.136008
0.467458
0.455743
0.473368
0.234248
0.253373
0.253866
0.270487
0.276909
0.252982
0.490186
0.491696
0.492436
0.311589
0.329456
0.306316
0.158316
0.149756
0.168442
0.488223
0.492309
0.508708
0.496516
0.504128
0.487961
0.245428
0.23678
0.224378
0.359135
0.355632
0.338107
0.185339
0.208683
0.193702
0.1512
0.136576
0.148487
0.316227
0.339017
0.330628
0.408568
0.405528
0.417021
0.223103
0.217106
0.239704
0.505442
0.51825
0.499459
0.466748
0.451171
0.456138
0.289917
0.307134
0.290415
0.471666
0.482951
0.483321
0.445409
0.459818
0.451946
0.435673
0.441187
0.451128
0.509515
0.511076
0.504557
0.449659
0.461695
0.465018
0.192985
0.209711
0.198431
0.500541
0.505129
0.499594
0.414267
0.394031
0.396677
0.493485
0.501774
0.490926
0.497544
0.507549
0.504574
0.438245
0.435733
0.419402
0.400013
0.403065
0.412903
0.180587
0.187597
0.190952
0.268506
0.272469
0.282366
0.212776
0.230336
0.216816
0.501375
0.498439
0.495182
0.420344
0.432841
0.433223
0.221929
0.239585
0.242252
0.473396
0.492443
0.47422
0.364711
0.374113
0.386091
0.246948
0.224339
0.236908
0.200983
0.184557
0.194168
0.202957
0.190242
0.204291
0.176248
0.191545
0.179193
0.212307
0.219901
0.202606
0.314929
0.329494
0.312237
0.530285
0.513725
0.531225
0.348741
0.354119
0.332636
0.480622
0.469108
0.477878
0.368362
0.391303
0.383377
0.223412
0.220525
0.206554
0.505701
0.520591
0.504559
0.513858
0.507732
0.525695
0.329415
0.338961
0.342274
0.487265
0.500106
0.489819
0.322781
0.335072
0.348939
0.365285
0.35936
0.3737
0.424923
0.416791
0.403901
0.423932
0.439832
0.431478
0.429461
0.438315
0.423113
0.225724
0.244415
0.229071
0.304804
0.302246
0.320313
0.381426
0.396412
0.386767
0.519777
0.532834
0.535834
0.27971
0.268817
0.288436
0.311423
0.305392
0.321084
0.32834
0.354765
0.345878
0.521777
0.509086
0.515535
0.239623
0.227284
0.228667
0.525083
0.501639
0.517151
0.447544
0.457723
0.4575
0.257193
0.237656
0.252644
0.563773
0.541833
0.554371
0.537155
0.559921
0.547053
0.560015
0.575247
0.56417
0.307016
0.314292
0.321491
0.24713
0.242579
0.233817
0.496803
0.521393
0.508523
0.473483
0.491617
0.479124
0.476409
0.453516
0.46201
0.322734
0.339875
0.340407
0.498724
0.510435
0.51195
0.27039
0.280857
0.287721
0.544343
0.554625
0.553404
0.259174
0.255926
0.243811
0.253126
0.265606
0.2509
0.399159
0.386041
0.394469
0.335557
0.348961
0.340775
0.480241
0.490634
0.478707
0.537445
0.551337
0.541148
0.280452
0.297865
0.278524
0.414936
0.415128
0.4219
0.585042
0.578777
0.570946
0.569248
0.581872
0.583486
0.561597
0.570546
0.575791
0.294867
0.302597
0.31677
0.485922
0.480244
0.463359
0.323221
0.304997
0.328322
0.529358
0.540095
0.533752
0.560247
0.547148
0.556201
0.302323
0.290836
0.283723
0.2736
0.286816
0.269414
0.292063
0.284826
0.275311
0.590843
0.578655
0.59193
0.425654
0.432813
0.450385
0.429158
0.441343
0.433567
0.344134
0.358857
0.358446
0.299418
0.310493
0.308831
0.435539
0.444755
0.426795
0.395186
0.407311
0.383636
0.446409
0.432602
0.457974
0.500908
0.488709
0.498835
0.299469
0.283291
0.288396
0.333166
0.335427
0.347994
0.309032
0.3074
0.292722
0.62051
0.601274
0.613897
0.469747
0.461169
0.478208
0.335832
0.317286
0.329462
0.551924
0.55259
0.536765
0.379648
0.377684
0.398513
0.535091
0.523077
0.523714
0.415271
0.433596
0.433462
0.35799
0.365072
0.376977
0.602817
0.584026
0.587577
0.330984
0.322405
0.313695
0.511604
0.519311
0.528541
0.600549
0.59905
0.615393
0.620076
0.616392
0.631807
0.605845
0.620843
0.609547
0.638264
0.657095
0.650019
0.41709
0.415091
0.399183
0.368349
0.354317
0.373284
0.456965
0.464596
0.476615
0.346479
0.352956
0.359724
0.359732
0.341084
0.341465
0.571427
0.583124
0.581369
0.372235
0.355791
0.368146
0.420838
0.400339
0.406863
0.553869
0.544863
0.563543
0.375156
0.363463
0.358486
0.432422
0.432339
0.415284
0.624891
0.606002
0.61294
0.509787
0.484993
0.495446
0.391622
0.408222
0.402089
0.555157
0.578429
0.576856
0.498321
0.520774
0.508608
0.605482
0.593414
0.584437
0.462711
0.442939
0.451661
0.648315
0.624782
0.636204
0.467357
0.488841
0.473708
0.512233
0.499254
0.486256
0.63716
0.628532
0.648721
0.526426
0.504111
0.519444
0.543132
0.552605
0.566089
0.397831
0.388123
0.400035
0.433281
0.435043
0.451911
0.372188
0.384416
0.377396
0.556838
0.533698
0.548315
0.444448
0.426996
0.428753
0.457689
0.450005
0.437447
0.458287
0.460181
0.442702
0.61334
0.609001
0.619205
0.464959
0.448038
0.467961
0.586826
0.568146
0.577261
0.575286
0.58736
0.588118
0.539764
0.529893
0.550497
0.573005
0.590562
0.583025
0.514424
0.497198
0.502163
0.558968
0.543258
0.549053
0.489026
0.488231
0.502174
0.569689
0.558781
0.552352
0.517218
0.505418
0.521297
0.465309
0.470471
0.48673
0.550431
0.552533
0.564863
0.486356
0.490058
0.506559
0.548954
0.544352
0.558506
0.516581
0.499548
0.521359
0.519422
0.522577
0.50658
0.245578
0.250559
0.233539
0.24541
0.233919
0.226486
0.266284
0.255662
0.251488
0.227963
0.209434
0.222822
0.187098
0.201329
0.188368
0.332469
0.33963
0.342843
0.411419
0.415286
0.40535
0.412004
0.402319
0.399077
0.360575
0.358437
0.369696
0.363685
0.373504
0.377121
0.39309
0.412639
0.391941
0.428083
0.424052
0.408006
0.410418
0.399796
0.394001
0.374492
0.359968
0.367947
0.388017
0.381709
0.373179
0.360718
0.346698
0.354518
0.391223
0.35159
0.372029
0.38324
0.425804
0.417923
0.407359
0.391615
0.422805
0.385618
0.394713
0.405332
0.406452
0.416985
0.378649
0.404162
0.356146
0.343725
0.373595
0.340457
0.46979
0.467109
0.44795
0.433775
0.426118
0.437633
0.441831
0.462146
0.452128
0.414506
0.459101
0.433652
0.334545
0.358067
0.33337
0.323822
0.330969
0.311601
0.299186
0.308318
0.485025
0.470552
0.479881
0.446009
0.308656
0.334928
0.476923
0.480523
0.299118
0.282989
0.296431
0.28043
0.253986
0.254571
0.423209
0.393535
0.38856
0.410939
0.463966
0.434853
0.431113
0.437164
0.239501
0.229722
0.242136
0.278179
0.403852
0.419513
0.31508
0.338715
0.211536
0.229784
0.197574
0.189716
0.373092
0.369317
0.275392
0.242163
0.230755
0.238655
0.360384
0.386625
0.237885
0.260677
0.271882
0.288653
0.307256
0.280378
0.271864
0.285234
0.425762
0.406471
0.396588
0.385114
0.217587
0.193141
0.467753
0.427724
0.429147
0.440915
0.33139
0.359146
0.202121
0.172682
0.164676
0.171474
0.451446
0.485549
0.499883
0.485535
0.22114
0.205206
0.190282
0.181174
0.526208
0.522033
0.492795
0.488329
0.256004
0.23636
0.357081
0.321623
0.309727
0.317241
0.221523
0.222616
0.241884
0.26175
0.29405
0.27509
0.306299
0.273227
0.297738
0.313565
0.173693
0.158409
0.20607
0.161978
0.494273
0.526751
0.416513
0.391933
0.377636
0.388462
0.476444
0.458659
0.482499
0.437747
0.362935
0.351846
0.206243
0.173045
0.249659
0.214463
0.252756
0.294943
0.480043
0.464929
0.513543
0.515288
0.479479
0.46097
0.182098
0.155978
0.15149
0.167526
0.353416
0.318517
0.536384
0.49204
0.200493
0.156673
0.155938
0.166669
0.437947
0.428002
0.453169
0.448662
0.415144
0.410991
0.329866
0.35858
0.537455
0.557058
0.530185
0.536835
0.560124
0.570624
0.48145
0.522331
0.260147
0.247555
0.228844
0.206767
0.524812
0.504451
0.51366
0.557116
0.28796
0.256467
0.439235
0.441788
0.161852
0.130335
0.129393
0.155411
0.443764
0.411952
0.471196
0.482136
0.418501
0.389889
0.54142
0.5187
0.450005
0.440559
0.421097
0.400987
0.485808
0.450729
0.369311
0.391786
0.370839
0.358787
0.315509
0.341642
0.417891
0.376654
0.468823
0.493333
0.492605
0.459367
0.42866
0.464861
0.385653
0.408936
0.418538
0.424476
0.530415
0.511228
0.552161
0.487851
0.515157
0.521007
0.568786
0.578463
0.551015
0.562646
0.592596
0.59576
0.553501
0.504799
0.496452
0.514817
0.305781
0.286412
0.311204
0.248009
0.111511
0.111044
0.141787
0.140896
0.119467
0.142286
0.146074
0.139857
0.165497
0.16962
0.161673
0.15298
0.18896
0.167666
0.149381
0.145908
0.497212
0.464999
0.444404
0.434737
0.138319
0.120755
0.492489
0.506308
0.140553
0.153316
0.162945
0.170282
0.373964
0.329843
0.363619
0.379068
0.594287
0.564674
0.525029
0.498711
0.260468
0.279879
0.246681
0.297259
0.219011
0.176675
0.551927
0.560841
0.549128
0.52012
0.415208
0.420466
0.444322
0.472303
0.336097
0.293874
0.120253
0.102057
0.143634
0.0972353
0.509113
0.508316
0.488776
0.458177
0.398527
0.400699
0.367246
0.349585
0.350728
0.369721
0.413856
0.394408
0.323742
0.362478
0.43633
0.422447
0.590131
0.568872
0.163302
0.175049
0.189897
0.185586
0.478181
0.433265
0.134832
0.105271
0.107415
0.134589
0.10318
0.0973307
0.166309
0.197117
0.227998
0.206615
0.192059
0.16962
0.455935
0.430986
0.549838
0.520204
0.209191
0.158502
0.168722
0.184808
0.379484
0.325372
0.357523
0.374694
0.427243
0.451624
0.418277
0.486645
0.227675
0.214313
0.255986
0.253449
0.233488
0.222717
0.095638
0.1038
0.0937976
0.0596317
0.0588466
0.0872724
0.26329
0.260496
0.250793
0.233053
0.154593
0.135029
0.152253
0.204856
0.561003
0.550775
0.527623
0.50949
0.475903
0.466335
0.512983
0.45994
0.411257
0.407793
0.376182
0.375053
0.161023
0.12927
0.404169
0.4159
0.416612
0.433887
0.127811
0.120213
0.084048
0.0553736
0.393276
0.369625
0.137865
0.146773
0.153775
0.184604
0.123679
0.127313
0.33377
0.292537
0.273064
0.289776
0.285043
0.265823
0.476463
0.4662
0.470249
0.435547
0.29897
0.270405
0.294589
0.30973
0.216713
0.227815
0.221818
0.249474
0.504771
0.48962
0.178504
0.187094
0.195557
0.214624
0.231769
0.283187
0.0913274
0.0889433
0.120313
0.114915
0.427793
0.396365
0.429767
0.441651
0.362878
0.379826
0.353775
0.398968
0.162415
0.139473
0.223714
0.239217
0.204515
0.213194
0.248613
0.256698
0.0836187
0.108078
0.218546
0.158965
0.213418
0.229135
0.0540737
0.0893364
0.472253
0.456542
0.339931
0.332016
0.357945
0.316476
0.256918
0.237632
0.285965
0.228399
0.228541
0.258688
0.260874
0.252218
0.47306
0.496826
0.466494
0.457967
0.332839
0.301644
0.308822
0.322186
0.246464
0.28694
0.158101
0.126629
0.112467
0.122661
0.337403
0.314114
0.295013
0.276737
0.457644
0.46187
0.43546
0.44012
0.0959345
0.0773551
0.251756
0.286749
0.477847
0.458708
0.226204
0.192225
0.0421406
0.0601702
0.441567
0.463106
0.463228
0.427856
0.182982
0.204761
0.171164
0.169884
0.443211
0.47151
0.433288
0.421538
0.4299
0.390529
0.46066
0.442722
0.415395
0.422063
0.153577
0.192084
0.185421
0.169655
0.411894
0.424964
0.136898
0.107459
0.0860943
0.0908189
0.302814
0.267361
0.0680512
0.0434468
0.0307746
0.0103414
0.0155315
0.0537637
0.438485
0.487361
0.514302
0.502089
0.18569
0.205905
0.218901
0.232726
0.222298
0.148226
0.189801
0.207646
0.462744
0.430047
0.327807
0.357713
0.273425
0.288807
0.24777
0.257438
0.403671
0.396607
0.13723
0.162701
0.180817
0.196853
0.313515
0.262849
0.290279
0.304823
0.444812
0.387244
0.415067
0.433137
0.453145
0.464369
0.393165
0.42416
0.271555
0.290905
0.371334
0.34052
0.356411
0.368657
0.375622
0.367485
0.389456
0.393967
0.395141
0.381521
0.163963
0.118188
0.404443
0.421382
0.0667256
0.0646401
0.0809394
0.107748
0.330706
0.354513
0.474361
0.473242
0.449922
0.444877
0.321427
0.323232
0.311828
0.298204
0.515765
0.493842
0.474814
0.448908
0.419215
0.385754
0.420987
0.39986
0.372578
0.330772
0.0630979
0.0204554
0.0191136
0.0530622
0.281606
0.309134
0.484558
0.481645
0.379486
0.393322
0.361638
0.355335
0.301473
0.242087
0.263713
0.280714
0.415736
0.463206
0.444077
0.42835
0.332955
0.325601
0.34415
0.349062
0.339217
0.318471
0.0862564
0.115983
0.122153
0.117132
0.455376
0.444408
0.410965
0.380578
0.285322
0.296221
0.251964
0.298804
0.489308
0.49731
0.501336
0.494543
0.110752
0.09681
0.121663
0.0770025
0.478794
0.46712
0.482961
0.44225
0.321719
0.316038
0.305388
0.282404
0.112246
0.0941332
0.143441
0.136974
0.109474
0.100793
0.179196
0.163384
0.431775
0.444456
0.45585
0.467825
0.240002
0.23392
0.215798
0.195202
0.0117803
0.0412846
0.053349
0.0605525
0.40012
0.425431
0.400481
0.386379
0.013403
0.0760223
0.0584805
0.0413505
0.369819
0.351936
0.418578
0.405503
0.422632
0.379021
0.326345
0.320762
0.162271
0.125709
0.144263
0.153187
0.175156
0.163038
0.175074
0.178047
0.31743
0.282268
0.30496
0.318115
0.412828
0.448997
0.474715
0.458224
0.313333
0.336949
0.442021
0.413184
0.0458557
0.0475991
0.130232
0.145966
0.298896
0.267029
0.257324
0.267669
0.468112
0.505227
0.524852
0.529527
0.344954
0.325682
0.0959298
0.0718421
0.353079
0.361371
0.332132
0.358005
0.130328
0.115741
0.136331
0.141295
0.224825
0.203559
0.365061
0.384406
0.385723
0.370078
0.0649301
0.0934069
0.43768
0.430604
0.454527
0.456237
0.362764
0.34896
0.365475
0.327665
0.454646
0.468775
0.341493
0.356601
0.377472
0.405615
0.156491
0.150326
0.313342
0.342934
0.476455
0.461532
0.479623
0.481767
0.214185
0.228165
0.185975
0.182692
0.199841
0.21872
0.120933
0.106665
0.13927
0.105859
0.0623707
0.0912184
0.512327
0.499427
0.517438
0.517495
0.515635
0.509277
0.336703
0.336597
0.32058
0.306758
0.295519
0.310628
0.104685
0.115923
0.109906
0.0765705
0.195901
0.170072
0.494939
0.485433
0.36407
0.323399
0.261322
0.280852
0.470271
0.454962
0.349549
0.336795
0.514863
0.512557
0.523344
0.503841
0.121556
0.120578
0.107395
0.0735667
0.489199
0.491388
0.483136
0.488486
0.146121
0.130688
0.171437
0.180684
0.140499
0.164595
0.440358
0.452593
0.443576
0.406603
0.198321
0.183634
0.20847
0.167861
0.0613754
0.0903049
0.482405
0.470921
0.114321
0.106295
0.38229
0.385255
0.35146
0.368001
0.507731
0.497894
0.49848
0.509917
0.363928
0.34928
0.375888
0.378345
0.397338
0.394829
0.240634
0.296103
0.283652
0.262174
0.155686
0.179132
0.392982
0.387969
0.514705
0.516958
0.515917
0.503917
0.425293
0.416195
0.419428
0.382415
0.392705
0.362579
0.381729
0.39368
0.487261
0.48713
0.256738
0.214942
0.175347
0.201749
0.231894
0.222721
0.423617
0.377615
0.406516
0.418603
0.493689
0.490242
0.400159
0.407707
0.425138
0.421381
0.247051
0.235273
0.281708
0.283449
0.431506
0.439947
0.463352
0.460691
0.47577
0.469392
0.248885
0.300431
0.294448
0.278915
0.408681
0.391234
0.493125
0.511085
0.180398
0.170988
0.160916
0.137041
0.161986
0.137701
0.149775
0.126496
0.156178
0.162113
0.177178
0.188195
0.437089
0.431705
0.4482
0.449636
0.493877
0.509334
0.495029
0.494994
0.172622
0.18891
0.179995
0.142662
0.432211
0.422883
0.421857
0.396499
0.350158
0.318129
0.361329
0.36839
0.148488
0.15157
0.121964
0.131675
0.493043
0.479888
0.480909
0.445532
0.258575
0.274041
0.215791
0.273166
0.229163
0.2637
0.286223
0.298365
0.490509
0.490657
0.300426
0.316958
0.35215
0.346778
0.187548
0.167878
0.517392
0.525945
0.484087
0.494854
0.473241
0.507971
0.265197
0.251839
0.379876
0.373649
0.200753
0.23487
0.16173
0.167178
0.324443
0.344073
0.294102
0.361515
0.427971
0.408435
0.256183
0.210958
0.496378
0.514606
0.53696
0.5319
0.460381
0.483556
0.297159
0.325664
0.499366
0.464046
0.484764
0.493423
0.458053
0.438664
0.470306
0.475
0.461863
0.467696
0.434977
0.452226
0.500454
0.501194
0.507528
0.511244
0.480568
0.47414
0.204593
0.190323
0.222063
0.228003
0.496263
0.499253
0.400006
0.434971
0.431624
0.389975
0.489994
0.510617
0.505985
0.492145
0.456479
0.454712
0.429287
0.406003
0.203135
0.195743
0.294603
0.29513
0.273196
0.283444
0.218916
0.206975
0.244267
0.247733
0.447279
0.437844
0.260285
0.258343
0.477506
0.511787
0.399284
0.407991
0.355929
0.383129
0.248208
0.26963
0.206668
0.216594
0.208317
0.178435
0.21766
0.215339
0.203458
0.17585
0.184676
0.206546
0.194012
0.220616
0.236381
0.229333
0.312056
0.316713
0.344288
0.345771
0.546404
0.536453
0.363734
0.374471
0.490212
0.491789
0.37468
0.400172
0.346466
0.415048
0.240538
0.235914
0.500926
0.505122
0.53713
0.533827
0.544886
0.519866
0.355938
0.315596
0.334207
0.346402
0.495393
0.486343
0.511822
0.512424
0.364842
0.310727
0.389102
0.382152
0.370858
0.353066
0.447449
0.430357
0.436425
0.414433
0.448148
0.454745
0.406756
0.423138
0.43095
0.448967
0.230903
0.221735
0.261235
0.261923
0.338109
0.339526
0.308108
0.303066
0.391943
0.376256
0.40286
0.406938
0.55168
0.505342
0.531503
0.544757
0.306581
0.296944
0.289878
0.259126
0.328255
0.298316
0.361182
0.380793
0.52463
0.534227
0.230405
0.25294
0.250257
0.22547
0.529612
0.547019
0.535262
0.485239
0.464114
0.468117
0.265611
0.277012
0.562957
0.58514
0.573619
0.527422
0.555487
0.582212
0.566065
0.556635
0.585831
0.58928
0.334256
0.321909
0.26131
0.25265
0.497934
0.518192
0.471916
0.545562
0.48391
0.468013
0.499183
0.506014
0.490811
0.445951
0.338959
0.359869
0.307801
0.357588
0.523848
0.51821
0.304374
0.252794
0.277234
0.288517
0.565195
0.558679
0.27649
0.267575
0.258057
0.278955
0.403347
0.408389
0.34672
0.331689
0.35979
0.36301
0.478316
0.501471
0.547444
0.535772
0.563263
0.566409
0.274302
0.281377
0.317906
0.311224
0.422494
0.427915
0.412681
0.415349
0.601162
0.581505
0.597446
0.556754
0.582597
0.592731
0.588796
0.582466
0.334214
0.286093
0.439302
0.505845
0.493557
0.473158
0.351234
0.338192
0.535164
0.521789
0.543902
0.550651
0.561112
0.574375
0.321388
0.29736
0.263964
0.27662
0.304873
0.299406
0.308148
0.290168
0.602535
0.603987
0.466304
0.417039
0.419131
0.451275
0.374124
0.330925
0.361194
0.376146
0.319269
0.322249
0.408324
0.427059
0.444166
0.460951
0.371964
0.406655
0.43239
0.416409
0.481071
0.458867
0.510333
0.495418
0.512015
0.475417
0.295134
0.315651
0.31127
0.279476
0.364735
0.336834
0.325226
0.322848
0.619189
0.635841
0.619896
0.584982
0.487453
0.451022
0.340391
0.351897
0.34087
0.304719
0.522229
0.568043
0.564493
0.545844
0.419424
0.380226
0.526459
0.547693
0.434951
0.455399
0.39557
0.402415
0.437267
0.449099
0.386506
0.395598
0.349938
0.372539
0.614521
0.574221
0.346305
0.331484
0.531342
0.499371
0.629383
0.631768
0.599119
0.595324
0.649407
0.636573
0.620188
0.608914
0.641961
0.669611
0.383542
0.437192
0.427159
0.415791
0.393717
0.378468
0.381995
0.338946
0.497924
0.438801
0.450731
0.47468
0.367119
0.370686
0.342248
0.359892
0.341088
0.37741
0.589447
0.560112
0.581409
0.598033
0.376786
0.391005
0.415742
0.442695
0.436268
0.397759
0.578367
0.535995
0.3892
0.364151
0.453098
0.447601
0.617533
0.64593
0.524328
0.471819
0.414404
0.422298
0.599445
0.535111
0.582297
0.60181
0.519649
0.488096
0.533131
0.541432
0.561955
0.624876
0.601913
0.579481
0.460808
0.485589
0.469769
0.433807
0.661841
0.612872
0.479981
0.459503
0.500451
0.511157
0.537791
0.509816
0.621515
0.607272
0.532539
0.545852
0.586313
0.559849
0.412677
0.397741
0.409319
0.379693
0.470827
0.429911
0.564237
0.519245
0.428597
0.462172
0.459521
0.424527
0.427237
0.465913
0.475842
0.46455
0.474047
0.47622
0.605816
0.589944
0.488108
0.479907
0.57077
0.597948
0.561451
0.54991
0.599316
0.561841
0.583204
0.58948
0.531966
0.508917
0.575146
0.555281
0.52623
0.493166
0.537909
0.567017
0.537541
0.528444
0.515829
0.514839
0.491258
0.489843
0.543122
0.575426
0.509399
0.476059
0.571052
0.531252
0.538588
0.548044
0.52301
0.523432
0.481534
0.49213
0.537479
0.529996
0.221435
0.255935
0.235616
0.245364
0.218462
0.190925
0.352458
0.347616
0.395918
0.418802
0.384729
0.391151
0.379954
0.355547
0.391086
0.433088
0.391216
0.422974
0.378014
0.390687
