# bunny_500f_0
# Number of vertices: 252, Number of faces: 500
# Preprocessing time: 4.2e-08
# Query time: 0.000691833
0.404143
0.348669
0.406729
0.439698
0.389226
0.374103
0.246529
0.477012
0.428282
0.298758
0.227429
0.325982
0.182464
0.354323
0.27207
0.165981
0.270044
0.231586
0.304205
0.438278
0.408419
0.525735
0.318677
0.490137
0.200342
0.444372
0.380788
0.161808
0.46357
0.439033
0.485297
0.542126
0.148285
0.379123
0.57417
0.459247
0.159399
0.357329
0.542182
0.507244
0.159046
0.15982
0.116194
0.173587
0.43589
0.508789
0.307324
0.502787
0.471229
0.386779
0.157574
0.10508
0.23227
0.49131
0.226169
0.566933
0.455949
0.259751
0.24217
0.503524
0.419571
0.429315
0.475793
0.597271
0.542074
0.355658
0.437426
0.272395
0.0990044
0.426263
0.135661
0.264932
0.408301
0.198838
0.309762
0.111301
0.230635
0.129566
0.334487
0.291444
0.173889
0.450297
0.460154
0.213617
0.306736
0.479185
0.239974
0.37477
0.48902
0.0745315
0.175014
0.396522
0.306727
0.0464442
0.310056
0.366293
0.393789
0.201381
0.122515
0.346263
0
0.199933
0.257887
0.4273
0.494595
0.0923531
0.433017
0.360599
0.108484
0.0688529
0.292565
0.411577
0.128149
0.30926
0.17345
0.157096
0.17869
0.486518
0.407072
0.26426
0.465221
0.192794
0.384514
0.425186
0.104209
0.51696
0.24462
0.0568055
0.382603
0.350314
0.44437
0.306892
0.150469
0.346435
0.128294
0.336997
0.459778
0.0600892
0.228991
0.110069
0.451078
0.289646
0.235823
0.325512
0.559956
0.155123
0.471369
0.374981
0.458275
0.352046
0.380594
0.541451
0.593212
0.493133
0.544393
0.21837
0.125925
0.553147
0.547912
0.280213
0.194655
0.3016
0.388158
0.407508
0.421809
0.371125
0.485742
0.417162
0.373536
0.437183
0.169551
0.282986
0.189697
0.235648
0.524614
0.599095
0.469775
0.339799
0.473478
0.458855
0.463146
0.202917
0.164013
0.172011
0.277941
0.244273
0.30601
0.424668
0.358449
0.300323
0.42966
0.457259
0.40316
0.214234
0.346902
0.220953
0.26428
0.405548
0.354756
0.528946
0.419848
0.392209
0.283589
0.521901
0.458516
0.505957
0.530186
0.256003
0.374677
0.560414
0.265956
0.281588
0.571866
0.508761
0.549776
0.566683
0.579903
0.364702
0.312622
0.442758
0.629852
0.502976
0.336023
0.560811
0.485374
0.512678
0.378136
0.318017
0.550817
0.458039
0.327959
0.355818
0.411005
0.433447
0.595731
0.444847
0.374344
0.623728
0.590875
0.402328
0.543834
0.447636
0.597405
0.501349
0.482136
0.47772
0.53963
0.528538
0.583682
0.460094
0.524911
0.537464
