# bob_500f_0
# Number of vertices: 250, Number of faces: 500
# Preprocessing time: 0.000646375
# Query time: 6.5375e-05
0.275339
0.329691
0.215062
0.304016
0.0515565
0.322299
0.220376
0.243138
0.212125
0.209526
0.282031
0.139395
0.120761
0.222661
0.212283
0.305789
0.385077
0.352772
0.169357
0.20068
0.264577
0.286076
0.342911
0.429091
0.414291
0.194661
0.248885
0.223699
0.327763
0.385216
0.393033
0.443096
0.462349
0.303301
0.272147
0.285417
0.32231
0.399251
0.454212
0.489469
0.511646
0.363523
0.321347
0.319228
0.368446
0.365178
0.414747
0.464066
0.573149
0.543936
0.362893
0.363751
0.401963
0.412693
0.450927
0.498555
0.517299
0.539593
0.588976
0.552007
0.307817
0.332389
0.332054
0.38168
0.433271
0.48994
0.275608
0.294043
0.366553
0.3664
0.445089
0.497691
0.429449
0.209423
0.260754
0.333555
0.407679
0.300057
0.34399
0.382951
0.179607
0.173939
0.235593
0.221385
0.302006
0.344154
0.338644
0.215863
0.172961
0.240657
0.264575
0.278446
0.315742
0.227562
0.278642
0.268942
0.36558
0.375168
0.501564
0.458814
0
0.0451232
0.0464523
0.103494
0.0477393
0.092132
0.153797
0.189685
0.252534
0.0850413
0.162422
0.230949
0.254934
0.110517
0.0900838
0.138853
0.117832
0.130661
0.20074
0.178098
0.251429
0.339762
0.163447
0.314797
0.35633
0.226005
0.175622
0.19494
0.21529
0.176836
0.233166
0.269893
0.33584
0.379603
0.214349
0.251872
0.245532
0.268176
0.29898
0.316247
0.353627
0.390363
0.419641
0.233274
0.216437
0.280277
0.239183
0.329346
0.314231
0.367788
0.419259
0.192698
0.272879
0.261226
0.37613
0.155301
0.149402
0.204265
0.265959
0.11537
0.108758
0.150909
0.202927
0.216782
0.271447
0.0623101
0.0784888
0.11348
0.138914
0.165534
0.222302
0.27233
0.11571
0.154
0.177856
0.165996
0.214243
0.238552
0.197758
0.251849
0.310069
0.29174
0.411246
0.386424
0.302911
0.312868
0.134155
0.0906371
0.360396
0.353106
0.381134
0.540409
0.556985
0.333168
0.485552
0.504893
0.268475
0.44082
0.39847
0.1626
0.132609
0.321618
0.370546
0.129543
0.181213
0.186134
0.225873
0.318814
0.375007
0.421033
0.421912
0.432681
0.486174
0.417704
0.294222
0.328203
0.427299
0.440348
0.501149
0.327009
0.274391
0.461358
0.26154
0.435825
0.202218
0.187544
0.347614
0.214861
0.153095
0.34543
0.11754
0.343092
0.0781078
0.0682204
0.269168
0.25192
0.170402
0.25696
0.248812
0.306119
0.31106
0.366957
0.400888
0.366122
0.353244
0.366504
0.403757
0.443493
0.394872
0.440403
