# bob_500f_2
# Number of vertices: 4000, Number of faces: 8000
# Preprocessing time: 0.001092
# Query time: 0.000316541
0.28002
0.331671
0.233564
0.326002
0.0612094
0.387783
0.340704
0.294389
0.239191
0.223264
0.309654
0.143493
0.124112
0.221434
0.205621
0.30086
0.380844
0.360947
0.17319
0.19763
0.262438
0.276069
0.332932
0.430365
0.409248
0.194296
0.249666
0.229009
0.325307
0.379129
0.37852
0.425295
0.447789
0.305031
0.28058
0.296756
0.320835
0.401409
0.446582
0.476858
0.513395
0.370981
0.338459
0.330168
0.390207
0.367907
0.421266
0.469009
0.574941
0.540529
0.396668
0.397009
0.429281
0.451171
0.468877
0.521434
0.510775
0.580538
0.596312
0.578212
0.360226
0.371409
0.371921
0.426205
0.437404
0.518959
0.306246
0.32316
0.372344
0.400244
0.475088
0.526591
0.443189
0.21153
0.276326
0.32854
0.410224
0.293824
0.343606
0.393286
0.172789
0.179188
0.237135
0.226855
0.304339
0.347162
0.347694
0.225037
0.183288
0.244206
0.280671
0.283405
0.330155
0.249326
0.316979
0.300532
0.383953
0.382611
0.488126
0.45105
0
0.050374
0.0482124
0.113059
0.0584453
0.102893
0.163997
0.192892
0.252824
0.105066
0.172817
0.237761
0.270845
0.123006
0.10853
0.176857
0.145187
0.1928
0.273667
0.222248
0.31044
0.354695
0.256981
0.374335
0.424359
0.278979
0.223045
0.302142
0.294255
0.247832
0.32394
0.357116
0.421127
0.455223
0.268724
0.316742
0.332363
0.371629
0.410103
0.370506
0.433854
0.458514
0.462967
0.281473
0.271575
0.337419
0.291552
0.388488
0.349669
0.406095
0.442775
0.233284
0.317588
0.294818
0.399013
0.178564
0.179199
0.242606
0.270238
0.129698
0.130604
0.183484
0.232761
0.225413
0.284431
0.0705797
0.0896949
0.127859
0.145367
0.180353
0.233592
0.28311
0.121959
0.167773
0.190944
0.175726
0.227666
0.263952
0.219473
0.276548
0.332762
0.297707
0.418864
0.395788
0.319076
0.312345
0.14188
0.0965568
0.359943
0.361431
0.414963
0.531588
0.569765
0.372581
0.497383
0.511176
0.30113
0.443595
0.39679
0.177842
0.130084
0.339787
0.373091
0.144533
0.20434
0.204561
0.255239
0.359742
0.431013
0.43972
0.398985
0.439813
0.496507
0.409449
0.294947
0.32782
0.441358
0.500089
0.514055
0.373158
0.325954
0.495389
0.296965
0.443759
0.232609
0.219748
0.356407
0.237305
0.176036
0.350732
0.131517
0.34667
0.0773682
0.0715571
0.28524
0.255251
0.188408
0.295618
0.271305
0.34092
0.305803
0.353432
0.403828
0.366495
0.386988
0.358462
0.401139
0.457449
0.389424
0.444597
0.165855
0.132375
0.170893
0.208077
0.22322
0.194574
0.251875
0.245981
0.31627
0.318562
0.286088
0.339169
0.342772
0.349401
0.202717
0.167438
0.24223
0.21081
0.248068
0.315098
0.339036
0.346413
0.333961
0.364943
0.166864
0.154735
0.180386
0.208586
0.199498
0.215622
0.227549
0.246164
0.238138
0.271884
0.302026
0.298391
0.329256
0.306396
0.352412
0.354164
0.398839
0.374692
0.410813
0.433105
0.41678
0.188832
0.219117
0.211963
0.25018
0.223287
0.258732
0.234775
0.255111
0.291882
0.299376
0.27372
0.35257
0.322991
0.350026
0.38837
0.363143
0.377381
0.448457
0.422272
0.45384
0.401532
0.496891
0.473023
0.468358
0.450509
0.424863
0.283317
0.272947
0.30492
0.30482
0.314032
0.328574
0.32394
0.34809
0.348089
0.385453
0.42424
0.410984
0.459634
0.430725
0.49136
0.48272
0.507529
0.524992
0.523531
0.366361
0.382602
0.353626
0.364249
0.358702
0.389673
0.391252
0.363485
0.419238
0.394129
0.419261
0.444916
0.441505
0.4495
0.436698
0.476184
0.478336
0.509328
0.559823
0.539103
0.546684
0.564048
0.57386
0.361913
0.395566
0.387396
0.366267
0.395866
0.397928
0.455643
0.44702
0.444338
0.545081
0.553337
0.522691
0.55157
0.52003
0.485582
0.483177
0.60002
0.614564
0.596594
0.579987
0.590899
0.587867
0.566187
0.334872
0.3011
0.331756
0.338604
0.337537
0.368156
0.429423
0.41986
0.497477
0.454504
0.525529
0.558814
0.500664
0.554858
0.481116
0.473067
0.442445
0.493486
0.519976
0.309432
0.282304
0.274681
0.347499
0.36464
0.378484
0.407751
0.386072
0.350651
0.428615
0.401518
0.462289
0.489342
0.473691
0.198743
0.202511
0.222911
0.296924
0.259928
0.325038
0.30613
0.30887
0.288165
0.319693
0.339298
0.36486
0.37132
0.394922
0.405673
0.427064
0.153293
0.175072
0.151663
0.198498
0.191681
0.220959
0.270475
0.300329
0.277493
0.322643
0.203818
0.230854
0.258902
0.289578
0.31663
0.314202
0.35279
0.362241
0.329295
0.274958
0.293284
0.264734
0.254324
0.280125
0.251818
0.308707
0.330524
0.306396
0.227847
0.257768
0.232674
0.286835
0.273392
0.286723
0.305264
0.311941
0.315507
0.328512
0.339482
0.290959
0.329278
0.305783
0.356098
0.353861
0.339582
0.375933
0.413449
0.414208
0.440392
0.384586
0.415448
0.424603
0.409302
0.509144
0.509379
0.481806
0.468894
0.463683
0.447258
0.429125
0.435804
0.430098
0.450405
0.0606438
0.0257661
0.0382944
0.0365873
0.0709741
0.0289443
0.0571114
0.0705416
0.0829507
0.0735105
0.0941009
0.264797
0.2591
0.237821
0.0825631
0.0554419
0.0783065
0.0874077
0.111151
0.134435
0.109645
0.138787
0.17153
0.210375
0.196547
0.211709
0.181431
0.242287
0.221376
0.272203
0.271642
0.0342938
0.0363399
0.0659338
0.123969
0.125175
0.098313
0.136127
0.157319
0.179989
0.197975
0.244219
0.223251
0.0843919
0.0920642
0.118934
0.151133
0.164717
0.288278
0.329632
0.313428
0.30109
0.339819
0.150887
0.182399
0.146581
0.229775
0.222636
0.255732
0.280892
0.298854
0.342738
0.382326
0.356745
0.40523
0.403793
0.385444
0.247169
0.251077
0.273117
0.305485
0.321686
0.285961
0.282181
0.304355
0.272003
0.305351
0.328889
0.348128
0.391744
0.366638
0.383753
0.341823
0.396994
0.431399
0.410369
0.440626
0.407758
0.444986
0.423522
0.470227
0.472366
0.293976
0.320387
0.289513
0.343189
0.314955
0.323359
0.349932
0.443992
0.453564
0.443222
0.487509
0.460514
0.488287
0.437637
0.43357
0.474195
0.250243
0.248108
0.281326
0.255279
0.263069
0.281484
0.324312
0.311683
0.336608
0.404144
0.379653
0.409852
0.394075
0.419616
0.365409
0.376426
0.389018
0.419148
0.414295
0.289845
0.265532
0.25833
0.225539
0.199718
0.201226
0.22545
0.269386
0.262178
0.235828
0.301106
0.281975
0.268104
0.200901
0.202138
0.176689
0.182067
0.211042
0.208625
0.235977
0.208731
0.283525
0.310206
0.32008
0.103049
0.129191
0.101754
0.153186
0.154988
0.156537
0.129255
0.154028
0.151981
0.180646
0.206505
0.205368
0.228025
0.274886
0.243615
0.250458
0.308557
0.314805
0.227831
0.205141
0.257874
0.286598
0.0994734
0.118251
0.095223
0.147159
0.178657
0.15358
0.209904
0.197472
0.240044
0.226522
0.192032
0.164672
0.192012
0.147984
0.139593
0.201736
0.219141
0.244659
0.242898
0.26936
0.283042
0.294098
0.323957
0.305573
0.348818
0.336866
0.317976
0.330807
0.362767
0.453029
0.426826
0.415592
0.408419
0.43652
0.391403
0.377635
0.432795
0.453483
0.0966773
0.0799567
0.310136
0.346276
0.390203
0.378731
0.405204
0.549202
0.380833
0.415564
0.395405
0.40226
0.353135
0.103656
0.130273
0.107636
0.338339
0.35001
0.318577
0.336338
0.341452
0.317864
0.355224
0.381471
0.354452
0.178736
0.20804
0.182379
0.223232
0.22403
0.198259
0.317748
0.312422
0.341755
0.282725
0.370808
0.450275
0.439383
0.418683
0.423367
0.40762
0.508519
0.547582
0.538067
0.48194
0.482811
0.284105
0.283243
0.296279
0.0555441
0.0725429
0.0852353
0.302446
0.281783
0.305855
0.364699
0.369717
0.330863
0.505126
0.478923
0.507095
0.517885
0.263807
0.296856
0.231914
0.202667
0.156046
0.177602
0.311366
0.317866
0.10642
0.130605
0.243892
0.270334
0.260182
0.279803
0.29319
0.269649
0.297524
0.250471
0.215192
0.269521
0.302829
0.325682
0.292244
0.266923
0.286515
0.25742
0.346261
0.358088
0.35471
0.37993
0.372123
0.374872
0.398333
0.388953
0.383071
0.386376
0.181267
0.160471
0.262226
0.334258
0.131831
0.153267
0.18309
0.282586
0.368093
0.39119
0.163094
0.403209
0.27609
0.301265
0.32466
0.339313
0.373423
0.407106
0.41409
0.397815
0.458486
0.491043
0.542713
0.402123
0.338861
0.403614
0.400571
0.426271
0.46404
0.439257
0.468029
0.498481
0.503182
0.534758
0.54465
0.389319
0.412071
0.267605
0.351836
0.238149
0.254229
0.374339
0.424961
0.448998
0.374538
0.3839
0.340051
0.372018
0.173828
0.150396
0.130908
0.347025
0.233429
0.20371
0.208308
0.232286
0.186468
0.259545
0.355163
0.397614
0.46724
0.0294536
0.055571
0.0825361
0.107079
0.114935
0.127346
0.135326
0.154014
0.166406
0.210028
0.139147
0.256081
0.184823
0.204275
0.246784
0.289431
0.265782
0.363778
0.216024
0.204359
0.225854
0.199326
0.216629
0.241049
0.230502
0.257633
0.316453
0.32865
0.365379
0.255101
0.295471
0.264405
0.278304
0.420109
0.394018
0.31926
0.329332
0.313485
0.328518
0.334819
0.313756
0.361078
0.376002
0.394678
0.35238
0.42743
0.475428
0.297526
0.287569
0.312513
0.300017
0.327167
0.345475
0.356089
0.444043
0.470787
0.417434
0.442002
0.33246
0.324012
0.366944
0.346281
0.379899
0.155136
0.153331
0.178096
0.205381
0.261212
0.251039
0.12851
0.102343
0.155247
0.106541
0.158018
0.183353
0.153325
0.181785
0.252493
0.221625
0.248048
0.284601
0.259913
0.207014
0.230257
0.245793
0.403646
0.372514
0.364239
0.418915
0.111033
0.105566
0.11915
0.323861
0.34366
0.372457
0.378703
0.373514
0.389691
0.403179
0.366162
0.395901
0.402552
0.371253
0.334883
0.526722
0.531907
0.502977
0.470047
0.410527
0.349105
0.140901
0.114772
0.163659
0.366042
0.16455
0.386355
0.410463
0.366758
0.387743
0.361586
0.334245
0.420616
0.401946
0.425198
0.399919
0.303682
0.308165
0.280933
0.330436
0.493866
0.467108
0.32732
0.147605
0.151151
0.16755
0.214253
0.209953
0.200869
0.235712
0.235374
0.249598
0.316909
0.302773
0.300507
0.339753
0.354544
0.354226
0.185472
0.184603
0.166196
0.226346
0.229749
0.244422
0.324084
0.341914
0.330978
0.337186
0.350007
0.352563
0.159902
0.167
0.172935
0.194466
0.189509
0.203995
0.223098
0.238935
0.231236
0.220668
0.233883
0.216853
0.257814
0.25506
0.24089
0.287343
0.300036
0.285518
0.315835
0.304056
0.318139
0.340534
0.342192
0.35385
0.387281
0.389765
0.401977
0.431466
0.419478
0.428075
0.203675
0.215999
0.200375
0.234911
0.221389
0.236486
0.246747
0.243832
0.256111
0.296052
0.286729
0.282826
0.336663
0.336215
0.350266
0.370241
0.375484
0.356238
0.364755
0.36381
0.350834
0.43517
0.437691
0.451979
0.410205
0.409513
0.398056
0.48466
0.480214
0.488926
0.461192
0.45895
0.446569
0.442828
0.427836
0.437791
0.276554
0.264357
0.271067
0.293101
0.304487
0.294559
0.307668
0.315621
0.318842
0.314794
0.302704
0.311725
0.336019
0.334543
0.346305
0.375496
0.367283
0.355794
0.406402
0.399737
0.417099
0.444888
0.440276
0.453616
0.475212
0.487053
0.470215
0.498722
0.515587
0.508104
0.509961
0.51349
0.498554
0.375375
0.36794
0.361091
0.360915
0.34339
0.344421
0.374875
0.360073
0.374058
0.38135
0.365401
0.378465
0.407359
0.391878
0.402696
0.430207
0.441301
0.430073
0.434885
0.429208
0.445422
0.463086
0.461243
0.448963
0.480643
0.495235
0.495302
0.552068
0.535147
0.542094
0.555869
0.572875
0.55988
0.378305
0.390857
0.374348
0.380983
0.395754
0.381519
0.460897
0.451624
0.449539
0.549789
0.538637
0.533016
0.536712
0.537275
0.553275
0.481945
0.501213
0.502494
0.607902
0.60845
0.614424
0.597388
0.603268
0.59948
0.596059
0.580808
0.582576
0.318105
0.316892
0.332565
0.351484
0.35178
0.335884
0.337566
0.35153
0.353932
0.426556
0.43369
0.439668
0.491509
0.477984
0.469555
0.538331
0.554943
0.539735
0.513713
0.500662
0.512394
0.561443
0.575858
0.57241
0.47852
0.458239
0.462511
0.507109
0.501297
0.486652
0.295703
0.275696
0.290663
0.353502
0.371037
0.362115
0.396934
0.368039
0.378444
0.413387
0.428278
0.440803
0.445701
0.436475
0.418268
0.483801
0.496813
0.476972
0.479282
0.480869
0.497964
0.200549
0.213664
0.21022
0.290224
0.279033
0.270396
0.315068
0.302565
0.312987
0.307734
0.299632
0.297359
0.315173
0.323666
0.328708
0.366013
0.381938
0.378838
0.409016
0.412987
0.416387
0.16411
0.163157
0.151511
0.193518
0.204611
0.210043
0.286464
0.289263
0.273745
0.312225
0.31046
0.321923
0.218638
0.21845
0.205208
0.243996
0.253291
0.239807
0.303714
0.315233
0.300375
0.356739
0.345345
0.340126
0.285092
0.279514
0.270433
0.266785
0.266028
0.25213
0.319182
0.318626
0.307138
0.243211
0.24492
0.231391
0.272386
0.266988
0.280817
0.294837
0.306694
0.299456
0.322989
0.337698
0.328238
0.287697
0.301272
0.302428
0.316951
0.305549
0.317536
0.342434
0.355473
0.341395
0.346795
0.365263
0.356716
0.413574
0.427786
0.42773
0.399825
0.414918
0.399852
0.425776
0.415398
0.41596
0.503724
0.492379
0.493107
0.473946
0.472436
0.464824
0.438681
0.43162
0.440831
0.432658
0.441124
0.442384
0.0429161
0.0311993
0.0498246
0.0533081
0.0548727
0.0365954
0.0316438
0.0432218
0.0473904
0.0650361
0.0766433
0.0703391
0.0843657
0.0823336
0.0715326
0.261027
0.24816
0.251109
0.0682353
0.0673694
0.0798048
0.0850174
0.0970758
0.0988864
0.122219
0.123876
0.136975
0.189784
0.203842
0.185177
0.205468
0.196254
0.188993
0.227067
0.231335
0.21667
0.257423
0.256472
0.270882
0.0349996
0.0515987
0.04989
0.121718
0.110415
0.109336
0.130739
0.140868
0.146853
0.168332
0.187521
0.175302
0.233597
0.209575
0.22114
0.0888045
0.105152
0.101217
0.134914
0.157528
0.143523
0.309134
0.32115
0.300677
0.308096
0.327905
0.32135
0.167619
0.163827
0.147271
0.222599
0.235487
0.242797
0.28951
0.276669
0.268431
0.363591
0.369927
0.349981
0.403227
0.394556
0.394113
0.247933
0.262667
0.25934
0.314723
0.305413
0.295822
0.29374
0.289378
0.27802
0.317272
0.338472
0.326921
0.369657
0.3791
0.35744
0.375615
0.362801
0.35438
0.413599
0.420645
0.402376
0.42838
0.424323
0.408481
0.440447
0.433912
0.430704
0.468941
0.45472
0.457162
0.305759
0.302638
0.290644
0.329386
0.319757
0.332921
0.318631
0.329155
0.339692
0.45524
0.44707
0.451557
0.473695
0.474006
0.488158
0.448584
0.448308
0.436108
0.483877
0.474569
0.486778
0.249662
0.265067
0.265744
0.258339
0.272431
0.26769
0.314299
0.324323
0.327327
0.391897
0.395866
0.407942
0.404123
0.40691
0.416344
0.370787
0.385097
0.380414
0.400199
0.411683
0.401102
0.276403
0.26092
0.273324
0.239751
0.255205
0.243416
0.199429
0.212305
0.210407
0.253244
0.239262
0.242136
0.265287
0.249037
0.252067
0.290482
0.273112
0.285048
0.202048
0.188775
0.188798
0.196584
0.210423
0.194995
0.223602
0.209688
0.222121
0.296717
0.317291
0.302203
0.115001
0.116012
0.100835
0.141443
0.15396
0.142729
0.142876
0.1413
0.155822
0.152364
0.165534
0.167233
0.203862
0.215819
0.218334
0.258421
0.247209
0.261991
0.290266
0.294614
0.311291
0.216022
0.20486
0.216529
0.242566
0.254617
0.23915
0.271797
0.258475
0.272429
0.107629
0.107404
0.0963828
0.162341
0.167574
0.15101
0.194561
0.187879
0.203086
0.225034
0.232735
0.217502
0.177865
0.178274
0.191473
0.154783
0.151624
0.14153
0.208372
0.205621
0.195543
0.231787
0.232081
0.243931
0.277021
0.288591
0.281298
0.31477
0.300125
0.308301
0.342831
0.326211
0.334121
0.332795
0.349747
0.34774
0.438508
0.42184
0.434068
0.417268
0.430766
0.42164
0.384813
0.393897
0.399987
0.436334
0.445863
0.4437
0.0890537
0.0703597
0.0785763
0.32438
0.34291
0.328265
0.382337
0.393158
0.394804
0.555161
0.56967
0.574572
0.399394
0.40959
0.387239
0.400336
0.377525
0.37524
0.117695
0.11786
0.104874
0.343333
0.333994
0.32676
0.337227
0.329691
0.324617
0.367349
0.367149
0.354461
0.19442
0.195413
0.180291
0.224729
0.210906
0.212062
0.318555
0.327058
0.332584
0.301092
0.297719
0.285959
0.355156
0.356686
0.341456
0.450809
0.450546
0.449403
0.426111
0.416671
0.415543
0.526381
0.541469
0.522504
0.522266
0.545742
0.530246
0.495115
0.494797
0.482145
0.296705
0.282291
0.295933
0.279979
0.272445
0.289549
0.063814
0.077755
0.0702882
0.287193
0.291192
0.276238
0.275052
0.294756
0.28813
0.366537
0.348125
0.347348
0.492445
0.475487
0.489832
0.516144
0.513925
0.518373
0.262637
0.279767
0.280453
0.216209
0.21704
0.201698
0.155465
0.165871
0.167073
0.300172
0.316326
0.301872
0.312919
0.320364
0.303912
0.102451
0.119128
0.11447
0.257507
0.265052
0.251501
0.286446
0.282005
0.275044
0.283601
0.286519
0.274062
0.233016
0.220014
0.237163
0.2672
0.275975
0.260802
0.314126
0.307906
0.296899
0.287934
0.276172
0.278826
0.271597
0.263555
0.27804
0.334654
0.354457
0.341368
0.367498
0.376528
0.364242
0.386689
0.392167
0.381796
0.362208
0.353982
0.367297
0.373577
0.375384
0.384614
0.397091
0.387449
0.397843
0.169921
0.177637
0.188437
0.194732
0.191039
0.174702
0.268901
0.273457
0.255459
0.338404
0.323601
0.333852
0.143361
0.14052
0.152284
0.167674
0.158866
0.175532
0.29387
0.299014
0.308944
0.265676
0.25281
0.270989
0.354222
0.335744
0.349996
0.388318
0.378555
0.37787
0.177535
0.174616
0.164356
0.207762
0.19191
0.199325
0.361008
0.362279
0.349448
0.392229
0.404637
0.404303
0.222121
0.228282
0.214719
0.264857
0.251634
0.260247
0.31065
0.308296
0.295387
0.390129
0.390032
0.402016
0.416776
0.421215
0.406079
0.276973
0.263077
0.263958
0.274149
0.28669
0.288109
0.321032
0.31243
0.309969
0.536599
0.517926
0.528481
0.329656
0.338874
0.345668
0.353381
0.36056
0.36696
0.409421
0.40219
0.399226
0.382074
0.3952
0.386123
0.410597
0.40057
0.40861
0.430439
0.441651
0.447663
0.483874
0.474927
0.467646
0.540722
0.525336
0.524186
0.567642
0.585009
0.5781
0.390928
0.398714
0.4019
0.350611
0.346619
0.334307
0.401475
0.405557
0.407827
0.398152
0.414054
0.410867
0.42856
0.439689
0.422834
0.453879
0.457987
0.445218
0.451508
0.460978
0.447501
0.502883
0.489423
0.488895
0.475402
0.488593
0.496044
0.50686
0.510828
0.49563
0.545553
0.560976
0.563732
0.539584
0.555439
0.550563
0.396322
0.383887
0.37986
0.395202
0.409696
0.405156
0.433323
0.426557
0.420304
0.550005
0.533171
0.537694
0.288269
0.271715
0.284389
0.3427
0.329499
0.323425
0.37166
0.378759
0.359698
0.335561
0.344879
0.33456
0.386172
0.395575
0.403152
0.248178
0.230781
0.238946
0.246353
0.237421
0.229803
0.276623
0.261234
0.271259
0.377751
0.405533
0.398979
0.372802
0.355659
0.353989
0.441469
0.450167
0.461038
0.437827
0.433097
0.421886
0.390459
0.379189
0.395035
0.184812
0.186994
0.196098
0.328435
0.31841
0.329041
0.367159
0.354787
0.352164
0.379563
0.389397
0.371828
0.16157
0.149907
0.16132
0.144586
0.140402
0.153772
0.186411
0.202146
0.188672
0.281375
0.274564
0.265536
0.331684
0.315487
0.330895
0.349346
0.362621
0.363037
0.223033
0.2174
0.206954
0.243564
0.249279
0.258985
0.300662
0.305851
0.312572
0.215902
0.219894
0.227656
0.203427
0.19736
0.193066
0.245614
0.23971
0.254099
0.293349
0.293635
0.306035
0.354671
0.342368
0.342356
0.273383
0.278494
0.265029
0.332588
0.318408
0.324971
0.37012
0.355823
0.369366
0.405733
0.385568
0.395858
0.455366
0.455421
0.46413
0.418227
0.427245
0.416664
0.461314
0.459199
0.471098
0.0432053
0.0423427
0.0295717
0.0794565
0.066044
0.0689392
0.101893
0.104836
0.111701
0.129253
0.125005
0.119201
0.167366
0.173977
0.161128
0.227808
0.224081
0.213604
0.0468138
0.0304965
0.0408529
0.0444509
0.0427592
0.0304863
0.0979072
0.0960651
0.0845792
0.139183
0.12501
0.123933
0.156026
0.154646
0.139828
0.131096
0.145169
0.140909
0.0798077
0.0903097
0.0883963
0.216646
0.240564
0.232899
0.279052
0.291874
0.269416
0.0947967
0.0789855
0.0811566
0.134124
0.136427
0.153159
0.167428
0.148417
0.165382
0.17238
0.184215
0.191952
0.22491
0.21692
0.238205
0.275552
0.254094
0.268291
0.254277
0.276091
0.266672
0.341301
0.359983
0.348478
0.379462
0.369181
0.375668
0.199274
0.209598
0.194399
0.211034
0.200003
0.214403
0.207625
0.219107
0.229223
0.201882
0.226632
0.209578
0.245452
0.241192
0.228212
0.320565
0.330045
0.308817
0.302807
0.323095
0.309663
0.347055
0.349714
0.332574
0.396848
0.394586
0.407584
0.407333
0.413493
0.417825
0.238428
0.240652
0.253428
0.283281
0.285272
0.296156
0.275208
0.254912
0.266345
0.252983
0.274972
0.263435
0.269863
0.270214
0.282467
0.314056
0.315249
0.324355
0.293206
0.272847
0.284798
0.407431
0.39135
0.40481
0.394213
0.380898
0.380029
0.463639
0.452998
0.442509
0.304761
0.325785
0.308502
0.331341
0.336789
0.316958
0.316062
0.297007
0.30848
0.339172
0.330137
0.323009
0.32919
0.340548
0.344837
0.360053
0.348288
0.348601
0.387852
0.383575
0.395633
0.364279
0.368069
0.356486
0.430946
0.431927
0.441957
0.400521
0.41598
0.412362
0.432094
0.425376
0.437971
0.490944
0.500536
0.485074
0.292478
0.308658
0.296156
0.296991
0.306097
0.290349
0.274979
0.261054
0.275214
0.299404
0.300227
0.312024
0.313801
0.31935
0.306647
0.340036
0.334439
0.347262
0.351172
0.367737
0.363627
0.428745
0.441297
0.42584
0.459877
0.452785
0.467849
0.430168
0.430852
0.419588
0.210262
0.212686
0.199151
0.285377
0.274006
0.290829
0.349167
0.362274
0.343796
0.31287
0.327087
0.316519
0.382148
0.369621
0.37766
0.32195
0.334733
0.334783
0.360686
0.37063
0.35667
0.165144
0.164875
0.15301
0.153633
0.165758
0.166113
0.20389
0.190017
0.191404
0.220254
0.206754
0.222401
0.249011
0.265105
0.251303
0.236872
0.247629
0.238926
0.272455
0.256235
0.26601
0.331782
0.309046
0.329833
0.115163
0.101379
0.115613
0.154323
0.141007
0.142308
0.0950333
0.104608
0.0908914
0.156127
0.169495
0.168261
0.117155
0.117782
0.106866
0.208222
0.19446
0.193664
0.156059
0.143741
0.146327
0.160303
0.172525
0.170245
0.193577
0.195932
0.207623
0.132144
0.128704
0.142553
0.230396
0.221143
0.235733
0.150429
0.167588
0.16461
0.236963
0.235448
0.250554
0.206589
0.208713
0.193682
0.268313
0.272279
0.255459
0.254993
0.248859
0.264985
0.210427
0.193916
0.19719
0.203702
0.219524
0.215875
0.239452
0.243882
0.25208
0.256062
0.25528
0.244065
0.259866
0.246312
0.257279
0.296133
0.311685
0.301253
0.38837
0.382299
0.397146
0.356662
0.366049
0.350738
0.419184
0.426023
0.410827
0.102848
0.119464
0.114534
0.0942107
0.0893745
0.0760277
0.113411
0.119579
0.125274
0.317997
0.31428
0.330511
0.35642
0.375332
0.362002
0.375458
0.38778
0.395549
0.383485
0.36869
0.388158
0.353725
0.350694
0.337415
0.377515
0.381354
0.392239
0.387337
0.38967
0.403306
0.40479
0.411196
0.399618
0.335651
0.35364
0.353316
0.529992
0.549173
0.546645
0.532496
0.515188
0.518205
0.470833
0.487821
0.484874
0.247448
0.26635
0.249398
0.424384
0.425865
0.405349
0.364492
0.362597
0.376239
0.154908
0.141864
0.143627
0.107563
0.118779
0.121271
0.128875
0.12811
0.116975
0.151734
0.162019
0.152438
0.359597
0.365131
0.374314
0.346915
0.353425
0.35916
0.175201
0.180946
0.167901
0.171575
0.187652
0.181845
0.21762
0.220349
0.230116
0.37684
0.388244
0.398681
0.389582
0.375364
0.398654
0.397874
0.392213
0.399007
0.375103
0.368332
0.380878
0.347592
0.350706
0.334938
0.410138
0.421121
0.411084
0.430091
0.41737
0.426663
0.412456
0.42403
0.412302
0.436806
0.425659
0.437446
0.410789
0.426023
0.416094
0.332775
0.315049
0.324549
0.306093
0.318942
0.316102
0.270941
0.268705
0.257593
0.290297
0.292244
0.301511
0.31416
0.333989
0.315391
0.352866
0.330678
0.35246
0.506124
0.50808
0.521971
0.48062
0.482348
0.468686
0.454205
0.454981
0.467762
0.394032
0.414097
0.401226
0.189721
0.189252
0.203162
0.332526
0.316512
0.333673
0.0865701
0.10277
0.0880016
0.111203
0.0947841
0.100218
0.304974
0.312637
0.300109
0.158887
0.14193
0.147322
0.295476
0.302088
0.312276
0.336521
0.345289
0.357379
0.312257
0.31357
0.328926
0.342131
0.341466
0.327954
0.381914
0.392489
0.391358
0.482248
0.468342
0.466719
0.382445
0.387197
0.368099
0.460041
0.466665
0.475866
0.185919
0.187723
0.145835
0.128185
0.136547
0.155032
0.194178
0.185648
0.219702
0.22521
0.221652
0.206282
0.265924
0.261081
0.237403
0.234025
0.299431
0.283236
0.332266
0.332629
0.307954
0.291186
0.357281
0.348314
0.324623
0.32751
0.356985
0.353271
0.148161
0.204718
0.200128
0.18427
0.259529
0.261814
0.224338
0.207508
0.214488
0.233892
0.3234
0.336708
0.306508
0.320432
0.358591
0.359657
0.367116
0.321565
0.34728
0.364014
0.18037
0.186635
0.153961
0.147824
0.163523
0.175762
0.21821
0.214617
0.200675
0.184906
0.223354
0.237954
0.207277
0.211506
0.244235
0.254544
0.223232
0.250869
0.27393
0.267974
0.282049
0.289466
0.313888
0.311998
0.331328
0.320636
0.327142
0.29152
0.366001
0.366388
0.33865
0.342564
0.412883
0.421949
0.386697
0.374859
0.375734
0.397392
0.419324
0.414508
0.440592
0.405999
0.185237
0.196198
0.191588
0.206191
0.232012
0.228058
0.250474
0.23717
0.247983
0.208726
0.268602
0.267863
0.25256
0.240841
0.231413
0.242307
0.278247
0.269102
0.305347
0.309129
0.290441
0.277826
0.365881
0.364089
0.337498
0.321688
0.323682
0.337132
0.342816
0.382625
0.39432
0.382664
0.378128
0.377428
0.466343
0.449637
0.43397
0.421464
0.42437
0.44229
0.390121
0.413178
0.497881
0.478046
0.484383
0.471328
0.470883
0.458689
0.437832
0.463353
0.435199
0.414733
0.28114
0.288359
0.28537
0.261137
0.29803
0.292951
0.31688
0.315663
0.325611
0.331624
0.30374
0.328459
0.321966
0.326925
0.357371
0.359104
0.33961
0.335607
0.394251
0.376051
0.434605
0.427795
0.412655
0.394821
0.467533
0.453085
0.436809
0.427181
0.467001
0.482561
0.503523
0.498438
0.51938
0.49168
0.523925
0.532748
0.507554
0.528781
0.352183
0.347075
0.381079
0.390528
0.375456
0.360994
0.34937
0.380689
0.37703
0.345601
0.393421
0.390164
0.389487
0.377826
0.395205
0.348121
0.412142
0.422274
0.408103
0.380109
0.421323
0.432783
0.419184
0.43336
0.456557
0.453034
0.460694
0.45327
0.436156
0.419404
0.475009
0.47364
0.49429
0.511072
0.462773
0.509886
0.550071
0.570153
0.556421
0.523649
0.54422
0.557232
0.538617
0.546609
0.58129
0.589375
0.359356
0.371831
0.366963
0.384148
0.406935
0.404035
0.367869
0.384063
0.367099
0.382635
0.410197
0.412087
0.442208
0.434985
0.460883
0.4521
0.437624
0.440353
0.527715
0.516455
0.562762
0.566584
0.536764
0.52609
0.568095
0.534398
0.519981
0.519685
0.50507
0.462505
0.461967
0.503031
0.606403
0.601705
0.589097
0.596866
0.594519
0.589111
0.582343
0.587232
0.577606
0.585184
0.571673
0.592791
0.582007
0.565133
0.34857
0.346044
0.320968
0.304549
0.300907
0.317747
0.322269
0.320485
0.355065
0.355289
0.370778
0.364152
0.44148
0.415702
0.412179
0.42384
0.44456
0.50925
0.485304
0.465281
0.525905
0.543343
0.523495
0.571773
0.513093
0.487407
0.567071
0.544404
0.463817
0.445475
0.497574
0.49301
0.457023
0.442509
0.471896
0.513626
0.52646
0.515867
0.305432
0.290519
0.31597
0.302672
0.261112
0.257909
0.356337
0.370237
0.337186
0.34521
0.383033
0.388576
0.388985
0.360987
0.426367
0.415356
0.356985
0.340283
0.454494
0.400328
0.385923
0.418514
0.469483
0.453514
0.467885
0.508302
0.460482
0.458367
0.206874
0.217268
0.188502
0.189666
0.217555
0.228857
0.249347
0.308649
0.286202
0.268335
0.324298
0.32448
0.31573
0.29272
0.283083
0.317251
0.301089
0.291041
0.331648
0.342283
0.307012
0.334478
0.379349
0.392874
0.352289
0.356169
0.389449
0.400232
0.401266
0.411584
0.40693
0.420318
0.14045
0.140629
0.165899
0.176407
0.173897
0.162956
0.215998
0.227782
0.183205
0.181204
0.202499
0.216188
0.255551
0.260163
0.283544
0.297679
0.302343
0.292235
0.332771
0.312824
0.190736
0.218987
0.23325
0.228864
0.248606
0.268864
0.28484
0.298186
0.295461
0.307593
0.329236
0.329811
0.336066
0.323833
0.364371
0.368609
0.353676
0.336886
0.259956
0.255065
0.289289
0.298776
0.287862
0.273883
0.239134
0.237727
0.269211
0.281032
0.280219
0.266488
0.29652
0.294498
0.32031
0.33092
0.330329
0.318281
0.216225
0.219621
0.239342
0.253281
0.257438
0.243572
0.294721
0.286958
0.272162
0.26022
0.291828
0.30499
0.28224
0.293489
0.316337
0.318306
0.316287
0.327239
0.308723
0.314316
0.343465
0.353153
0.305219
0.275004
0.329908
0.31799
0.328158
0.293471
0.339089
0.342675
0.369979
0.3688
0.348248
0.366081
0.331028
0.382877
0.425817
0.440849
0.398436
0.399207
0.428207
0.440132
0.384751
0.383692
0.399213
0.429368
0.413254
0.405016
0.434877
0.398294
0.501979
0.484917
0.517891
0.520631
0.498597
0.482445
0.459627
0.456287
0.479139
0.473074
0.448722
0.444308
0.446443
0.437239
0.420384
0.424924
0.451042
0.420166
0.438792
0.448765
0.0683752
0.0574698
0.0532028
0.0373337
0.0138759
0.0193612
0.0194545
0.0530651
0.0695414
0.0732196
0.0625391
0.0155741
0.0408526
0.0531377
0.0768295
0.0597797
0.0810493
0.0874655
0.0608224
0.0873385
0.0971772
0.0919401
0.256433
0.242015
0.274113
0.271929
0.24572
0.235758
0.0942194
0.0904686
0.0705319
0.0560839
0.057285
0.0690154
0.100996
0.111983
0.0731638
0.109104
0.149027
0.152199
0.11964
0.107683
0.111212
0.125029
0.168191
0.179667
0.173472
0.193524
0.224628
0.215334
0.173714
0.222877
0.202104
0.187734
0.207031
0.239946
0.246309
0.236127
0.284395
0.284272
0.261314
0.256444
0.0483401
0.0636666
0.0187549
0.0188783
0.0535076
0.0683657
0.114199
0.100785
0.135121
0.135678
0.115039
0.100317
0.152739
0.16395
0.120444
0.151038
0.185534
0.161215
0.200371
0.209688
0.232094
0.257097
0.247449
0.198738
0.095971
0.114372
0.0730075
0.0765196
0.108321
0.122434
0.152664
0.130675
0.171926
0.177492
0.279498
0.29274
0.297551
0.319509
0.340714
0.333588
0.31368
0.333387
0.286996
0.3467
0.129842
0.128865
0.170632
0.186488
0.178163
0.162818
0.251574
0.264919
0.209487
0.209192
0.235295
0.248175
0.260625
0.302148
0.311576
0.287081
0.326998
0.335703
0.35842
0.377556
0.386284
0.374494
0.395842
0.385041
0.414848
0.412577
0.397753
0.388703
0.258328
0.269972
0.235302
0.235751
0.265674
0.275668
0.286887
0.276953
0.324392
0.330764
0.312389
0.295726
0.266021
0.26011
0.294527
0.305467
0.299997
0.283411
0.314722
0.33613
0.296391
0.307646
0.350075
0.359787
0.345296
0.381846
0.40118
0.388268
0.333144
0.397043
0.371355
0.350826
0.384672
0.391257
0.409187
0.425
0.442241
0.431991
0.392008
0.450208
0.431776
0.419677
0.421635
0.450903
0.441348
0.429203
0.462305
0.483596
0.487414
0.456533
0.280153
0.278731
0.308569
0.323855
0.316981
0.302083
0.343892
0.333561
0.339009
0.324435
0.304747
0.309948
0.361169
0.339231
0.440455
0.445028
0.450058
0.461629
0.436232
0.43242
0.49846
0.503515
0.473875
0.460917
0.461412
0.474218
0.423886
0.420671
0.451339
0.446116
0.470609
0.464436
0.265569
0.281767
0.234509
0.23343
0.261326
0.277792
0.264987
0.276412
0.244983
0.248799
0.277923
0.287723
0.337901
0.339595
0.310082
0.301059
0.324416
0.336749
0.419996
0.421974
0.388433
0.376063
0.384376
0.398231
0.42864
0.392024
0.39902
0.412317
0.378424
0.35613
0.362881
0.390396
0.395274
0.409668
0.389627
0.408445
0.430495
0.424099
0.286302
0.270117
0.292987
0.281745
0.249842
0.246038
0.228922
0.221853
0.210419
0.222476
0.18911
0.18896
0.215865
0.229311
0.255937
0.238843
0.280823
0.277878
0.247214
0.233591
0.297999
0.281926
0.307098
0.299273
0.263703
0.255147
0.18817
0.176869
0.215256
0.216551
0.188396
0.17627
0.180406
0.193249
0.18335
0.197272
0.225713
0.224859
0.234618
0.221623
0.238483
0.195904
0.289956
0.30701
0.277385
0.288869
0.332881
0.33656
0.0880999
0.0854892
0.116734
0.128085
0.130575
0.117178
0.143873
0.140631
0.164841
0.165344
0.16995
0.168989
0.143479
0.13024
0.128096
0.139852
0.18244
0.139478
0.165371
0.178977
0.220402
0.230529
0.191652
0.193677
0.21623
0.227714
0.279965
0.266951
0.271912
0.255396
0.233647
0.236966
0.330259
0.331913
0.288734
0.299031
0.23074
0.219134
0.226692
0.193208
0.24538
0.270821
0.285342
0.285888
0.0872153
0.0834479
0.1106
0.118193
0.121106
0.108842
0.135898
0.137487
0.15742
0.1723
0.184848
0.171284
0.21807
0.212516
0.201514
0.182298
0.210428
0.233236
0.247299
0.241353
0.205763
0.205439
0.179226
0.164998
0.168519
0.182212
0.134488
0.129269
0.161911
0.153218
0.189035
0.21352
0.220712
0.218892
0.255633
0.25418
0.232534
0.23184
0.27305
0.286203
0.266425
0.272465
0.295274
0.301782
0.317051
0.329937
0.320187
0.290836
0.340704
0.326795
0.357393
0.352901
0.318596
0.30815
0.345444
0.360615
0.314515
0.364244
0.449152
0.427632
0.455608
0.441227
0.411705
0.40513
0.412999
0.427304
0.402617
0.446029
0.405289
0.375086
0.367296
0.386898
0.438891
0.449049
0.425423
0.456544
0.0859244
0.108784
0.0999008
0.0621819
0.31421
0.332168
0.309975
0.360648
0.401193
0.404897
0.376667
0.367417
0.392306
0.406576
0.535607
0.566415
0.36706
0.37188
0.390455
0.405297
0.427504
0.420566
0.351773
0.425359
0.380823
0.355685
0.0900732
0.0943307
0.117719
0.131239
0.12951
0.119306
0.322278
0.311319
0.355415
0.359722
0.343472
0.327257
0.322449
0.311619
0.348951
0.349791
0.335386
0.324034
0.343128
0.342607
0.368637
0.382198
0.381725
0.367632
0.163648
0.165402
0.192207
0.207423
0.206384
0.196147
0.211754
0.201088
0.237037
0.2386
0.206827
0.194003
0.329209
0.344535
0.306493
0.304118
0.315236
0.328513
0.26982
0.290223
0.369838
0.356941
0.436374
0.446445
0.450044
0.440886
0.409578
0.406617
0.429141
0.436096
0.411297
0.405132
0.508362
0.517354
0.511858
0.531828
0.564353
0.557861
0.469539
0.470534
0.49728
0.495684
0.297664
0.301276
0.26903
0.268745
0.306927
0.28833
0.0628228
0.0786004
0.0503983
0.0592215
0.0857336
0.0914069
0.299027
0.306244
0.298735
0.260265
0.30373
0.315214
0.350305
0.333879
0.384972
0.373996
0.351982
0.329578
0.503025
0.508303
0.495614
0.461558
0.523289
0.513861
0.497486
0.504948
0.281896
0.298255
0.246555
0.297191
0.188072
0.231124
0.232918
0.218104
0.166909
0.178038
0.143912
0.176219
0.300935
0.295723
0.328257
0.332896
0.12573
0.0894483
0.123985
0.136418
0.238514
0.246963
0.249783
0.263019
0.277527
0.273261
0.267956
0.291723
0.298156
0.288911
0.261154
0.281293
0.297242
0.299467
0.252655
0.244618
0.227646
0.202099
0.254595
0.283658
0.286233
0.281602
0.320847
0.332918
0.31789
0.301652
0.268275
0.265485
0.292382
0.27969
0.265255
0.249113
0.344449
0.326729
0.36823
0.372121
0.35311
0.360779
0.356675
0.369993
0.389014
0.384928
0.370175
0.378252
0.380402
0.393789
0.401268
0.398082
0.392962
0.394639
0.371669
0.376407
0.200882
0.161891
0.151927
0.169597
0.24326
0.280756
0.348364
0.319017
0.163831
0.13655
0.127454
0.142152
0.191495
0.176963
0.278258
0.288863
0.363282
0.374367
0.378393
0.396235
0.152936
0.173103
0.414374
0.39149
0.262691
0.289628
0.302751
0.300598
0.333416
0.314751
0.355786
0.322578
0.379856
0.369064
0.397845
0.417542
0.421266
0.40748
0.39087
0.407671
0.464292
0.451393
0.50014
0.480259
0.558647
0.527957
0.390333
0.385733
0.321092
0.355699
0.412543
0.387499
0.385163
0.406104
0.424732
0.415414
0.465746
0.455644
0.433981
0.453544
0.444734
0.48097
0.483906
0.513124
0.515399
0.486732
0.549338
0.523361
0.528228
0.56104
0.39635
0.380037
0.405371
0.419724
0.283726
0.253858
0.362805
0.33923
0.256259
0.222872
0.264374
0.244917
0.393749
0.417339
0.352346
0.432994
0.445377
0.430987
0.400529
0.386292
0.361907
0.366932
0.34013
0.342121
0.383606
0.360137
0.172803
0.175993
0.164002
0.139256
0.135762
0.129125
0.346831
0.347355
0.193537
0.239183
0.227905
0.213998
0.239564
0.204429
0.214262
0.226275
0.182723
0.192996
0.268581
0.251879
0.368359
0.342521
0.418094
0.377918
0.48313
0.45451
0.0154657
0.0437065
0.0570007
0.0533596
0.0708706
0.0934654
0.117142
0.121736
0.0976609
0.108601
0.116383
0.137132
0.139013
0.132304
0.149151
0.154773
0.15921
0.179236
0.199504
0.221814
0.155206
0.124512
0.246873
0.264273
0.181486
0.189387
0.213393
0.196755
0.260245
0.232522
0.281796
0.296543
0.287467
0.244085
0.356899
0.3746
0.189701
0.20507
0.225091
0.218761
0.228868
0.223158
0.210891
0.188392
0.240051
0.252325
0.195609
0.230881
0.212317
0.24598
0.25876
0.253575
0.29533
0.337009
0.315293
0.342724
0.361984
0.36695
0.2676
0.243464
0.307935
0.285179
0.285385
0.242923
0.266596
0.290541
0.417781
0.419442
0.407137
0.376975
0.310747
0.299284
0.341911
0.349559
0.298496
0.325559
0.321941
0.335686
0.316839
0.304937
0.349649
0.322352
0.349465
0.372483
0.406712
0.379621
0.371618
0.382643
0.34459
0.359615
0.431475
0.424122
0.470267
0.482406
0.282644
0.3137
0.289221
0.288483
0.324902
0.300988
0.294259
0.306628
0.321015
0.332185
0.358133
0.332366
0.338649
0.373686
0.437853
0.454898
0.484444
0.456446
0.407369
0.429678
0.442583
0.442525
0.324572
0.341356
0.310163
0.33693
0.380223
0.357715
0.346354
0.350196
0.368822
0.390629
0.142509
0.167261
0.177986
0.140934
0.166328
0.178737
0.192136
0.218556
0.245958
0.27798
0.242371
0.260788
0.129938
0.117169
0.128203
0.0870181
0.143182
0.167065
0.09714
0.117666
0.149152
0.168998
0.182605
0.18569
0.178612
0.136605
0.170645
0.184999
0.26559
0.262411
0.239394
0.223868
0.220421
0.233492
0.243412
0.280708
0.289909
0.27742
0.223269
0.190816
0.226769
0.234641
0.258103
0.23386
0.411913
0.395029
0.380203
0.364919
0.347929
0.378219
0.403277
0.433231
0.0951609
0.126785
0.112296
0.100393
0.130501
0.107485
0.341281
0.307835
0.350769
0.336049
0.351931
0.391296
0.398306
0.404244
0.359093
0.357197
0.373735
0.374962
0.407566
0.393084
0.369639
0.362669
0.40629
0.384428
0.417234
0.38761
0.370264
0.373325
0.316885
0.35426
0.536516
0.511549
0.513959
0.55016
0.506283
0.499301
0.483539
0.456944
0.387168
0.428916
0.349165
0.348395
0.104483
0.140735
0.141764
0.127217
0.154273
0.172299
0.362618
0.372564
0.17629
0.15392
0.40937
0.363819
0.420129
0.400368
0.380196
0.353246
0.393389
0.380412
0.366484
0.356725
0.320686
0.346003
0.407094
0.43122
0.400715
0.413261
0.402113
0.436702
0.404784
0.394572
0.314178
0.294663
0.296388
0.322012
0.283245
0.279709
0.310854
0.35188
0.494771
0.494641
0.455102
0.481046
0.343401
0.313494
