# bob_500f_0
# Number of vertices: 250, Number of faces: 500
# Preprocessing time: 6.4917e-05
# Query time: 1.3e-05
0.279626
0.332076
0.238878
0.3249
0.0606617
0.393528
0.344525
0.289506
0.240519
0.223004
0.309526
0.142506
0.123112
0.219474
0.204237
0.297868
0.378102
0.357669
0.174896
0.196834
0.261695
0.273844
0.330838
0.427818
0.416738
0.19407
0.249405
0.230917
0.322629
0.37559
0.376401
0.422781
0.456589
0.305814
0.282315
0.2949
0.319387
0.399975
0.442876
0.474341
0.515844
0.370868
0.337874
0.331385
0.391334
0.366107
0.419389
0.467361
0.578755
0.538071
0.394797
0.399722
0.42971
0.449707
0.466842
0.52102
0.50583
0.575225
0.598993
0.586246
0.363103
0.372055
0.373322
0.427539
0.437225
0.520902
0.307072
0.322145
0.37275
0.399139
0.476674
0.527491
0.444943
0.211294
0.275905
0.330321
0.413701
0.29699
0.347972
0.395816
0.172702
0.17929
0.240611
0.226798
0.308318
0.346805
0.348568
0.224692
0.182783
0.245721
0.280275
0.28416
0.331386
0.248942
0.316047
0.30014
0.384872
0.382553
0.496487
0.449508
0
0.0505793
0.0478934
0.112333
0.0578524
0.103044
0.163894
0.192666
0.251624
0.104126
0.172138
0.237206
0.270267
0.128563
0.107719
0.175937
0.144132
0.195122
0.27993
0.223405
0.311867
0.354478
0.26812
0.374454
0.428601
0.283308
0.220392
0.306527
0.294221
0.247931
0.333039
0.363351
0.423642
0.454139
0.265559
0.312841
0.331934
0.380477
0.419302
0.371233
0.443577
0.46377
0.48509
0.278247
0.269053
0.344184
0.298396
0.39846
0.356512
0.412772
0.440651
0.230248
0.318854
0.30157
0.396932
0.176347
0.177751
0.243917
0.268208
0.127729
0.129904
0.186112
0.240793
0.225207
0.288487
0.0693901
0.0897979
0.127842
0.145248
0.180226
0.240603
0.291264
0.121503
0.172443
0.19719
0.175499
0.232813
0.264053
0.22502
0.28203
0.338378
0.302999
0.419518
0.395559
0.323747
0.310728
0.141694
0.0964282
0.367652
0.363824
0.418875
0.538423
0.568126
0.383389
0.493793
0.519318
0.313781
0.450314
0.403901
0.180842
0.130052
0.346602
0.379229
0.144413
0.204325
0.204252
0.255012
0.357971
0.432492
0.438688
0.404427
0.44397
0.487721
0.409166
0.302646
0.327278
0.439705
0.500807
0.510505
0.37206
0.331847
0.493312
0.295066
0.440696
0.232308
0.217338
0.354258
0.238417
0.177006
0.354017
0.133326
0.354823
0.0774915
0.0712193
0.292406
0.261241
0.188857
0.296132
0.270156
0.338774
0.311505
0.359297
0.408236
0.371434
0.391808
0.371162
0.412392
0.454626
0.388773
0.44374
