# bob_500f_2
# Number of vertices: 4000, Number of faces: 8000
# Preprocessing time: 8.4e-08
# Query time: 0.0162223
0.253119
0.314828
0.222056
0.307994
0.0612075
0.318991
0.263988
0.278387
0.226572
0.222302
0.29192
0.129822
0.12142
0.204883
0.201387
0.283861
0.363462
0.339716
0.163255
0.194335
0.256915
0.266629
0.313933
0.410771
0.386043
0.188565
0.243227
0.219042
0.306761
0.35917
0.358855
0.404674
0.425584
0.29194
0.270368
0.282405
0.314702
0.381066
0.420777
0.45138
0.468212
0.347984
0.322587
0.319582
0.36829
0.357392
0.405082
0.442122
0.524484
0.503488
0.370007
0.361917
0.406637
0.398277
0.448403
0.470739
0.483993
0.49284
0.537921
0.508265
0.312042
0.345326
0.329029
0.376231
0.405057
0.444838
0.28333
0.286644
0.341295
0.350378
0.40081
0.463982
0.389674
0.199037
0.246968
0.308017
0.374423
0.275267
0.311625
0.359532
0.16813
0.159434
0.219167
0.201899
0.272339
0.319532
0.318858
0.212566
0.171301
0.231646
0.264146
0.267321
0.305183
0.232747
0.304484
0.281841
0.357909
0.356868
0.458139
0.432265
0
0.0503725
0.0481505
0.111022
0.0578995
0.0967029
0.15441
0.182237
0.241541
0.0994274
0.170244
0.226595
0.253573
0.114646
0.108456
0.168559
0.138824
0.160664
0.225711
0.196995
0.263919
0.32988
0.181892
0.326784
0.35395
0.245719
0.20989
0.225694
0.254795
0.212507
0.262821
0.288647
0.355257
0.38521
0.252819
0.295978
0.287881
0.302421
0.325325
0.332783
0.371372
0.411764
0.411186
0.26377
0.253201
0.303976
0.259167
0.326234
0.306522
0.360877
0.394756
0.221529
0.280111
0.256487
0.35173
0.178115
0.168641
0.21757
0.250091
0.129382
0.120734
0.159292
0.198842
0.207164
0.250126
0.0704943
0.0833322
0.115132
0.136216
0.162586
0.2079
0.256997
0.121105
0.155041
0.182743
0.174782
0.210308
0.248037
0.200112
0.246354
0.301415
0.280079
0.392028
0.370248
0.296838
0.300785
0.137072
0.0928195
0.33871
0.340308
0.380157
0.497255
0.514146
0.34711
0.449931
0.458388
0.278335
0.403682
0.363752
0.165511
0.129276
0.315865
0.355518
0.134066
0.19212
0.191706
0.242995
0.340128
0.390257
0.410447
0.385047
0.412277
0.472223
0.391307
0.277762
0.315537
0.412366
0.441834
0.480888
0.353001
0.293434
0.445633
0.281612
0.399923
0.219939
0.218918
0.325203
0.222401
0.164335
0.315526
0.122793
0.316236
0.07717
0.0709557
0.263704
0.243194
0.178222
0.279199
0.267967
0.33741
0.292639
0.339854
0.379843
0.348121
0.350301
0.342496
0.384513
0.426402
0.376568
0.430885
0.16192
0.124296
0.162276
0.184369
0.199674
0.171307
0.228883
0.220106
0.287491
0.295421
0.262955
0.32262
0.329689
0.326246
0.198137
0.164567
0.23647
0.202148
0.238642
0.301718
0.321669
0.332801
0.316019
0.342781
0.161378
0.14789
0.173522
0.201702
0.189537
0.207752
0.223604
0.23798
0.232314
0.261841
0.286628
0.283739
0.309732
0.291779
0.332004
0.334712
0.384872
0.360901
0.392411
0.397275
0.379547
0.178607
0.208737
0.199548
0.23951
0.217154
0.251423
0.227739
0.245079
0.285818
0.291031
0.265407
0.335871
0.307595
0.33133
0.367761
0.348686
0.3569
0.432597
0.407962
0.417266
0.381788
0.464727
0.452254
0.442826
0.427848
0.40362
0.274843
0.264782
0.294677
0.296098
0.299145
0.315969
0.315351
0.339396
0.338543
0.366423
0.399491
0.388563
0.431997
0.407619
0.456522
0.447281
0.478649
0.484548
0.479168
0.34965
0.363159
0.334659
0.337834
0.339242
0.365303
0.361391
0.347219
0.395539
0.380177
0.407222
0.427759
0.429098
0.423063
0.41219
0.448349
0.452372
0.473381
0.515184
0.493491
0.496659
0.519895
0.520206
0.324565
0.355402
0.338954
0.335676
0.363133
0.351635
0.410695
0.386736
0.400271
0.505282
0.48158
0.4929
0.467814
0.455843
0.427091
0.440913
0.523362
0.535771
0.543567
0.518203
0.508867
0.526003
0.503438
0.295459
0.271478
0.294889
0.313799
0.307465
0.325082
0.376979
0.362613
0.423366
0.397598
0.451213
0.480535
0.427317
0.493358
0.434583
0.430103
0.400959
0.446406
0.46507
0.279379
0.252293
0.255699
0.313491
0.320754
0.342433
0.356527
0.347122
0.321655
0.372229
0.370202
0.394577
0.428264
0.422669
0.184336
0.189931
0.207463
0.261811
0.231846
0.291759
0.276686
0.288674
0.263653
0.291394
0.310795
0.336207
0.338926
0.365864
0.369512
0.389388
0.145302
0.163694
0.14916
0.187555
0.182991
0.205917
0.252479
0.272149
0.250606
0.290769
0.185819
0.206983
0.233985
0.26276
0.289587
0.286914
0.329442
0.338049
0.305371
0.262378
0.279423
0.250917
0.239469
0.261363
0.237706
0.291991
0.307152
0.28454
0.213152
0.237884
0.216916
0.265658
0.255416
0.271579
0.287447
0.296298
0.294306
0.309763
0.323285
0.278681
0.306336
0.28369
0.330839
0.32993
0.32283
0.35218
0.381149
0.386662
0.407822
0.358396
0.388951
0.406356
0.389223
0.484111
0.475382
0.458327
0.446196
0.442215
0.427101
0.40908
0.417518
0.41408
0.433337
0.0539398
0.0257542
0.0382928
0.0365829
0.0673348
0.0289443
0.0503025
0.0665516
0.0756751
0.0693998
0.0840375
0.247154
0.233101
0.220738
0.0775359
0.0494333
0.0712819
0.086344
0.108091
0.125109
0.102425
0.131554
0.164061
0.200731
0.186746
0.200895
0.170659
0.230577
0.210569
0.258145
0.257111
0.0342919
0.0363034
0.0624001
0.114449
0.11895
0.0907432
0.133059
0.152471
0.166539
0.185527
0.220536
0.212496
0.0843711
0.0877921
0.114502
0.125706
0.146046
0.256105
0.290003
0.291851
0.285706
0.323265
0.146289
0.177555
0.140526
0.196172
0.190179
0.215709
0.23598
0.243561
0.295788
0.317157
0.296581
0.335434
0.358932
0.340992
0.231875
0.229604
0.249463
0.256823
0.245181
0.237761
0.216421
0.237555
0.234333
0.257035
0.276311
0.28309
0.313502
0.292782
0.306053
0.273516
0.340526
0.370991
0.356185
0.367896
0.341852
0.398082
0.37851
0.414022
0.431238
0.270305
0.294236
0.272763
0.275476
0.271959
0.255884
0.292843
0.390515
0.384696
0.370591
0.425614
0.410638
0.434303
0.388381
0.386954
0.399417
0.237112
0.235379
0.25741
0.238255
0.25042
0.263135
0.299707
0.289202
0.308874
0.351848
0.327617
0.347572
0.340745
0.366195
0.314905
0.332111
0.351095
0.371336
0.374975
0.271557
0.252246
0.240184
0.215277
0.199063
0.195
0.215521
0.24216
0.242625
0.218682
0.264019
0.249677
0.234842
0.192079
0.189915
0.168319
0.165213
0.186255
0.191647
0.205217
0.178381
0.252968
0.285083
0.2841
0.102865
0.121972
0.0960453
0.144911
0.143657
0.140263
0.116239
0.134575
0.136955
0.15521
0.177495
0.187191
0.201173
0.248742
0.224219
0.224612
0.281387
0.280251
0.203788
0.184621
0.226134
0.253549
0.0987062
0.112479
0.09016
0.136756
0.167033
0.145431
0.197993
0.181174
0.227736
0.216462
0.175674
0.157735
0.184155
0.147054
0.133375
0.200782
0.210205
0.226211
0.235717
0.245283
0.266964
0.268245
0.295665
0.274821
0.322984
0.319012
0.292318
0.31446
0.34598
0.420662
0.399785
0.389742
0.381814
0.409635
0.366239
0.352398
0.413797
0.433427
0.0897325
0.0773781
0.293628
0.323208
0.367478
0.361596
0.387395
0.519627
0.344528
0.37869
0.355486
0.362955
0.321204
0.0989954
0.124916
0.106962
0.322035
0.334193
0.302843
0.317577
0.326888
0.303904
0.33838
0.359016
0.330869
0.166758
0.193103
0.17033
0.211052
0.210638
0.186867
0.304754
0.29361
0.322863
0.263996
0.354082
0.42898
0.400469
0.392811
0.405314
0.385863
0.474057
0.510281
0.503361
0.447818
0.449951
0.267918
0.271927
0.274745
0.0488504
0.0699572
0.0783705
0.286745
0.270414
0.291135
0.326433
0.3212
0.294732
0.461937
0.445868
0.455349
0.469919
0.247612
0.277973
0.219277
0.190354
0.14527
0.165684
0.281925
0.282498
0.0991497
0.121673
0.232602
0.255819
0.24316
0.266708
0.277496
0.256339
0.284103
0.233916
0.203192
0.254317
0.299449
0.315294
0.284219
0.259016
0.276134
0.247949
0.320715
0.32316
0.340305
0.365309
0.358452
0.347097
0.369992
0.367435
0.366834
0.368648
0.164951
0.141491
0.245592
0.314026
0.125603
0.145665
0.175258
0.270901
0.346698
0.360987
0.152551
0.382012
0.265262
0.283857
0.306787
0.319801
0.363267
0.384755
0.383141
0.386074
0.431316
0.462752
0.504476
0.374002
0.315989
0.375702
0.357124
0.390153
0.420765
0.40009
0.429336
0.47023
0.459141
0.481277
0.483896
0.337026
0.373267
0.247864
0.309192
0.219313
0.23401
0.341157
0.382245
0.410484
0.341605
0.351417
0.312337
0.340976
0.163216
0.139879
0.120556
0.316091
0.219997
0.191485
0.19529
0.219136
0.173657
0.24581
0.329284
0.372284
0.450841
0.0293662
0.0492531
0.0754763
0.0975672
0.103186
0.11998
0.123519
0.143472
0.15639
0.193895
0.137046
0.243123
0.144398
0.179406
0.209959
0.240388
0.228492
0.319628
0.207492
0.198821
0.21316
0.190151
0.167749
0.191456
0.168313
0.19387
0.255971
0.27343
0.307691
0.233191
0.263445
0.21543
0.202709
0.339358
0.322718
0.299906
0.31052
0.286208
0.277941
0.288304
0.289718
0.320265
0.334181
0.346357
0.317316
0.357535
0.428165
0.275117
0.265344
0.27977
0.266737
0.292438
0.307757
0.305205
0.400722
0.421887
0.371774
0.395996
0.289535
0.282559
0.329144
0.308975
0.342052
0.154702
0.147352
0.171991
0.194474
0.226517
0.223378
0.122545
0.0968318
0.144738
0.0981804
0.145836
0.168858
0.146391
0.173314
0.226985
0.19849
0.221013
0.258951
0.242437
0.199273
0.222882
0.242887
0.385478
0.355184
0.351534
0.405397
0.103479
0.0995239
0.114661
0.305265
0.327322
0.355815
0.350851
0.350508
0.357909
0.364864
0.336417
0.363223
0.371742
0.347455
0.314158
0.476799
0.479832
0.454225
0.42514
0.368255
0.313215
0.130273
0.106846
0.150865
0.350865
0.154052
0.366415
0.369914
0.344473
0.367983
0.342415
0.320708
0.383241
0.38702
0.408192
0.384081
0.271487
0.28489
0.251958
0.314364
0.447527
0.420872
0.313451
0.142014
0.142714
0.16196
0.189692
0.186467
0.176676
0.213139
0.210875
0.224394
0.29058
0.279637
0.274346
0.325346
0.339938
0.337675
0.181154
0.18056
0.162299
0.220363
0.220887
0.23766
0.310327
0.328154
0.317381
0.321767
0.329856
0.335459
0.15394
0.160147
0.166907
0.1876
0.181202
0.195688
0.216483
0.232035
0.223244
0.215619
0.228738
0.212289
0.250159
0.247711
0.234784
0.274779
0.284862
0.272681
0.298075
0.289015
0.300467
0.320294
0.322119
0.333466
0.373352
0.375637
0.387626
0.396979
0.389006
0.388409
0.193297
0.204299
0.188811
0.224411
0.212971
0.227772
0.239698
0.235503
0.247691
0.288638
0.278408
0.275473
0.321064
0.319165
0.332823
0.3517
0.357669
0.341155
0.344347
0.343996
0.331109
0.420157
0.422453
0.429282
0.396214
0.394364
0.383044
0.458239
0.44575
0.453033
0.444658
0.440983
0.429406
0.406736
0.400096
0.410049
0.267968
0.257078
0.26318
0.284142
0.295528
0.285898
0.297084
0.30577
0.306946
0.305092
0.293064
0.30331
0.327359
0.326315
0.337846
0.357566
0.352137
0.342032
0.383659
0.378175
0.393698
0.420016
0.417057
0.428666
0.444056
0.450043
0.438094
0.466388
0.480909
0.470084
0.471724
0.483924
0.477463
0.356317
0.348964
0.342384
0.337233
0.327185
0.326385
0.35714
0.343674
0.352024
0.349752
0.341311
0.353415
0.387754
0.374272
0.381022
0.417697
0.428566
0.417883
0.409591
0.403598
0.418224
0.435813
0.437944
0.426138
0.448375
0.459353
0.463032
0.503865
0.488876
0.499608
0.50785
0.519033
0.508376
0.3401
0.346744
0.331229
0.34945
0.357446
0.344663
0.398585
0.393334
0.405306
0.493438
0.488511
0.500252
0.462228
0.469064
0.474621
0.432931
0.448577
0.441722
0.528365
0.54217
0.535101
0.526332
0.522498
0.513324
0.522151
0.514171
0.513108
0.282931
0.282211
0.292377
0.325061
0.321621
0.309851
0.303287
0.309653
0.318938
0.368944
0.374867
0.381061
0.423794
0.410521
0.412241
0.460255
0.473519
0.465872
0.440334
0.425144
0.436857
0.489524
0.494863
0.504818
0.432063
0.41653
0.417984
0.455619
0.450324
0.439003
0.265679
0.251895
0.266136
0.315326
0.330631
0.32745
0.351457
0.332179
0.338204
0.369355
0.38419
0.3839
0.380751
0.375711
0.363257
0.411951
0.428651
0.41121
0.439278
0.426124
0.444355
0.187256
0.200063
0.195813
0.256221
0.246398
0.240598
0.283644
0.26887
0.277153
0.283907
0.276928
0.270054
0.290993
0.299484
0.300408
0.337461
0.35304
0.350184
0.37741
0.382666
0.379479
0.154506
0.155564
0.146244
0.185374
0.193778
0.197553
0.262481
0.261321
0.249849
0.281466
0.282219
0.291098
0.197424
0.194749
0.183739
0.219987
0.227467
0.214459
0.276671
0.288413
0.273558
0.333489
0.321413
0.316883
0.271858
0.265666
0.257198
0.250129
0.249428
0.237024
0.298861
0.295821
0.287425
0.225021
0.227931
0.214905
0.251433
0.247041
0.260304
0.279464
0.290973
0.283926
0.302233
0.316938
0.308618
0.271733
0.280077
0.286422
0.296068
0.284972
0.294829
0.318078
0.330951
0.318224
0.327591
0.341184
0.33728
0.384311
0.397984
0.394971
0.373406
0.388012
0.373359
0.404428
0.389776
0.397218
0.477559
0.466223
0.469604
0.451956
0.449583
0.443575
0.418594
0.412217
0.421424
0.41548
0.425026
0.425107
0.0373206
0.0271324
0.0451258
0.0510931
0.0527213
0.0349235
0.0278705
0.0383073
0.0425925
0.0584708
0.0692777
0.0630686
0.0773526
0.0749188
0.0669457
0.239127
0.226263
0.234017
0.0624333
0.0606903
0.0733453
0.0817363
0.0930253
0.096112
0.113663
0.116643
0.128278
0.181624
0.194203
0.176196
0.195043
0.185481
0.178674
0.216049
0.220156
0.205598
0.244559
0.242621
0.255762
0.0332319
0.0493914
0.0476079
0.114389
0.103094
0.101648
0.126211
0.13573
0.143502
0.160099
0.175445
0.168845
0.217042
0.197812
0.202809
0.0861247
0.100738
0.0985368
0.118665
0.134165
0.129418
0.273244
0.291254
0.273521
0.28993
0.308638
0.305204
0.162831
0.159166
0.143314
0.191725
0.202765
0.205959
0.239055
0.229393
0.225698
0.306997
0.30579
0.293536
0.346083
0.349835
0.337181
0.230154
0.239389
0.240806
0.250562
0.241348
0.247467
0.22731
0.235438
0.224713
0.267046
0.279412
0.26958
0.297802
0.303054
0.287549
0.298967
0.289484
0.282921
0.356024
0.36376
0.348775
0.362467
0.354584
0.348607
0.382382
0.388437
0.373203
0.422274
0.41459
0.406756
0.281695
0.282624
0.271589
0.272395
0.26344
0.265209
0.273537
0.281635
0.284749
0.392007
0.377607
0.385451
0.423304
0.422695
0.43569
0.398729
0.398582
0.386449
0.420134
0.406552
0.412819
0.236119
0.245719
0.24734
0.24346
0.256575
0.250624
0.295225
0.301169
0.304398
0.339768
0.337867
0.349848
0.344645
0.353505
0.356861
0.323008
0.336395
0.327815
0.360854
0.372086
0.362831
0.260008
0.244702
0.25504
0.226493
0.238075
0.22691
0.195858
0.205412
0.206144
0.235608
0.2255
0.226355
0.241517
0.231045
0.230416
0.256437
0.241315
0.24982
0.190734
0.177747
0.18016
0.175763
0.189568
0.178125
0.195983
0.182072
0.191395
0.268122
0.285439
0.26885
0.111555
0.109557
0.0976808
0.13355
0.143415
0.132882
0.127878
0.125095
0.137005
0.13442
0.145533
0.144674
0.181299
0.193065
0.189305
0.235705
0.224532
0.23585
0.263928
0.263702
0.280255
0.194764
0.184288
0.193939
0.214217
0.224788
0.214076
0.239311
0.228931
0.242072
0.104048
0.101909
0.0928256
0.151439
0.157691
0.141346
0.182654
0.174292
0.189023
0.213043
0.221949
0.207234
0.166031
0.170899
0.178601
0.151184
0.14509
0.137939
0.204475
0.197239
0.191771
0.217785
0.223166
0.23063
0.25677
0.267731
0.256166
0.284427
0.270378
0.281615
0.321405
0.304815
0.308461
0.316392
0.333242
0.331127
0.409685
0.394878
0.405667
0.390579
0.404848
0.395917
0.358927
0.36758
0.373679
0.413046
0.42232
0.424696
0.0835446
0.0648893
0.0718523
0.307831
0.321915
0.30762
0.364054
0.375919
0.376502
0.520469
0.534967
0.532694
0.361359
0.369297
0.349628
0.360164
0.341978
0.338813
0.112764
0.115144
0.102196
0.328358
0.318209
0.312121
0.321897
0.315482
0.310426
0.347158
0.344148
0.333886
0.180018
0.181276
0.166824
0.212864
0.198315
0.20059
0.30051
0.308192
0.315722
0.285894
0.278916
0.27077
0.338753
0.337786
0.325917
0.41927
0.416353
0.410099
0.401764
0.396441
0.391475
0.491378
0.506242
0.488035
0.496333
0.517109
0.501615
0.460808
0.46026
0.44774
0.280317
0.268167
0.281807
0.260657
0.256735
0.270593
0.058108
0.0719322
0.0635859
0.27222
0.27855
0.263946
0.262326
0.281944
0.27359
0.320884
0.305554
0.309542
0.456148
0.439666
0.447095
0.464326
0.463653
0.475165
0.248557
0.263408
0.262148
0.204235
0.204651
0.189768
0.144564
0.15441
0.155291
0.268129
0.283096
0.267261
0.289685
0.294156
0.278897
0.0971616
0.110524
0.108571
0.244418
0.24964
0.238543
0.27234
0.266632
0.261232
0.270209
0.273932
0.261511
0.218594
0.206744
0.222742
0.24904
0.258492
0.244345
0.309132
0.29922
0.292209
0.275822
0.264221
0.270913
0.261642
0.250965
0.264763
0.307975
0.322187
0.309768
0.352888
0.363022
0.35074
0.358368
0.367455
0.357883
0.335588
0.323494
0.335498
0.356893
0.358299
0.367679
0.37787
0.368493
0.376465
0.150408
0.155768
0.167717
0.183033
0.1824
0.163112
0.245802
0.253504
0.235515
0.317678
0.303082
0.310709
0.136733
0.134167
0.144645
0.159854
0.15232
0.168978
0.282184
0.286284
0.295558
0.255218
0.240741
0.258336
0.33423
0.316005
0.328813
0.36333
0.355237
0.351389
0.169491
0.165003
0.156518
0.198437
0.182602
0.19149
0.34736
0.347452
0.334772
0.362064
0.372518
0.370572
0.215142
0.221779
0.208477
0.255252
0.242095
0.251945
0.295313
0.296612
0.283925
0.369411
0.369508
0.381279
0.39481
0.398485
0.3845
0.265147
0.251251
0.253245
0.264425
0.273913
0.275314
0.302371
0.294591
0.29168
0.487179
0.476194
0.485482
0.312566
0.320398
0.326744
0.342574
0.35144
0.354715
0.38322
0.371306
0.3731
0.372054
0.384064
0.37489
0.396186
0.386171
0.396699
0.40575
0.415371
0.421503
0.457607
0.447198
0.441634
0.498665
0.488614
0.483521
0.523854
0.531996
0.530973
0.370161
0.370023
0.364499
0.31943
0.309306
0.303134
0.366647
0.372651
0.374839
0.369269
0.383695
0.376751
0.396501
0.395404
0.386013
0.429041
0.416082
0.423317
0.411212
0.425051
0.414299
0.472651
0.461209
0.459115
0.434488
0.444549
0.450121
0.477905
0.481509
0.467028
0.51036
0.520456
0.511225
0.48192
0.493432
0.493221
0.347611
0.341087
0.331857
0.344949
0.357198
0.349978
0.387406
0.387443
0.374636
0.48754
0.474473
0.479227
0.262592
0.249749
0.260226
0.307056
0.29425
0.293364
0.32344
0.328532
0.313682
0.301555
0.315572
0.306327
0.355906
0.357954
0.371909
0.225219
0.213272
0.219127
0.226157
0.219362
0.213091
0.257632
0.242908
0.249148
0.343413
0.364633
0.361182
0.340061
0.324369
0.324122
0.398549
0.402978
0.418401
0.399578
0.395262
0.384866
0.355319
0.344991
0.360027
0.173125
0.173413
0.182411
0.301252
0.290348
0.300825
0.336748
0.325696
0.323794
0.349555
0.35836
0.344007
0.151003
0.143942
0.154859
0.129726
0.129886
0.138443
0.175792
0.187878
0.173834
0.255006
0.248446
0.241349
0.3015
0.286247
0.301344
0.325908
0.331153
0.331706
0.210035
0.204912
0.194856
0.229583
0.235542
0.244592
0.285846
0.291989
0.297751
0.203079
0.206758
0.21429
0.191223
0.184483
0.180867
0.232374
0.227279
0.241138
0.272625
0.273071
0.283347
0.329421
0.317204
0.318716
0.258868
0.263589
0.250801
0.31679
0.302733
0.309265
0.344281
0.330053
0.343293
0.377451
0.362482
0.366738
0.434194
0.434939
0.441989
0.398508
0.406631
0.396405
0.440118
0.441377
0.448992
0.0384167
0.0375477
0.0254533
0.0723689
0.0598515
0.0620919
0.0905052
0.0934871
0.0989405
0.120283
0.113205
0.110382
0.156621
0.16301
0.150369
0.215699
0.207222
0.201604
0.0418644
0.0260244
0.0351589
0.0398929
0.0384443
0.0268874
0.0930063
0.0888995
0.0796904
0.136863
0.122734
0.120868
0.150914
0.147375
0.13484
0.122008
0.135147
0.131172
0.0746182
0.0849412
0.0810104
0.206891
0.22808
0.221516
0.264769
0.27903
0.257236
0.0889157
0.0751224
0.0768615
0.129671
0.130654
0.147385
0.134328
0.1273
0.139722
0.157069
0.163026
0.172724
0.195008
0.18707
0.202631
0.233969
0.218315
0.224945
0.224048
0.240991
0.238446
0.291129
0.305732
0.305845
0.346272
0.336013
0.331235
0.193439
0.203421
0.189527
0.202151
0.194013
0.206219
0.177897
0.189155
0.179644
0.15586
0.164116
0.154753
0.181699
0.191025
0.178066
0.258213
0.264534
0.24922
0.247857
0.263972
0.256609
0.290584
0.301096
0.284282
0.326357
0.329406
0.337093
0.373726
0.368602
0.384074
0.220826
0.223446
0.230549
0.259617
0.257237
0.268006
0.227061
0.22333
0.234493
0.203375
0.208579
0.196661
0.205232
0.19781
0.209175
0.246937
0.240752
0.249797
0.246535
0.234528
0.24527
0.330876
0.314024
0.322859
0.331665
0.324408
0.314948
0.392027
0.385478
0.377891
0.285587
0.306135
0.290156
0.302732
0.308777
0.292821
0.266758
0.264142
0.274629
0.282588
0.29048
0.296139
0.294291
0.287059
0.281065
0.305742
0.300881
0.31409
0.323975
0.340564
0.329874
0.329168
0.327201
0.322405
0.355293
0.348155
0.363799
0.353934
0.363423
0.351776
0.378626
0.376145
0.38871
0.441719
0.445296
0.431849
0.26688
0.280374
0.270865
0.276055
0.282469
0.269463
0.257945
0.245553
0.253939
0.277092
0.272747
0.284464
0.27949
0.286124
0.273936
0.305108
0.29942
0.312196
0.305101
0.31589
0.317426
0.387595
0.39316
0.380398
0.414442
0.410546
0.424427
0.384163
0.382949
0.37176
0.205659
0.203815
0.194575
0.254313
0.244777
0.258579
0.302155
0.308639
0.296354
0.272532
0.284932
0.277046
0.341583
0.329147
0.339753
0.282458
0.297494
0.294547
0.325237
0.333384
0.319197
0.160788
0.15653
0.14868
0.150269
0.159745
0.162718
0.195001
0.183791
0.182591
0.206693
0.193203
0.205399
0.215173
0.230041
0.219769
0.212873
0.223555
0.211278
0.239217
0.224303
0.237493
0.303152
0.283304
0.300711
0.11183
0.098078
0.109733
0.145795
0.135028
0.13381
0.0875627
0.0976192
0.0851135
0.142941
0.152713
0.154968
0.106011
0.107503
0.0978475
0.176542
0.166233
0.166136
0.141149
0.129346
0.134464
0.150767
0.162326
0.157225
0.176238
0.181061
0.188122
0.123584
0.122716
0.133436
0.220346
0.211642
0.225189
0.145484
0.159808
0.159271
0.212113
0.209336
0.222375
0.186406
0.189057
0.176415
0.242678
0.250918
0.234109
0.242136
0.234443
0.250183
0.200651
0.186508
0.188055
0.199143
0.211452
0.211172
0.233404
0.235152
0.245342
0.251589
0.247534
0.239994
0.233145
0.222639
0.235308
0.266661
0.282148
0.275599
0.37034
0.359916
0.375123
0.339787
0.352274
0.336975
0.400399
0.411287
0.396364
0.0961974
0.110959
0.107002
0.0895287
0.0841917
0.0722314
0.107512
0.113491
0.119344
0.301425
0.295748
0.310872
0.340843
0.359009
0.345034
0.34888
0.361025
0.366028
0.345177
0.337127
0.356184
0.327706
0.32605
0.316162
0.346515
0.349127
0.358544
0.360383
0.36375
0.374776
0.37169
0.378352
0.370152
0.314281
0.331961
0.331295
0.478516
0.496084
0.494869
0.480763
0.466355
0.467967
0.427806
0.442329
0.43993
0.233491
0.247709
0.233978
0.383104
0.384243
0.365442
0.3286
0.327876
0.341515
0.145321
0.135611
0.135089
0.102446
0.11322
0.111719
0.121917
0.119226
0.110586
0.141123
0.150225
0.139957
0.340807
0.349234
0.355519
0.33201
0.338493
0.344223
0.162403
0.169177
0.156234
0.161122
0.177196
0.171076
0.203987
0.205034
0.216397
0.367354
0.365387
0.378739
0.356866
0.355302
0.366786
0.37405
0.372866
0.379144
0.35547
0.351165
0.363532
0.330041
0.332486
0.318525
0.375533
0.389585
0.381855
0.391687
0.37584
0.38455
0.396558
0.407661
0.397418
0.416855
0.407464
0.418909
0.396061
0.411209
0.400092
0.315616
0.298816
0.309174
0.276881
0.288508
0.282293
0.247299
0.242689
0.237424
0.257565
0.261369
0.267831
0.295592
0.314428
0.295367
0.334014
0.313318
0.327708
0.459481
0.461413
0.474248
0.434338
0.434275
0.420717
0.408085
0.410232
0.422517
0.353865
0.37059
0.357772
0.177838
0.177261
0.19094
0.297122
0.281169
0.297926
0.0818135
0.096852
0.0836613
0.103032
0.0879154
0.0929253
0.289252
0.293962
0.281588
0.149257
0.133571
0.137192
0.288006
0.290931
0.304447
0.318711
0.330845
0.332983
0.298658
0.298078
0.313479
0.327719
0.328795
0.315341
0.366225
0.376686
0.376709
0.448245
0.434588
0.433106
0.367501
0.370588
0.352844
0.443286
0.441493
0.452942
0.181873
0.18213
0.142101
0.122595
0.126486
0.143935
0.171939
0.162687
0.195163
0.200647
0.200543
0.185282
0.24038
0.234653
0.217478
0.208712
0.271106
0.257397
0.303224
0.306191
0.287789
0.271192
0.335064
0.321906
0.310418
0.315357
0.342995
0.332507
0.145399
0.200047
0.196081
0.18122
0.252213
0.253715
0.219613
0.201844
0.202787
0.222098
0.308934
0.322072
0.292787
0.303142
0.34121
0.345896
0.348262
0.307613
0.325979
0.339408
0.174657
0.180581
0.148843
0.141889
0.155272
0.167459
0.209898
0.204653
0.19461
0.174955
0.213993
0.22851
0.2008
0.207959
0.239672
0.24729
0.218086
0.244754
0.264259
0.259401
0.27138
0.277169
0.29625
0.295314
0.312013
0.303555
0.307834
0.279569
0.345526
0.346773
0.318935
0.323359
0.398447
0.402998
0.371688
0.359899
0.361879
0.379584
0.390858
0.381872
0.405188
0.380897
0.174433
0.18459
0.183326
0.197929
0.220311
0.215499
0.241593
0.230763
0.236218
0.202903
0.259979
0.257739
0.245911
0.23426
0.22309
0.232326
0.27239
0.261803
0.299241
0.30168
0.28081
0.268196
0.347465
0.344959
0.324889
0.31
0.306639
0.31851
0.332112
0.362767
0.373946
0.365025
0.357652
0.35728
0.433005
0.420864
0.417642
0.405881
0.409835
0.41476
0.370455
0.393144
0.460403
0.450558
0.464848
0.452584
0.438664
0.434795
0.416313
0.439372
0.41393
0.394011
0.272277
0.278504
0.274444
0.254419
0.288087
0.282709
0.306574
0.306396
0.31012
0.318171
0.289817
0.31635
0.314267
0.31715
0.348902
0.348949
0.329739
0.327178
0.373156
0.361159
0.409511
0.403817
0.389937
0.373736
0.440381
0.425681
0.412468
0.405174
0.43526
0.452824
0.462044
0.458409
0.474943
0.464527
0.49332
0.496013
0.468077
0.491065
0.335986
0.328377
0.36347
0.370377
0.355733
0.341276
0.328654
0.34851
0.349258
0.33053
0.361893
0.370983
0.364734
0.35878
0.359885
0.334454
0.388565
0.401186
0.392819
0.367857
0.406812
0.418016
0.406941
0.416593
0.439117
0.440091
0.43234
0.427392
0.414029
0.39674
0.44582
0.45
0.468125
0.478485
0.436814
0.469737
0.51143
0.519509
0.508751
0.479376
0.499027
0.511326
0.496337
0.508014
0.530361
0.529639
0.316523
0.324032
0.335174
0.350242
0.362172
0.354633
0.331992
0.339644
0.340109
0.354799
0.370308
0.363932
0.417535
0.407692
0.404008
0.392552
0.381408
0.388343
0.499816
0.488913
0.498959
0.486874
0.476296
0.483531
0.48031
0.455465
0.449566
0.462984
0.436814
0.416452
0.424333
0.456415
0.531195
0.540067
0.515774
0.521532
0.539153
0.535383
0.505517
0.500091
0.530313
0.514531
0.504423
0.532061
0.520603
0.506066
0.303698
0.303428
0.28854
0.275148
0.27245
0.286936
0.298226
0.294802
0.329642
0.319494
0.335017
0.316963
0.388683
0.364136
0.356109
0.369397
0.400053
0.435131
0.411285
0.397882
0.45668
0.473295
0.447287
0.486824
0.444341
0.412276
0.500649
0.483928
0.420749
0.401603
0.446976
0.444588
0.415041
0.400666
0.427904
0.461984
0.471332
0.461005
0.280208
0.26942
0.28129
0.268318
0.237638
0.241011
0.326949
0.340661
0.300385
0.304842
0.33584
0.345812
0.346027
0.33032
0.371856
0.368371
0.327141
0.314586
0.387707
0.356375
0.354868
0.386689
0.397411
0.392214
0.409682
0.445951
0.422082
0.406788
0.192426
0.202666
0.175247
0.17717
0.204289
0.213392
0.226466
0.272391
0.253687
0.238837
0.287527
0.298576
0.291342
0.262003
0.255505
0.297029
0.28143
0.270574
0.300799
0.311412
0.282997
0.309825
0.348484
0.36199
0.323742
0.324162
0.355878
0.370209
0.365821
0.375585
0.372623
0.388216
0.136789
0.139245
0.154917
0.164108
0.165196
0.159202
0.201292
0.211538
0.176427
0.174922
0.191503
0.201677
0.237568
0.236849
0.265402
0.273696
0.271731
0.262608
0.300816
0.281015
0.171752
0.20115
0.211994
0.203561
0.226715
0.242361
0.258036
0.271053
0.267723
0.279539
0.302347
0.30239
0.312849
0.300811
0.334456
0.340755
0.327008
0.310382
0.24738
0.24183
0.276686
0.28554
0.273114
0.259271
0.225425
0.224661
0.253646
0.263183
0.261874
0.251085
0.280052
0.275641
0.303493
0.310227
0.305547
0.294298
0.202604
0.204158
0.223552
0.234528
0.241423
0.229566
0.274011
0.268483
0.2562
0.243036
0.276429
0.289339
0.267542
0.276151
0.298352
0.302563
0.300267
0.31359
0.287981
0.295567
0.324571
0.332346
0.292881
0.262747
0.305664
0.294123
0.307128
0.273703
0.317688
0.317477
0.344591
0.343652
0.331574
0.346931
0.314674
0.355553
0.391274
0.404365
0.370073
0.37233
0.400036
0.410217
0.358718
0.357483
0.373121
0.402016
0.396775
0.387164
0.414853
0.373207
0.477412
0.462909
0.491188
0.486299
0.466065
0.457104
0.438312
0.436487
0.456392
0.449465
0.429315
0.425933
0.425801
0.416625
0.401151
0.406641
0.432561
0.402988
0.423923
0.433459
0.063668
0.057433
0.0485826
0.0372981
0.0138759
0.0193612
0.0194545
0.0530601
0.0669034
0.0706367
0.0575387
0.0155741
0.0408526
0.0484274
0.071771
0.05773
0.0755784
0.0799033
0.0586247
0.0819007
0.0886623
0.0826452
0.243465
0.229889
0.25201
0.245816
0.220329
0.213299
0.0887758
0.0836692
0.0667684
0.0519349
0.0524018
0.063988
0.0995381
0.109714
0.0723721
0.104893
0.139461
0.143495
0.111169
0.0995551
0.106271
0.120066
0.159455
0.170055
0.167945
0.186424
0.21391
0.20505
0.163411
0.212138
0.191035
0.176681
0.196236
0.228191
0.234754
0.225275
0.268126
0.268477
0.249331
0.243736
0.0483382
0.0611221
0.0187549
0.0188783
0.0533149
0.0652612
0.106163
0.0954161
0.127179
0.12932
0.109112
0.0931472
0.15041
0.16102
0.11617
0.144799
0.179085
0.151715
0.181722
0.191259
0.207485
0.236319
0.233175
0.191999
0.0959369
0.11167
0.0730037
0.073858
0.10165
0.115424
0.141616
0.115676
0.140582
0.152182
0.255305
0.273123
0.258137
0.274948
0.308544
0.310284
0.30015
0.319636
0.270307
0.32653
0.126753
0.125266
0.164847
0.180703
0.173246
0.155079
0.211052
0.220037
0.180037
0.176999
0.201683
0.213182
0.223729
0.24903
0.253007
0.234439
0.280118
0.281805
0.311441
0.320954
0.316484
0.309113
0.326379
0.328361
0.34505
0.355431
0.364227
0.35537
0.242642
0.251209
0.220767
0.219756
0.238645
0.247637
0.254496
0.244861
0.259944
0.254233
0.235884
0.231466
0.213704
0.223402
0.220473
0.231086
0.245508
0.24495
0.259333
0.272959
0.255584
0.265028
0.288641
0.292948
0.277378
0.307896
0.319245
0.308888
0.267575
0.315441
0.297121
0.280524
0.33344
0.34159
0.347859
0.363213
0.378488
0.370737
0.334871
0.376671
0.359891
0.348134
0.364462
0.391457
0.40532
0.39491
0.3996
0.428301
0.437453
0.422672
0.261322
0.262588
0.280414
0.294091
0.29475
0.283888
0.269276
0.258987
0.282005
0.280254
0.263606
0.254673
0.297296
0.289613
0.380865
0.379026
0.400782
0.398682
0.37031
0.362734
0.433176
0.445242
0.418824
0.411094
0.410626
0.421622
0.375435
0.374287
0.400614
0.3995
0.40574
0.392752
0.249367
0.260367
0.226783
0.226335
0.244796
0.255096
0.246315
0.257565
0.230115
0.237038
0.263598
0.269846
0.292693
0.297039
0.291733
0.282963
0.296543
0.308394
0.361719
0.359617
0.342092
0.329819
0.326462
0.33596
0.369105
0.332678
0.34992
0.363215
0.320682
0.30989
0.319083
0.345671
0.35444
0.367413
0.350364
0.360781
0.382609
0.384016
0.267413
0.251617
0.276381
0.26732
0.237161
0.22987
0.215889
0.216683
0.209648
0.216538
0.188584
0.185535
0.20684
0.217076
0.230995
0.217816
0.251664
0.251566
0.232784
0.219844
0.259395
0.245071
0.270709
0.264473
0.23453
0.225867
0.183643
0.172492
0.20394
0.20429
0.176476
0.16552
0.167112
0.179839
0.162575
0.172518
0.200868
0.203925
0.201102
0.188196
0.210621
0.16884
0.254519
0.26917
0.251569
0.266701
0.304557
0.302124
0.0879171
0.0825544
0.116504
0.124279
0.121831
0.109788
0.133568
0.13648
0.154097
0.153646
0.149681
0.146487
0.130801
0.118744
0.114572
0.124001
0.156237
0.125585
0.149066
0.157183
0.187397
0.199071
0.169209
0.175612
0.19805
0.204268
0.249055
0.236315
0.249051
0.235967
0.214533
0.214811
0.298573
0.29728
0.26502
0.264487
0.20464
0.195929
0.205054
0.173898
0.216341
0.237354
0.25539
0.251717
0.0864942
0.079964
0.109792
0.114605
0.113112
0.101669
0.126407
0.12924
0.146027
0.159876
0.174823
0.163084
0.203926
0.195374
0.191488
0.167728
0.201368
0.219069
0.235758
0.230266
0.187541
0.191535
0.164796
0.154224
0.164896
0.178537
0.133588
0.125679
0.160969
0.143378
0.188089
0.212563
0.216647
0.204585
0.238399
0.242582
0.213163
0.228466
0.244562
0.256925
0.246985
0.256623
0.278708
0.280065
0.293696
0.298402
0.289179
0.260295
0.311056
0.297217
0.335717
0.33496
0.300778
0.286759
0.329289
0.344138
0.298322
0.347525
0.417401
0.400963
0.423226
0.413729
0.38511
0.379502
0.387321
0.400462
0.376114
0.41825
0.380361
0.350173
0.342232
0.361494
0.424053
0.434129
0.402183
0.43034
0.0808105
0.103226
0.0972204
0.0603216
0.294093
0.309606
0.295843
0.332433
0.378035
0.386465
0.354711
0.349175
0.375556
0.388721
0.50625
0.535674
0.331139
0.33495
0.355417
0.370006
0.389343
0.37753
0.31831
0.381914
0.344602
0.323654
0.0873988
0.0937515
0.111065
0.123821
0.126573
0.118632
0.306864
0.297084
0.338388
0.344436
0.324711
0.308539
0.306232
0.298233
0.328664
0.333333
0.320526
0.309207
0.326285
0.321754
0.351792
0.362033
0.357374
0.34256
0.152267
0.153751
0.179791
0.192484
0.192922
0.183967
0.199623
0.190439
0.22482
0.226355
0.194545
0.182381
0.320432
0.332064
0.290662
0.286234
0.300034
0.313274
0.254742
0.272342
0.34861
0.349729
0.394048
0.419749
0.421681
0.407404
0.384764
0.382604
0.402328
0.412873
0.393976
0.387452
0.47381
0.488649
0.477512
0.495923
0.515979
0.52261
0.435692
0.438172
0.463223
0.462806
0.286292
0.281707
0.254991
0.257452
0.285265
0.265095
0.0578732
0.0731124
0.0455048
0.0575699
0.0825324
0.0855798
0.281369
0.293111
0.28294
0.249082
0.291978
0.302021
0.318986
0.302607
0.337883
0.336111
0.307661
0.291912
0.451665
0.471984
0.462455
0.429423
0.486558
0.454096
0.450581
0.456503
0.262085
0.277763
0.2338
0.279193
0.176424
0.219021
0.220072
0.205437
0.155494
0.166156
0.134499
0.164734
0.265928
0.267835
0.297988
0.299056
0.119916
0.0849732
0.114867
0.126146
0.227261
0.232749
0.237911
0.249962
0.260376
0.253527
0.25516
0.27861
0.284035
0.270829
0.248949
0.266302
0.282227
0.286865
0.238665
0.229791
0.215162
0.190792
0.240444
0.267723
0.282861
0.276932
0.317463
0.326862
0.303678
0.288958
0.26363
0.253538
0.278361
0.272422
0.258172
0.237434
0.31139
0.306291
0.334957
0.335782
0.339908
0.347189
0.341295
0.354385
0.375497
0.371115
0.347573
0.35855
0.347806
0.361135
0.37651
0.374995
0.376565
0.377358
0.355542
0.359018
0.184336
0.146437
0.134949
0.14952
0.226704
0.263968
0.327471
0.300001
0.154828
0.130616
0.122428
0.135651
0.184912
0.167687
0.268453
0.275477
0.341476
0.354342
0.350495
0.37234
0.144406
0.161565
0.393157
0.370757
0.253808
0.277435
0.286804
0.28243
0.314744
0.299102
0.333564
0.306598
0.36606
0.360225
0.375588
0.395176
0.394858
0.372091
0.376489
0.395811
0.437112
0.425567
0.473384
0.452316
0.514395
0.494372
0.360776
0.362622
0.298246
0.332269
0.373563
0.360606
0.351049
0.363417
0.383012
0.377483
0.434458
0.408269
0.402097
0.418149
0.398797
0.439479
0.456277
0.478341
0.464723
0.453749
0.49491
0.469543
0.471508
0.495944
0.342676
0.332609
0.360701
0.38785
0.26122
0.235485
0.320101
0.297823
0.232438
0.207975
0.24064
0.227112
0.358308
0.378383
0.32432
0.386186
0.407173
0.393675
0.366406
0.353292
0.329623
0.335081
0.31169
0.314587
0.350848
0.330744
0.166071
0.160454
0.148519
0.133601
0.122179
0.123516
0.316966
0.316764
0.181376
0.225971
0.214925
0.201711
0.225946
0.192148
0.202058
0.214045
0.170524
0.18106
0.254783
0.238226
0.342408
0.316938
0.387276
0.356373
0.460954
0.440234
0.0154657
0.0434191
0.0521181
0.0489021
0.065982
0.0858349
0.105874
0.108153
0.0899436
0.0998
0.109706
0.12888
0.12992
0.118283
0.138937
0.145182
0.148923
0.168853
0.187914
0.200479
0.152916
0.122473
0.23529
0.249481
0.152961
0.147138
0.188102
0.170202
0.2175
0.203188
0.232393
0.250354
0.245169
0.212546
0.323786
0.318129
0.184761
0.196825
0.21573
0.211065
0.217217
0.210423
0.199826
0.180077
0.174304
0.185199
0.165931
0.200274
0.163154
0.175071
0.186559
0.202626
0.240573
0.272042
0.267331
0.28073
0.297885
0.31755
0.239584
0.227542
0.275526
0.253637
0.220446
0.211728
0.191412
0.214414
0.331995
0.347239
0.339334
0.305688
0.294125
0.280703
0.310981
0.317209
0.275579
0.295319
0.286331
0.270482
0.292591
0.283462
0.275366
0.296247
0.315684
0.311493
0.335678
0.317767
0.336517
0.34482
0.310699
0.324515
0.372931
0.341622
0.418779
0.437742
0.262848
0.288839
0.261776
0.270387
0.291834
0.26847
0.262433
0.272292
0.286061
0.298576
0.320414
0.294666
0.293327
0.316551
0.396832
0.405846
0.435047
0.408063
0.360327
0.385156
0.398031
0.394621
0.283751
0.297187
0.270067
0.294512
0.341232
0.317279
0.305941
0.31548
0.335134
0.34747
0.142111
0.166824
0.174564
0.137594
0.157797
0.170122
0.181379
0.207647
0.212026
0.241688
0.210756
0.236425
0.121606
0.109291
0.124869
0.0840239
0.132826
0.156546
0.0894468
0.108841
0.14004
0.153178
0.164701
0.174768
0.173034
0.132191
0.162047
0.17511
0.236496
0.233208
0.218069
0.202931
0.197695
0.209925
0.226052
0.251325
0.26853
0.259803
0.212789
0.186359
0.222186
0.224308
0.254871
0.231696
0.389316
0.380975
0.366384
0.343585
0.335379
0.365424
0.389961
0.419623
0.0912542
0.115873
0.107475
0.094929
0.125861
0.10326
0.321446
0.290148
0.332672
0.321807
0.336865
0.373794
0.369093
0.369328
0.333057
0.334493
0.352661
0.348051
0.375363
0.356625
0.340868
0.336502
0.371995
0.355202
0.384511
0.359321
0.346216
0.350121
0.295747
0.333416
0.492377
0.462966
0.464617
0.49618
0.456321
0.452083
0.437355
0.412922
0.348728
0.385218
0.313737
0.314021
0.0985442
0.133008
0.12994
0.117865
0.142633
0.160155
0.345333
0.357627
0.16577
0.143477
0.377479
0.354588
0.379388
0.360656
0.346607
0.342613
0.375919
0.361065
0.347295
0.340138
0.307248
0.332428
0.367441
0.398461
0.386969
0.397348
0.38597
0.419208
0.38765
0.380228
0.27956
0.266705
0.273807
0.298246
0.256991
0.248461
0.295813
0.334291
0.44667
0.448512
0.407194
0.435309
0.327937
0.300882
