# bob_500f_0
# Number of vertices: 250, Number of faces: 500
# Preprocessing time: 0.105373
# Query time: 2.2166e-05
0.223406
0.317586
0.225974
0.312659
0.0606617
0.326345
0.265086
0.278662
0.227211
0.223003
0.295748
0.131114
0.121921
0.207037
0.202625
0.28543
0.360757
0.324452
0.163691
0.195382
0.257789
0.271631
0.31812
0.410461
0.390569
0.189799
0.244586
0.219711
0.308424
0.36116
0.363616
0.408973
0.43008
0.294005
0.27106
0.284092
0.315293
0.382354
0.42535
0.456537
0.47262
0.352509
0.323642
0.319918
0.370845
0.357882
0.404584
0.443074
0.52745
0.510019
0.37204
0.36514
0.409221
0.401234
0.451081
0.473877
0.488303
0.486876
0.543346
0.513521
0.313404
0.348038
0.330149
0.377784
0.410844
0.452711
0.28645
0.288873
0.347635
0.352567
0.408482
0.448765
0.38463
0.200187
0.24949
0.312652
0.358582
0.279678
0.304257
0.335372
0.16975
0.162085
0.223406
0.203762
0.270409
0.290585
0.292347
0.214302
0.172393
0.233912
0.26854
0.26968
0.306979
0.238906
0.303288
0.283257
0.359069
0.359917
0.468148
0.438619
0
0.0505793
0.0478934
0.111528
0.0578524
0.0975566
0.156392
0.18414
0.243098
0.0998101
0.171324
0.229359
0.257681
0.116459
0.107719
0.170684
0.139409
0.161873
0.225637
0.19803
0.26489
0.333827
0.183052
0.327477
0.361418
0.251666
0.210306
0.227998
0.259811
0.214683
0.261189
0.288286
0.357482
0.394706
0.251166
0.298448
0.295929
0.304217
0.325112
0.335083
0.37212
0.412378
0.423161
0.264247
0.25356
0.305661
0.263095
0.327002
0.313428
0.369093
0.398523
0.221553
0.284053
0.258486
0.354804
0.176347
0.169056
0.217707
0.252246
0.127729
0.121389
0.159902
0.200352
0.209246
0.257509
0.0693901
0.0835342
0.115695
0.137954
0.164265
0.212851
0.261034
0.121503
0.158228
0.185013
0.175499
0.212947
0.250276
0.205809
0.249169
0.30385
0.283055
0.396834
0.374908
0.301364
0.302202
0.137424
0.093193
0.342533
0.34659
0.382393
0.509873
0.519014
0.349917
0.457892
0.465958
0.28031
0.411811
0.370083
0.168154
0.130052
0.321638
0.361921
0.135222
0.194256
0.194216
0.244925
0.341088
0.392721
0.414243
0.389169
0.415257
0.474503
0.398327
0.280955
0.319117
0.418769
0.45263
0.484757
0.35331
0.300093
0.450668
0.282021
0.408145
0.220931
0.216939
0.329801
0.225729
0.165629
0.322795
0.124185
0.321683
0.0774915
0.0712193
0.267991
0.246748
0.181246
0.279899
0.26648
0.335098
0.296817
0.34461
0.383752
0.351474
0.353204
0.347645
0.384546
0.431942
0.380365
0.434851
