# bob_500f_0
# Number of vertices: 250, Number of faces: 500
# Preprocessing time: 0
# Query time: 0.00115054
0.254929
0.316604
0.225322
0.310733
0.0606617
0.324608
0.262945
0.278067
0.227033
0.219078
0.293745
0.131114
0.121921
0.207037
0.202625
0.282483
0.361484
0.342285
0.163691
0.195642
0.257789
0.26971
0.317739
0.410867
0.388161
0.18669
0.241943
0.219185
0.308424
0.361116
0.362291
0.408418
0.428008
0.293767
0.271059
0.27429
0.315944
0.382354
0.423429
0.455598
0.471645
0.349427
0.316761
0.319938
0.368617
0.358423
0.405546
0.441377
0.530097
0.510164
0.369179
0.363757
0.406976
0.388073
0.444052
0.485083
0.485567
0.498622
0.541274
0.518596
0.312537
0.341094
0.326011
0.368915
0.412845
0.457036
0.280965
0.280269
0.349389
0.339406
0.413318
0.464963
0.396376
0.198793
0.236329
0.31852
0.374779
0.287341
0.316011
0.363312
0.164912
0.162085
0.222635
0.203762
0.2766
0.322108
0.321908
0.21429
0.172393
0.233774
0.267305
0.26968
0.306979
0.236422
0.303288
0.283257
0.359066
0.359219
0.464258
0.432994
0
0.0505793
0.0478934
0.110474
0.0578524
0.0975566
0.156392
0.181873
0.23939
0.0998101
0.169587
0.22668
0.257004
0.116459
0.107374
0.163468
0.138826
0.161873
0.227625
0.198026
0.263167
0.333222
0.181812
0.325705
0.358564
0.24445
0.205694
0.224994
0.254621
0.213236
0.260606
0.29956
0.354141
0.386444
0.248562
0.291049
0.286517
0.305009
0.326986
0.332797
0.374606
0.409737
0.407109
0.262822
0.252328
0.302897
0.25874
0.330477
0.312394
0.364319
0.394691
0.221441
0.281766
0.257452
0.350978
0.174399
0.169056
0.215367
0.247472
0.12713
0.121389
0.157615
0.199318
0.206799
0.254962
0.0693901
0.0812473
0.114662
0.137954
0.164094
0.211626
0.257623
0.120188
0.158228
0.185013
0.171851
0.212947
0.24996
0.204556
0.249169
0.30385
0.282115
0.392855
0.374303
0.301195
0.296723
0.13682
0.093193
0.339814
0.346452
0.382155
0.504525
0.516233
0.348643
0.455649
0.463623
0.280014
0.410488
0.368628
0.168154
0.128658
0.320441
0.364219
0.135222
0.194256
0.194216
0.244602
0.339973
0.390969
0.412917
0.389169
0.413831
0.467036
0.393539
0.280955
0.311651
0.417397
0.445741
0.484152
0.350642
0.292876
0.447226
0.277757
0.406586
0.218175
0.215387
0.327557
0.223972
0.163046
0.320015
0.124185
0.319818
0.0774915
0.0712193
0.267991
0.246748
0.181246
0.279788
0.264426
0.331688
0.296817
0.344605
0.382932
0.348861
0.352173
0.347645
0.384115
0.435371
0.372828
0.427384
