# bob_500f_1
# Number of vertices: 1000, Number of faces: 2000
# Preprocessing time: 0.000574958
# Query time: 4.6792e-05
0.28027
0.332678
0.23534
0.325766
0.0610899
0.392359
0.345345
0.293605
0.241034
0.223191
0.3102
0.143277
0.123906
0.220971
0.205254
0.30017
0.380204
0.360211
0.174634
0.197457
0.262276
0.275546
0.332496
0.430099
0.408779
0.194212
0.249494
0.230491
0.324591
0.378219
0.378073
0.424777
0.451335
0.305753
0.282032
0.296226
0.320528
0.401105
0.445642
0.47634
0.513129
0.371268
0.339556
0.331523
0.391553
0.367519
0.420864
0.468663
0.576248
0.540023
0.397538
0.400646
0.430505
0.451653
0.468447
0.520842
0.509584
0.57927
0.599336
0.579167
0.361808
0.370627
0.374302
0.428576
0.436858
0.520108
0.305511
0.323729
0.371959
0.400792
0.47576
0.526281
0.443073
0.211404
0.276206
0.328443
0.411439
0.293939
0.344994
0.396204
0.172711
0.1802
0.237312
0.227833
0.305481
0.347418
0.348726
0.22495
0.183187
0.24519
0.280563
0.284476
0.330568
0.249155
0.316806
0.300529
0.384208
0.383543
0.491596
0.45077
0
0.0504168
0.0481536
0.112922
0.0583312
0.102917
0.163975
0.192837
0.252563
0.104875
0.172685
0.237654
0.27072
0.123659
0.10831
0.176582
0.144954
0.193882
0.274008
0.2227
0.310941
0.354645
0.261811
0.37455
0.428612
0.279573
0.222341
0.306894
0.29488
0.248502
0.324157
0.357454
0.423858
0.455165
0.267914
0.315803
0.332848
0.370817
0.410515
0.369553
0.434675
0.457106
0.465857
0.28076
0.270982
0.337333
0.291482
0.389361
0.348575
0.404968
0.44357
0.233042
0.316766
0.293702
0.399836
0.178046
0.179455
0.241794
0.27017
0.12924
0.131
0.182919
0.231984
0.22536
0.286057
0.0702958
0.0897185
0.12785
0.145331
0.180323
0.234929
0.286113
0.121857
0.168264
0.19257
0.175661
0.228834
0.264398
0.22029
0.277688
0.33391
0.298844
0.419312
0.395735
0.321621
0.311986
0.141833
0.0965201
0.359573
0.364204
0.416163
0.534792
0.57177
0.37163
0.496867
0.512145
0.300543
0.446256
0.399574
0.177554
0.130049
0.34094
0.375164
0.144441
0.204264
0.204428
0.255214
0.359472
0.431417
0.440375
0.400396
0.440608
0.494888
0.409384
0.294569
0.327714
0.441004
0.503413
0.513371
0.372975
0.328424
0.496189
0.295831
0.443409
0.231986
0.219183
0.356298
0.236642
0.175859
0.352184
0.131482
0.349643
0.0773835
0.07147
0.286461
0.25683
0.189235
0.297291
0.27106
0.34046
0.307328
0.354969
0.404674
0.367493
0.387862
0.359679
0.402077
0.458131
0.389309
0.444303
0.165488
0.131816
0.170301
0.209061
0.222614
0.194262
0.25213
0.246306
0.317307
0.318695
0.286288
0.343601
0.34236
0.349475
0.202541
0.167254
0.241775
0.210165
0.247315
0.314305
0.338373
0.345602
0.333597
0.365447
0.166826
0.154468
0.18011
0.208296
0.200966
0.217301
0.227396
0.247843
0.237949
0.271548
0.301436
0.297993
0.328664
0.30585
0.351718
0.353729
0.397993
0.373859
0.410576
0.43263
0.417229
0.188767
0.218963
0.212987
0.250021
0.223156
0.258338
0.234484
0.25657
0.29167
0.301002
0.275362
0.351812
0.322404
0.349149
0.387607
0.362849
0.376638
0.447527
0.421333
0.452635
0.401041
0.495951
0.472087
0.471866
0.449992
0.428714
0.282915
0.272488
0.306343
0.304179
0.315172
0.327733
0.325537
0.349582
0.347716
0.385052
0.423458
0.410064
0.458789
0.42994
0.490518
0.485738
0.50702
0.524142
0.522589
0.367353
0.382961
0.354383
0.368167
0.357816
0.388683
0.392435
0.364847
0.418818
0.393739
0.420641
0.444504
0.442879
0.449067
0.43637
0.475726
0.477236
0.511893
0.558968
0.540451
0.550108
0.567204
0.573347
0.364216
0.397745
0.389732
0.36564
0.395195
0.400302
0.45686
0.44831
0.444667
0.543839
0.553454
0.521788
0.551388
0.520143
0.485792
0.482586
0.603097
0.615843
0.595717
0.582425
0.591856
0.593351
0.569272
0.336492
0.303981
0.334415
0.33785
0.337006
0.368352
0.429933
0.421149
0.498634
0.454832
0.524592
0.559163
0.500425
0.557363
0.483623
0.47403
0.443704
0.496121
0.522485
0.308921
0.281812
0.273955
0.348402
0.365188
0.379309
0.407607
0.385927
0.350508
0.429264
0.401029
0.462184
0.489223
0.473956
0.199062
0.201956
0.22266
0.297695
0.259391
0.326353
0.307462
0.30902
0.289042
0.320212
0.339706
0.365789
0.372613
0.395665
0.409674
0.431063
0.153107
0.175519
0.151569
0.198157
0.191564
0.221823
0.270652
0.300833
0.278078
0.324017
0.203589
0.232201
0.259999
0.290634
0.317636
0.314451
0.355236
0.362967
0.330225
0.275934
0.295102
0.266563
0.255403
0.280016
0.25171
0.309753
0.331938
0.306873
0.227666
0.257287
0.232386
0.286185
0.273435
0.285712
0.305089
0.310834
0.314801
0.328413
0.339253
0.290831
0.329068
0.305669
0.356474
0.35354
0.338188
0.374511
0.413579
0.415412
0.441533
0.385936
0.416393
0.425751
0.410847
0.507628
0.512768
0.480854
0.468455
0.462907
0.446617
0.428536
0.435695
0.429943
0.449666
0.0604456
0.0257145
0.0383276
0.0364806
0.0708856
0.0289689
0.057083
0.0705731
0.0827529
0.0735586
0.0944407
0.265783
0.262155
0.239089
0.0823693
0.0553
0.0781614
0.0872992
0.110823
0.134436
0.109606
0.138764
0.171485
0.210244
0.196481
0.211547
0.181298
0.24199
0.221281
0.27188
0.271577
0.0342001
0.0363309
0.0658292
0.123286
0.124971
0.0981504
0.135813
0.15668
0.179171
0.197539
0.243802
0.223091
0.0842401
0.0924638
0.119296
0.15602
0.165815
0.287892
0.329257
0.31334
0.301028
0.339786
0.151194
0.182692
0.146356
0.22889
0.223395
0.254815
0.279944
0.299439
0.343154
0.382757
0.361295
0.409767
0.403208
0.38487
0.246403
0.250891
0.272692
0.305249
0.326395
0.285788
0.287535
0.309693
0.272649
0.304384
0.327877
0.347144
0.390903
0.366835
0.38432
0.342399
0.399727
0.431339
0.410333
0.445013
0.407725
0.444224
0.422903
0.4693
0.471792
0.293508
0.31961
0.288622
0.348356
0.31556
0.328679
0.350158
0.444232
0.453506
0.445923
0.493079
0.466111
0.491167
0.443678
0.43224
0.474147
0.24966
0.247554
0.280936
0.253803
0.262332
0.279538
0.323481
0.310683
0.335586
0.407983
0.38352
0.410692
0.394442
0.419884
0.365906
0.375326
0.392117
0.419947
0.417299
0.288573
0.264418
0.257135
0.2248
0.199156
0.200721
0.224463
0.271679
0.261501
0.235284
0.301666
0.281167
0.268665
0.20068
0.20193
0.176502
0.181761
0.210292
0.208259
0.236671
0.209776
0.286987
0.310074
0.323555
0.10265
0.12916
0.101698
0.153105
0.154991
0.15635
0.12878
0.153535
0.151972
0.180153
0.206111
0.205358
0.23216
0.276684
0.243761
0.25236
0.310247
0.316378
0.229722
0.207029
0.259533
0.289612
0.0994003
0.11884
0.0958191
0.147783
0.18016
0.155251
0.211331
0.198701
0.241411
0.228107
0.19258
0.165202
0.192555
0.147903
0.14012
0.201669
0.219659
0.245157
0.243381
0.269772
0.283652
0.294472
0.324292
0.306708
0.34943
0.338002
0.318658
0.332191
0.364098
0.453186
0.426303
0.415444
0.408064
0.436871
0.391163
0.377585
0.433339
0.453112
0.0962503
0.07986
0.314605
0.350701
0.389808
0.378518
0.404804
0.55231
0.383637
0.418298
0.396725
0.403854
0.354747
0.103594
0.1302
0.107665
0.340413
0.351677
0.320251
0.336994
0.343083
0.31954
0.356222
0.382371
0.355424
0.178642
0.207818
0.182298
0.223272
0.223999
0.198272
0.318264
0.311937
0.341201
0.282362
0.370175
0.450476
0.439348
0.419506
0.424259
0.408932
0.508489
0.54686
0.5379
0.481922
0.483665
0.288591
0.282938
0.297224
0.0552548
0.0724944
0.0847937
0.302135
0.281652
0.305666
0.364857
0.374507
0.331158
0.504422
0.478348
0.510072
0.516971
0.263229
0.298074
0.231501
0.202598
0.15624
0.177613
0.314393
0.320866
0.106301
0.130727
0.245428
0.272128
0.261395
0.281394
0.294968
0.271041
0.29882
0.250321
0.21618
0.271244
0.302501
0.32583
0.292509
0.267301
0.287133
0.258123
0.346698
0.35923
0.3572
0.382282
0.373645
0.375405
0.398421
0.389826
0.384144
0.387449
0.181013
0.160211
0.261584
0.333536
0.131558
0.154948
0.184751
0.281786
0.367309
0.391685
0.163007
0.402442
0.275772
0.302278
0.325468
0.339825
0.374839
0.408402
0.414455
0.399194
0.457651
0.490183
0.545197
0.401976
0.338194
0.402775
0.401724
0.425559
0.464247
0.439749
0.467397
0.498107
0.502701
0.537932
0.545619
0.390615
0.412883
0.270568
0.353128
0.237984
0.255109
0.374604
0.425212
0.452966
0.377422
0.388003
0.340988
0.374807
0.173612
0.150159
0.130725
0.347518
0.235278
0.203623
0.207418
0.231391
0.185592
0.258558
0.356498
0.397296
0.465957
0.0293509
0.055524
0.0824969
0.107083
0.115174
0.127306
0.13556
0.153903
0.166371
0.211349
0.138993
0.255981
0.189705
0.203435
0.248224
0.290893
0.266258
0.363402
0.21786
0.204356
0.225688
0.198661
0.221454
0.245638
0.236699
0.263025
0.316805
0.330051
0.366758
0.255425
0.298048
0.26609
0.283074
0.421415
0.395353
0.318539
0.32794
0.314602
0.328224
0.333974
0.311781
0.360976
0.378123
0.393687
0.354539
0.431241
0.478431
0.29776
0.286819
0.312434
0.302264
0.329351
0.344554
0.360123
0.447037
0.471581
0.416959
0.441343
0.332946
0.322912
0.370147
0.349508
0.379527
0.154645
0.152936
0.177669
0.205615
0.26012
0.254641
0.128171
0.102043
0.155594
0.106157
0.158196
0.183412
0.154218
0.182113
0.253182
0.222381
0.249279
0.285258
0.261044
0.208823
0.231108
0.245673
0.404187
0.372422
0.364146
0.418815
0.110894
0.105464
0.119112
0.323478
0.343463
0.372382
0.379882
0.377275
0.392487
0.403335
0.366828
0.396224
0.402515
0.372288
0.3361
0.526145
0.533935
0.503867
0.469538
0.410439
0.352091
0.14025
0.114323
0.16279
0.367645
0.164642
0.385779
0.411014
0.36674
0.389414
0.36334
0.335769
0.420693
0.404087
0.426595
0.399782
0.303999
0.309363
0.28126
0.330351
0.493207
0.46645
0.328629
