# bob_500f_2
# Number of vertices: 4000, Number of faces: 8000
# Preprocessing time: 0.0243543
# Query time: 0.00198937
0.257165
0.321503
0.22194
0.307163
0.0585373
0.318489
0.254759
0.269873
0.22119
0.218884
0.290243
0.131008
0.120038
0.207165
0.20111
0.287538
0.369862
0.341954
0.163339
0.193799
0.255766
0.267919
0.318612
0.414493
0.396616
0.189142
0.24378
0.218485
0.308011
0.361803
0.365226
0.413923
0.43942
0.296273
0.26915
0.282161
0.313553
0.381582
0.425748
0.462807
0.479148
0.350288
0.321112
0.3177
0.366411
0.356215
0.404692
0.443916
0.538212
0.515876
0.367073
0.35977
0.404426
0.40106
0.447682
0.47991
0.4905
0.506602
0.560582
0.525265
0.31023
0.341334
0.328939
0.376934
0.411934
0.456525
0.280851
0.287677
0.34643
0.352618
0.411034
0.474856
0.399312
0.199896
0.249051
0.313396
0.384735
0.280416
0.319357
0.36681
0.169348
0.161776
0.222218
0.20569
0.278643
0.324852
0.319991
0.213
0.170867
0.234044
0.264087
0.271384
0.308935
0.230263
0.293946
0.276959
0.363112
0.364883
0.474921
0.440932
0
0.0494803
0.046638
0.110283
0.0563468
0.0961746
0.154962
0.185283
0.245821
0.0963441
0.169172
0.22841
0.253583
0.113338
0.103888
0.161468
0.134358
0.15277
0.219945
0.194104
0.26163
0.334267
0.177686
0.324235
0.353648
0.241098
0.201565
0.218929
0.246296
0.204102
0.255299
0.284534
0.350944
0.384046
0.242874
0.284936
0.279424
0.293687
0.319339
0.333173
0.372733
0.40682
0.417938
0.257255
0.245966
0.300596
0.255441
0.329329
0.310122
0.365126
0.40304
0.21575
0.280301
0.259121
0.359231
0.173888
0.16506
0.215733
0.254454
0.12685
0.11878
0.158241
0.200562
0.210432
0.255956
0.0691526
0.0829348
0.115561
0.137626
0.164384
0.21227
0.262622
0.119715
0.155381
0.183207
0.172669
0.213468
0.24599
0.200169
0.248766
0.305343
0.284723
0.397638
0.375247
0.300561
0.305766
0.136309
0.0919286
0.346589
0.347344
0.394473
0.51731
0.529736
0.345121
0.460966
0.473028
0.274914
0.416276
0.375925
0.163764
0.129248
0.323391
0.36563
0.13159
0.187536
0.188642
0.236027
0.33303
0.390292
0.422455
0.402973
0.423572
0.476622
0.398715
0.28321
0.319067
0.417017
0.442484
0.489778
0.346741
0.28931
0.453692
0.276934
0.409116
0.215402
0.213292
0.332355
0.219977
0.160964
0.323275
0.120513
0.324568
0.0767224
0.0694138
0.26868
0.249011
0.174463
0.271221
0.261856
0.325164
0.302382
0.352817
0.387815
0.354027
0.354775
0.351239
0.390894
0.433114
0.381223
0.431082
0.160974
0.123887
0.161769
0.187698
0.202897
0.173983
0.232911
0.224349
0.290869
0.29881
0.2671
0.323318
0.333741
0.328129
0.197763
0.164161
0.236792
0.202304
0.23984
0.306089
0.326851
0.338736
0.322776
0.349312
0.161291
0.147622
0.173804
0.201944
0.189382
0.207138
0.222702
0.236944
0.231966
0.261873
0.287897
0.283626
0.312753
0.294692
0.335522
0.340031
0.393561
0.368227
0.397381
0.40847
0.389527
0.178942
0.20992
0.200665
0.241277
0.217834
0.251087
0.227755
0.24423
0.284642
0.289537
0.26412
0.336381
0.307597
0.333072
0.368964
0.348599
0.361331
0.440355
0.417489
0.428239
0.389485
0.478292
0.459599
0.458247
0.438556
0.415313
0.273878
0.264993
0.293119
0.29472
0.298481
0.314278
0.313684
0.337642
0.337374
0.366214
0.401609
0.392231
0.44116
0.414877
0.467816
0.455594
0.489261
0.497396
0.497507
0.346678
0.360975
0.334193
0.33624
0.336705
0.360228
0.359635
0.345251
0.395727
0.379432
0.405753
0.427527
0.426381
0.423617
0.413389
0.448937
0.457907
0.482278
0.528807
0.505945
0.518269
0.542983
0.541479
0.322323
0.352466
0.336234
0.333654
0.36137
0.351979
0.412279
0.38886
0.400103
0.515501
0.493426
0.495722
0.480381
0.466846
0.437091
0.449756
0.543081
0.546294
0.56147
0.532102
0.521479
0.543422
0.521018
0.29333
0.269434
0.292887
0.310673
0.30571
0.321983
0.379608
0.364482
0.434406
0.406607
0.463249
0.493779
0.43823
0.504066
0.448676
0.441849
0.411467
0.456998
0.480162
0.27819
0.251604
0.253502
0.31608
0.322454
0.345593
0.364544
0.355041
0.32666
0.38056
0.376046
0.404073
0.439742
0.431889
0.183643
0.187849
0.20686
0.263286
0.231944
0.294314
0.279715
0.29373
0.26715
0.298083
0.31817
0.344513
0.347799
0.375297
0.37917
0.3979
0.144318
0.163554
0.149722
0.189646
0.183929
0.207723
0.256674
0.278258
0.255918
0.297664
0.188604
0.210935
0.238838
0.268014
0.295245
0.291141
0.332738
0.344605
0.311599
0.266071
0.284631
0.254518
0.241797
0.263443
0.238183
0.297645
0.312598
0.288361
0.210332
0.233239
0.212288
0.259188
0.25191
0.2693
0.286801
0.293141
0.285983
0.303438
0.312285
0.269694
0.308068
0.285351
0.335347
0.331545
0.319933
0.351575
0.384616
0.396057
0.414983
0.365923
0.399194
0.423344
0.397614
0.498407
0.493507
0.4709
0.453032
0.454638
0.438977
0.419666
0.425199
0.418129
0.436898
0.0542202
0.0237263
0.0378687
0.0357301
0.0659049
0.0274443
0.0499623
0.0661054
0.0747342
0.0687997
0.0840595
0.251808
0.238298
0.225136
0.0753092
0.0475478
0.0685845
0.0852245
0.106653
0.125217
0.10181
0.131115
0.163769
0.200875
0.187862
0.203803
0.172627
0.234112
0.214347
0.262953
0.261013
0.0322883
0.0348717
0.0603377
0.109639
0.115083
0.0873103
0.131126
0.149764
0.16279
0.183662
0.219016
0.211659
0.0808914
0.0854583
0.112151
0.121675
0.13961
0.254844
0.289027
0.29353
0.288176
0.327117
0.14443
0.175713
0.133913
0.189336
0.181755
0.208137
0.22777
0.236829
0.293264
0.316209
0.295675
0.335083
0.359581
0.341464
0.222719
0.222859
0.241747
0.246852
0.237184
0.228702
0.209898
0.23047
0.225907
0.248389
0.267373
0.274927
0.305974
0.286103
0.300969
0.267758
0.33694
0.368064
0.35415
0.367294
0.340817
0.398746
0.379405
0.413937
0.43437
0.262094
0.2845
0.262043
0.267311
0.26354
0.248234
0.28391
0.390245
0.380673
0.365388
0.423368
0.415473
0.438524
0.394095
0.390982
0.397207
0.231073
0.228826
0.250621
0.231627
0.243403
0.255219
0.291441
0.282742
0.299247
0.353063
0.32978
0.350728
0.344164
0.369637
0.317914
0.336068
0.356848
0.379283
0.381403
0.265792
0.247509
0.235095
0.210155
0.194119
0.18997
0.209661
0.239384
0.237712
0.214713
0.265594
0.249215
0.235746
0.187601
0.185994
0.164516
0.162623
0.184649
0.188444
0.205611
0.178702
0.256533
0.290844
0.288441
0.101072
0.119345
0.0939628
0.141766
0.140768
0.138399
0.115273
0.134409
0.13799
0.155986
0.179179
0.189751
0.203618
0.253746
0.227699
0.22894
0.287489
0.286925
0.207761
0.187982
0.231227
0.259579
0.0972921
0.111418
0.0886508
0.136292
0.167795
0.144887
0.200484
0.182842
0.232308
0.219644
0.176199
0.157218
0.183207
0.145459
0.132769
0.197999
0.208475
0.225305
0.232637
0.245472
0.264866
0.269236
0.297688
0.277968
0.328073
0.324636
0.296674
0.321235
0.352475
0.428771
0.406843
0.394969
0.388216
0.41498
0.371911
0.357235
0.416719
0.435342
0.0899212
0.0767289
0.296734
0.321898
0.37691
0.369301
0.396877
0.536555
0.354463
0.391409
0.364804
0.371529
0.328472
0.097552
0.12349
0.106652
0.333639
0.343451
0.312561
0.324447
0.333542
0.310478
0.34522
0.366943
0.337645
0.163935
0.189065
0.166998
0.205628
0.205698
0.182716
0.29484
0.284411
0.311401
0.256762
0.338578
0.441608
0.408451
0.401905
0.4112
0.391717
0.485776
0.518393
0.514586
0.457767
0.455541
0.272154
0.276826
0.279837
0.0481598
0.068813
0.077096
0.292629
0.273412
0.296032
0.332172
0.32174
0.298346
0.466117
0.453333
0.459081
0.47699
0.243777
0.273813
0.21585
0.187382
0.143063
0.16303
0.288455
0.289667
0.0975177
0.119708
0.236097
0.262025
0.24582
0.274513
0.285713
0.262497
0.291398
0.228052
0.198537
0.247682
0.291067
0.309708
0.278941
0.254744
0.268455
0.242018
0.321132
0.327143
0.351858
0.37786
0.373414
0.353302
0.377887
0.374263
0.374967
0.374142
0.165958
0.143526
0.249079
0.317799
0.124908
0.145542
0.175101
0.273741
0.35154
0.369229
0.151854
0.387661
0.267373
0.284838
0.307677
0.323716
0.361588
0.382891
0.381206
0.384588
0.434347
0.466509
0.514765
0.371789
0.312931
0.371528
0.352846
0.386483
0.42424
0.404333
0.435483
0.47194
0.465139
0.49627
0.500807
0.338409
0.37718
0.245246
0.309724
0.220543
0.236762
0.349578
0.392513
0.416136
0.352024
0.360209
0.319101
0.347972
0.164937
0.141057
0.121485
0.318575
0.221943
0.191457
0.194069
0.218067
0.1723
0.244371
0.335096
0.365795
0.448948
0.0274142
0.0483987
0.074775
0.0974432
0.103497
0.120433
0.124364
0.144697
0.158531
0.197583
0.136266
0.244159
0.140086
0.173853
0.205582
0.23695
0.226106
0.31959
0.208048
0.19603
0.20832
0.18273
0.162076
0.184489
0.163429
0.187709
0.251299
0.27024
0.3042
0.230834
0.259112
0.2074
0.19739
0.33446
0.318502
0.291516
0.303972
0.279772
0.266557
0.276716
0.280457
0.310502
0.325112
0.338768
0.316269
0.351546
0.435588
0.266372
0.259484
0.276152
0.265107
0.291329
0.308177
0.307319
0.407975
0.430361
0.380064
0.404897
0.291849
0.285693
0.334561
0.314078
0.349385
0.151297
0.144152
0.167871
0.189991
0.228618
0.226226
0.120184
0.095247
0.141967
0.096927
0.147487
0.171485
0.143957
0.170235
0.229903
0.200271
0.222374
0.262619
0.246719
0.195488
0.218554
0.238334
0.390226
0.360015
0.356119
0.408522
0.104245
0.0990068
0.113732
0.311673
0.33342
0.361738
0.359521
0.355699
0.369034
0.369444
0.344552
0.371975
0.37204
0.345492
0.310832
0.487491
0.492863
0.466707
0.435369
0.376272
0.321491
0.128942
0.10536
0.149568
0.355339
0.151287
0.359593
0.373529
0.342323
0.383431
0.356491
0.332398
0.391466
0.399622
0.425686
0.389415
0.273131
0.291476
0.251918
0.310126
0.457162
0.4303
0.32246
0.141131
0.142238
0.161212
0.192991
0.189212
0.179775
0.216681
0.214745
0.228577
0.293783
0.283497
0.278053
0.327871
0.339966
0.336651
0.180532
0.180021
0.1616
0.220634
0.221571
0.238314
0.315217
0.333972
0.322497
0.327737
0.336796
0.340861
0.153773
0.16018
0.167087
0.187929
0.181379
0.195697
0.215674
0.230941
0.222406
0.215247
0.228146
0.211812
0.25034
0.247434
0.234673
0.275341
0.285307
0.272567
0.300097
0.291052
0.303424
0.323498
0.326278
0.337946
0.381397
0.383442
0.395644
0.405223
0.395801
0.399055
0.194122
0.205566
0.189487
0.225882
0.213928
0.22883
0.239567
0.235104
0.247102
0.287185
0.277014
0.274058
0.321277
0.319902
0.333859
0.352546
0.358078
0.341207
0.348281
0.346994
0.333711
0.429309
0.427458
0.436444
0.405458
0.403562
0.391505
0.468881
0.460556
0.469045
0.450282
0.451211
0.43993
0.418281
0.411866
0.422598
0.267577
0.257011
0.262552
0.282838
0.294084
0.284697
0.295898
0.304266
0.305581
0.303458
0.291551
0.301711
0.325653
0.324704
0.336252
0.357433
0.351531
0.341523
0.385296
0.380482
0.396558
0.428163
0.426154
0.438664
0.454291
0.459848
0.446615
0.478491
0.493205
0.482253
0.487865
0.496215
0.484776
0.354109
0.347745
0.340556
0.335321
0.325127
0.324629
0.35376
0.340845
0.348599
0.348033
0.339597
0.351551
0.387583
0.37386
0.381026
0.416798
0.42743
0.416223
0.409987
0.404209
0.419109
0.436499
0.438099
0.426367
0.455275
0.467799
0.470233
0.517508
0.501774
0.512959
0.530528
0.542816
0.530431
0.337635
0.343829
0.328962
0.34753
0.356777
0.34379
0.400658
0.394955
0.406248
0.505287
0.498675
0.506464
0.47414
0.480581
0.487092
0.442238
0.458407
0.452268
0.546001
0.557613
0.553969
0.540254
0.53425
0.527545
0.541099
0.531855
0.531842
0.280956
0.280196
0.290509
0.322216
0.319668
0.307244
0.300542
0.307139
0.315716
0.371204
0.376886
0.383425
0.434473
0.420807
0.421719
0.472716
0.486661
0.47871
0.451822
0.435959
0.448204
0.500457
0.508019
0.513655
0.444909
0.427743
0.430246
0.468969
0.465368
0.453265
0.264734
0.250197
0.264182
0.3173
0.332852
0.330272
0.359338
0.33886
0.344958
0.376478
0.391713
0.39253
0.389922
0.384628
0.371407
0.422136
0.44002
0.421607
0.445273
0.436898
0.453224
0.185811
0.198631
0.195106
0.256703
0.247196
0.240186
0.286424
0.271016
0.279041
0.287874
0.281017
0.273295
0.29693
0.305673
0.307399
0.346154
0.362505
0.359265
0.38324
0.390175
0.388708
0.153863
0.155852
0.146032
0.186817
0.195182
0.199443
0.267712
0.267074
0.254694
0.288106
0.288639
0.298058
0.200733
0.198307
0.186751
0.224412
0.232042
0.218752
0.282034
0.293378
0.278255
0.338532
0.328248
0.322113
0.276366
0.270064
0.260991
0.252407
0.250633
0.238428
0.304428
0.300488
0.292234
0.22131
0.22309
0.211026
0.245854
0.242943
0.255407
0.277959
0.289205
0.281154
0.294719
0.308367
0.299156
0.263731
0.2727
0.277546
0.296664
0.285648
0.296461
0.321079
0.334207
0.320049
0.326779
0.34205
0.335251
0.391393
0.407336
0.400357
0.382543
0.398264
0.38196
0.413727
0.39922
0.411296
0.493943
0.481723
0.482752
0.461509
0.461974
0.453432
0.429861
0.42162
0.43129
0.421094
0.428492
0.430742
0.0370976
0.026966
0.0452778
0.0496315
0.0516593
0.0338821
0.0274103
0.0377916
0.0421281
0.0580756
0.0687706
0.0624632
0.0770155
0.0746757
0.0664243
0.244124
0.231047
0.238589
0.0601529
0.0583966
0.0706025
0.0801282
0.091155
0.0948001
0.113271
0.116073
0.128071
0.181479
0.194805
0.176521
0.197096
0.187914
0.180288
0.219243
0.223897
0.209041
0.248711
0.24619
0.260067
0.03141
0.0475346
0.0453445
0.109745
0.0990154
0.0976931
0.123324
0.132514
0.141144
0.157028
0.172766
0.166596
0.215827
0.196505
0.201154
0.0830292
0.0983507
0.0951032
0.114114
0.128229
0.123573
0.272113
0.291617
0.273232
0.292154
0.311838
0.30846
0.161219
0.154988
0.138869
0.184155
0.194806
0.198758
0.231501
0.222188
0.217773
0.305415
0.304956
0.292148
0.345697
0.350365
0.336667
0.221963
0.232057
0.232112
0.241474
0.232781
0.237956
0.220525
0.227714
0.217115
0.258243
0.270744
0.26115
0.289919
0.295946
0.280048
0.29312
0.284142
0.276684
0.352679
0.361267
0.345877
0.361264
0.353708
0.347049
0.382102
0.389281
0.372986
0.423609
0.416573
0.407121
0.27297
0.271934
0.26161
0.264279
0.255407
0.257277
0.264795
0.272919
0.275791
0.38689
0.372848
0.379526
0.42391
0.427435
0.433543
0.404289
0.403204
0.391464
0.419314
0.405386
0.410791
0.229807
0.239005
0.240909
0.236654
0.24909
0.243372
0.287005
0.294395
0.294747
0.341782
0.3406
0.352374
0.347935
0.356996
0.360162
0.32643
0.33999
0.331081
0.367787
0.379284
0.368873
0.254987
0.239894
0.249678
0.220939
0.232505
0.221848
0.190804
0.199962
0.200727
0.229033
0.21934
0.220204
0.237544
0.2266
0.226919
0.256967
0.241473
0.25109
0.186523
0.173846
0.176012
0.173558
0.187151
0.175229
0.195295
0.181444
0.191663
0.272678
0.290676
0.272782
0.10922
0.107185
0.0956068
0.13068
0.140371
0.130078
0.126471
0.124493
0.135932
0.134991
0.146486
0.144971
0.183333
0.195442
0.191334
0.239971
0.228454
0.240449
0.26945
0.269584
0.286645
0.198038
0.1873
0.197626
0.218799
0.229588
0.218222
0.244933
0.23411
0.247674
0.102873
0.100612
0.0915023
0.151501
0.157744
0.140868
0.184242
0.175611
0.191096
0.216553
0.226002
0.210016
0.166019
0.170211
0.178385
0.1502
0.144596
0.137066
0.202163
0.195953
0.189859
0.216423
0.220825
0.228704
0.255927
0.267147
0.25677
0.287071
0.272581
0.283022
0.326746
0.309757
0.313152
0.32243
0.339361
0.337892
0.417214
0.401585
0.412583
0.397273
0.411346
0.4022
0.364537
0.37349
0.379766
0.416996
0.426075
0.426751
0.0833401
0.0647834
0.0721039
0.309856
0.320913
0.308979
0.37261
0.384414
0.385772
0.541505
0.551235
0.554303
0.372552
0.380223
0.35925
0.369238
0.349738
0.346955
0.111293
0.114234
0.101254
0.338994
0.328191
0.322753
0.328746
0.322287
0.316937
0.354424
0.351558
0.340901
0.176645
0.177586
0.163782
0.207799
0.193764
0.195908
0.29093
0.297947
0.304812
0.276899
0.270711
0.262726
0.325445
0.32472
0.313815
0.428562
0.425943
0.415388
0.409167
0.401439
0.398767
0.505024
0.521113
0.500129
0.506785
0.527467
0.517416
0.471674
0.469188
0.456432
0.284143
0.272645
0.286118
0.265462
0.261186
0.275058
0.0572116
0.0708731
0.0625599
0.277605
0.283909
0.268877
0.265771
0.28577
0.277973
0.324448
0.307624
0.314321
0.46221
0.444898
0.45115
0.464959
0.468776
0.47681
0.244206
0.259003
0.258089
0.20048
0.20146
0.186277
0.141983
0.151553
0.152827
0.274522
0.29015
0.273875
0.295245
0.300653
0.284721
0.0955337
0.108697
0.106805
0.24938
0.254287
0.241811
0.280543
0.273931
0.268468
0.276932
0.281719
0.268562
0.21327
0.20189
0.217286
0.242566
0.251671
0.23808
0.301251
0.293611
0.285331
0.272294
0.260879
0.266138
0.254888
0.244576
0.257671
0.309296
0.32482
0.31267
0.364886
0.377201
0.363947
0.365355
0.375005
0.364688
0.341164
0.328206
0.340623
0.363931
0.364332
0.374092
0.383144
0.374367
0.38287
0.152338
0.158217
0.169629
0.183293
0.182111
0.163227
0.249973
0.257539
0.239279
0.320778
0.306565
0.313469
0.136236
0.133642
0.144379
0.15978
0.152118
0.168732
0.285069
0.289919
0.29936
0.257192
0.242907
0.261219
0.33949
0.32033
0.333211
0.36584
0.357646
0.358778
0.169588
0.164787
0.156141
0.198023
0.182452
0.191139
0.354004
0.353806
0.340526
0.371625
0.38269
0.379687
0.215275
0.222204
0.208979
0.25416
0.241149
0.250777
0.295216
0.29601
0.28332
0.374406
0.375526
0.387954
0.401215
0.40379
0.389099
0.26838
0.254001
0.25529
0.265407
0.274535
0.277015
0.302326
0.295735
0.291834
0.507345
0.495454
0.505749
0.314757
0.320686
0.328139
0.340695
0.349676
0.35285
0.381421
0.369554
0.3713
0.370725
0.382898
0.373334
0.39436
0.384347
0.395242
0.40733
0.417982
0.423484
0.462183
0.450592
0.445812
0.510246
0.498241
0.494248
0.537658
0.551802
0.544771
0.372212
0.367
0.361237
0.316908
0.307198
0.300562
0.360694
0.369398
0.370735
0.366376
0.380797
0.37497
0.39385
0.393264
0.383414
0.430457
0.418434
0.422707
0.415305
0.429699
0.419487
0.472148
0.460765
0.46029
0.44201
0.451144
0.458202
0.481859
0.483812
0.46986
0.518293
0.529916
0.523763
0.498051
0.510729
0.509519
0.343871
0.337327
0.328979
0.345962
0.358448
0.351653
0.390718
0.391602
0.377756
0.503555
0.490688
0.49302
0.260535
0.247628
0.257934
0.306396
0.293921
0.291888
0.324484
0.330132
0.314946
0.304049
0.319109
0.309846
0.360223
0.361481
0.37676
0.225892
0.213583
0.218599
0.228168
0.221611
0.214746
0.261381
0.246248
0.252249
0.351489
0.373572
0.370454
0.348793
0.332506
0.331912
0.408932
0.413753
0.424751
0.407011
0.407541
0.397181
0.366597
0.355331
0.369519
0.173619
0.172928
0.182615
0.307363
0.296706
0.307634
0.34455
0.332656
0.331321
0.353092
0.360994
0.351709
0.15243
0.144773
0.155985
0.131227
0.130897
0.14005
0.177793
0.190454
0.176083
0.260505
0.253614
0.246249
0.304424
0.289951
0.304968
0.326673
0.332069
0.334264
0.211604
0.205877
0.195456
0.231817
0.238349
0.247687
0.291422
0.297994
0.304024
0.200998
0.205646
0.212382
0.190729
0.183168
0.1802
0.231193
0.227004
0.240585
0.274442
0.276032
0.286119
0.335724
0.322704
0.324875
0.257071
0.260575
0.248307
0.311935
0.298155
0.305953
0.350283
0.335334
0.349794
0.376253
0.359796
0.36821
0.447922
0.447228
0.456219
0.408459
0.417964
0.406984
0.444881
0.442861
0.452162
0.0372658
0.0366083
0.0245966
0.0717568
0.059157
0.0613065
0.0906164
0.0936559
0.0992613
0.120904
0.113735
0.110615
0.158196
0.165206
0.152176
0.219773
0.2113
0.205341
0.0409542
0.0253768
0.0345566
0.0382298
0.0368176
0.0256809
0.09227
0.0882481
0.0788174
0.135757
0.121705
0.119261
0.150297
0.147049
0.134234
0.122349
0.135782
0.132073
0.0717735
0.0817857
0.0779485
0.206429
0.228053
0.222037
0.266454
0.281655
0.259275
0.0870939
0.0729097
0.0751122
0.127431
0.129381
0.146629
0.130377
0.122964
0.134423
0.151922
0.156903
0.168103
0.190023
0.18066
0.196866
0.231081
0.215146
0.22108
0.222148
0.239236
0.237008
0.289968
0.304703
0.305227
0.348877
0.338489
0.331574
0.192807
0.202532
0.187315
0.196031
0.188728
0.202516
0.170097
0.181028
0.173264
0.15093
0.160011
0.150622
0.17599
0.183645
0.171089
0.251984
0.259308
0.243477
0.243774
0.260231
0.253399
0.287273
0.297959
0.281284
0.325851
0.328352
0.336536
0.376549
0.369429
0.386986
0.214915
0.219863
0.225732
0.251659
0.250923
0.261743
0.218498
0.214325
0.22513
0.195883
0.201966
0.190756
0.198887
0.192586
0.203549
0.239562
0.233621
0.242177
0.238081
0.225872
0.23653
0.326319
0.309501
0.317885
0.327724
0.320782
0.311104
0.388897
0.382936
0.374444
0.278732
0.298317
0.283959
0.295304
0.29941
0.285003
0.256235
0.253734
0.263815
0.27204
0.277341
0.286954
0.286358
0.278988
0.272
0.29657
0.29191
0.304317
0.315942
0.332165
0.322597
0.326922
0.317695
0.319282
0.350334
0.342883
0.358291
0.351514
0.358882
0.345113
0.381585
0.379703
0.391518
0.448398
0.448907
0.438376
0.259428
0.273178
0.264138
0.267425
0.27356
0.261184
0.251347
0.23962
0.248545
0.270881
0.267892
0.279562
0.278168
0.283826
0.271407
0.30412
0.299178
0.312047
0.306473
0.318055
0.318821
0.394478
0.399645
0.386273
0.421905
0.4185
0.432391
0.392771
0.391376
0.379931
0.200585
0.199006
0.18987
0.252197
0.243263
0.257554
0.304863
0.311279
0.298432
0.274924
0.287586
0.278937
0.346337
0.333709
0.345309
0.286158
0.302266
0.298532
0.331689
0.3399
0.324489
0.157201
0.153065
0.145473
0.146915
0.156096
0.158895
0.190165
0.179205
0.178237
0.202345
0.189308
0.201838
0.216513
0.231613
0.220382
0.215802
0.226741
0.213867
0.241986
0.226817
0.240679
0.309833
0.289242
0.307514
0.109723
0.0963584
0.107788
0.142807
0.132251
0.131238
0.0864206
0.09611
0.0837409
0.140578
0.150468
0.152215
0.105478
0.106305
0.0970547
0.177676
0.166768
0.167386
0.142512
0.130363
0.135693
0.152744
0.164755
0.159295
0.179113
0.184265
0.191595
0.122721
0.121903
0.132916
0.222367
0.213606
0.228622
0.143408
0.157065
0.156987
0.214536
0.210983
0.224631
0.18755
0.190874
0.177552
0.245973
0.254797
0.237667
0.247589
0.239041
0.255332
0.196385
0.183074
0.184162
0.195936
0.207371
0.207678
0.228914
0.230016
0.240071
0.246992
0.24381
0.236038
0.234049
0.222917
0.234969
0.270126
0.285996
0.279644
0.37531
0.365044
0.380444
0.344272
0.35692
0.341267
0.404357
0.41387
0.400184
0.0966366
0.111539
0.107008
0.0887684
0.083416
0.0712441
0.106889
0.112837
0.118649
0.307768
0.302082
0.317709
0.346733
0.36585
0.35195
0.355745
0.367832
0.374806
0.351715
0.344456
0.36492
0.333705
0.333509
0.322354
0.356726
0.357643
0.371051
0.359606
0.361215
0.374057
0.369976
0.382803
0.377749
0.311127
0.329225
0.328749
0.490546
0.508618
0.505091
0.494791
0.479148
0.481734
0.438643
0.454505
0.45119
0.229839
0.244356
0.230866
0.392628
0.393031
0.3734
0.337616
0.337178
0.351746
0.143638
0.134346
0.133245
0.102755
0.113525
0.112619
0.120719
0.117687
0.109345
0.140076
0.149267
0.13866
0.348239
0.356808
0.36186
0.338662
0.344457
0.350198
0.161051
0.167005
0.154184
0.158021
0.173484
0.167561
0.199178
0.200715
0.211111
0.350443
0.352842
0.366161
0.357694
0.351222
0.366454
0.382279
0.380494
0.392727
0.370566
0.366314
0.379982
0.34303
0.345191
0.330366
0.383492
0.39909
0.39071
0.40009
0.382067
0.390549
0.40739
0.41969
0.412747
0.434643
0.427112
0.438708
0.400381
0.414362
0.404937
0.32189
0.304524
0.314604
0.281231
0.293689
0.284766
0.248775
0.241535
0.237692
0.255529
0.262244
0.266381
0.291513
0.310775
0.291556
0.327839
0.307963
0.321227
0.468642
0.471606
0.483168
0.443955
0.443314
0.429681
0.417263
0.419735
0.432369
0.361617
0.378814
0.365665
0.175482
0.174456
0.18851
0.30458
0.288144
0.305601
0.0800423
0.0950256
0.082277
0.101411
0.0863746
0.091518
0.298274
0.302335
0.289281
0.14667
0.1314
0.134985
0.279814
0.282213
0.294835
0.316179
0.326273
0.332285
0.306769
0.304849
0.321254
0.337814
0.340196
0.325806
0.3766
0.386822
0.389594
0.457722
0.443615
0.441323
0.372658
0.376362
0.358034
0.442944
0.444491
0.453845
0.181264
0.181703
0.141122
0.121437
0.126909
0.144203
0.174832
0.165483
0.198777
0.204252
0.20314
0.187333
0.244712
0.238975
0.220954
0.212707
0.274993
0.261362
0.305679
0.308564
0.291498
0.275355
0.334507
0.323103
0.31383
0.320028
0.344598
0.334846
0.145108
0.1997
0.195659
0.180645
0.252924
0.254952
0.219596
0.201774
0.20361
0.22369
0.313491
0.327236
0.29702
0.307457
0.347235
0.352746
0.350657
0.313588
0.333455
0.347197
0.174965
0.181005
0.148359
0.14141
0.155187
0.167623
0.20974
0.204266
0.195129
0.17501
0.213344
0.227706
0.200239
0.207279
0.238597
0.24606
0.217858
0.244201
0.264984
0.258839
0.270801
0.27847
0.297467
0.295764
0.315975
0.307426
0.309939
0.281626
0.350445
0.352576
0.321231
0.32829
0.4064
0.407158
0.379421
0.366922
0.369149
0.385418
0.401975
0.392539
0.413868
0.385585
0.174422
0.184858
0.183841
0.198731
0.222062
0.217293
0.242734
0.231386
0.238448
0.203587
0.259129
0.256706
0.246069
0.234568
0.222818
0.231638
0.271217
0.260468
0.298044
0.3002
0.279433
0.266958
0.348867
0.347109
0.324656
0.309516
0.307178
0.319948
0.331642
0.364587
0.37473
0.365235
0.363091
0.360755
0.444293
0.433887
0.428036
0.415771
0.417154
0.421854
0.377457
0.401598
0.477627
0.466627
0.473317
0.462157
0.452103
0.4495
0.426338
0.450573
0.426599
0.404961
0.271168
0.277712
0.274372
0.254844
0.287047
0.281315
0.304852
0.304877
0.309133
0.316495
0.289376
0.314755
0.312652
0.315424
0.347327
0.347747
0.327916
0.326086
0.373264
0.360473
0.412967
0.408051
0.391105
0.376884
0.451231
0.432931
0.418681
0.413423
0.442091
0.464397
0.473039
0.468108
0.486948
0.475805
0.50271
0.508116
0.486384
0.507436
0.333847
0.32725
0.359114
0.369922
0.355989
0.341848
0.32707
0.346673
0.346958
0.328371
0.358889
0.368578
0.362888
0.356827
0.358073
0.332478
0.38891
0.401187
0.39227
0.366906
0.40488
0.415448
0.406015
0.416344
0.438495
0.437274
0.433455
0.428896
0.414167
0.397604
0.4471
0.449473
0.474133
0.486192
0.442004
0.479763
0.522978
0.533621
0.522065
0.491012
0.518597
0.528783
0.517632
0.529688
0.555651
0.552861
0.314583
0.321926
0.332805
0.347766
0.358175
0.351279
0.330984
0.339751
0.337058
0.351698
0.369776
0.364483
0.414192
0.404547
0.406411
0.394967
0.383043
0.389071
0.506233
0.494048
0.512107
0.499767
0.486935
0.49134
0.493517
0.467576
0.46102
0.473386
0.447841
0.425223
0.432317
0.465662
0.552009
0.562741
0.534432
0.536451
0.550957
0.549248
0.519623
0.51422
0.540989
0.525604
0.522695
0.550575
0.537511
0.522678
0.301738
0.301614
0.286197
0.273034
0.269962
0.284509
0.295451
0.292421
0.326088
0.318557
0.331195
0.314677
0.391422
0.366595
0.358204
0.370871
0.408143
0.446543
0.421893
0.407754
0.469032
0.485678
0.45914
0.500564
0.456312
0.422586
0.515186
0.491285
0.434414
0.413031
0.461341
0.457812
0.42536
0.410303
0.440888
0.467848
0.481363
0.476592
0.278037
0.267117
0.281286
0.26859
0.236172
0.238757
0.330618
0.344592
0.302216
0.306238
0.337833
0.348338
0.352854
0.335326
0.380598
0.377105
0.33394
0.319737
0.397211
0.36326
0.360293
0.393026
0.407239
0.401679
0.420419
0.457297
0.433082
0.417694
0.192455
0.202751
0.173945
0.175234
0.202004
0.212221
0.225158
0.273615
0.255433
0.24003
0.289263
0.302257
0.295232
0.264449
0.258294
0.302186
0.286513
0.274877
0.308104
0.319109
0.288786
0.316437
0.356882
0.370568
0.331725
0.332421
0.365472
0.380198
0.37773
0.387745
0.376215
0.396979
0.136207
0.139472
0.153483
0.16312
0.165901
0.160114
0.204028
0.214044
0.177907
0.17596
0.19236
0.203
0.241163
0.241287
0.270131
0.279278
0.278048
0.268544
0.3081
0.287577
0.174263
0.204155
0.215778
0.20751
0.230973
0.247153
0.262734
0.275135
0.273497
0.285533
0.307792
0.306939
0.316347
0.305758
0.338793
0.345291
0.33514
0.317767
0.25041
0.244891
0.280962
0.290779
0.277876
0.263204
0.226866
0.225182
0.25685
0.266309
0.262876
0.251398
0.28494
0.2796
0.309756
0.31641
0.310177
0.298018
0.199615
0.200309
0.220914
0.231249
0.235405
0.223923
0.268289
0.264317
0.249263
0.240116
0.272876
0.285241
0.266336
0.275739
0.297569
0.300618
0.290401
0.302445
0.281402
0.289948
0.317701
0.322576
0.283075
0.254615
0.308412
0.296783
0.307679
0.274526
0.317844
0.321511
0.349585
0.346897
0.326872
0.343033
0.312966
0.358303
0.391473
0.404421
0.374881
0.379606
0.411216
0.421706
0.365501
0.365326
0.382376
0.413002
0.415756
0.40441
0.425255
0.382351
0.487676
0.472467
0.508892
0.505369
0.483483
0.472064
0.446084
0.44678
0.462464
0.464078
0.439625
0.434033
0.438892
0.428895
0.410222
0.414092
0.438794
0.408892
0.425843
0.434637
0.0638983
0.0570516
0.0481019
0.0354619
0.0122634
0.0183491
0.0184705
0.0519568
0.0652477
0.0697771
0.0568041
0.0139702
0.039692
0.0478266
0.0704924
0.0570162
0.0752115
0.0791731
0.0578228
0.081375
0.0884841
0.0825434
0.24777
0.234271
0.257151
0.251282
0.22517
0.217777
0.0861265
0.0804545
0.0649199
0.0500087
0.0502934
0.0614915
0.0986404
0.108729
0.0710441
0.102741
0.139785
0.14347
0.111029
0.0990048
0.105584
0.119379
0.159584
0.170862
0.167228
0.185846
0.214999
0.206485
0.164648
0.214759
0.194104
0.179306
0.19968
0.230871
0.238874
0.229336
0.273172
0.273171
0.253874
0.246736
0.0459967
0.0585762
0.0170736
0.0172966
0.0518548
0.0636264
0.102427
0.0920852
0.121963
0.125068
0.105631
0.0895149
0.149021
0.159159
0.113665
0.141275
0.17765
0.147553
0.178404
0.188917
0.205394
0.235341
0.232628
0.190938
0.0919388
0.107809
0.0699681
0.0710476
0.0998799
0.113844
0.136092
0.111986
0.134963
0.145029
0.254597
0.273835
0.25655
0.273571
0.309804
0.313255
0.303515
0.323313
0.271581
0.330623
0.122331
0.119556
0.164504
0.180095
0.169106
0.148082
0.204728
0.213245
0.17282
0.16872
0.193249
0.204915
0.215245
0.241172
0.245864
0.228166
0.277735
0.280513
0.308844
0.319219
0.316002
0.308487
0.32596
0.327719
0.344714
0.355178
0.366901
0.357994
0.233083
0.242097
0.212021
0.212183
0.232876
0.241422
0.244436
0.235142
0.25034
0.24565
0.228476
0.22347
0.206179
0.21501
0.214364
0.224459
0.237653
0.236473
0.251175
0.265104
0.246802
0.256246
0.279782
0.284494
0.270275
0.299677
0.312497
0.302588
0.260901
0.30993
0.29249
0.275678
0.330319
0.339239
0.343872
0.359448
0.376434
0.369131
0.333124
0.375853
0.359442
0.347606
0.364273
0.391043
0.407761
0.397697
0.398897
0.428769
0.43959
0.426721
0.251828
0.25227
0.27414
0.287016
0.282912
0.272791
0.260592
0.250856
0.273785
0.271841
0.255142
0.246714
0.288302
0.28088
0.381701
0.372443
0.398579
0.394588
0.366094
0.358078
0.43236
0.443157
0.414991
0.413497
0.416674
0.42805
0.380544
0.378529
0.406921
0.402344
0.402626
0.391117
0.243171
0.253795
0.22086
0.220163
0.237945
0.247903
0.239257
0.249893
0.223968
0.230619
0.255884
0.261654
0.284247
0.288169
0.282901
0.275187
0.291668
0.303178
0.363108
0.362525
0.343002
0.331168
0.329195
0.339129
0.372103
0.335853
0.353656
0.366914
0.323676
0.313112
0.322883
0.349743
0.359459
0.372772
0.357065
0.368505
0.390741
0.391491
0.261222
0.24586
0.271111
0.262674
0.232402
0.2253
0.211152
0.211249
0.204326
0.210734
0.184008
0.180843
0.201525
0.21123
0.228775
0.214781
0.248368
0.24718
0.227505
0.214999
0.261537
0.246926
0.271661
0.264316
0.233541
0.225583
0.179302
0.168523
0.199473
0.200112
0.17283
0.161933
0.163993
0.176354
0.160663
0.171137
0.199096
0.201327
0.20225
0.18927
0.210096
0.16843
0.257616
0.272567
0.255507
0.271709
0.311141
0.308044
0.0864147
0.080795
0.114351
0.121688
0.119305
0.107571
0.130962
0.13361
0.150799
0.150517
0.148147
0.145888
0.128835
0.117176
0.114384
0.124201
0.15619
0.126304
0.150471
0.15853
0.189071
0.201189
0.170958
0.177811
0.200977
0.207038
0.254488
0.241381
0.253784
0.239831
0.217786
0.218489
0.305478
0.304475
0.27027
0.270703
0.208893
0.199802
0.20858
0.176646
0.221092
0.242816
0.261285
0.257749
0.0850117
0.0785583
0.108408
0.113584
0.11194
0.100185
0.125499
0.128249
0.14601
0.160476
0.175598
0.163006
0.206861
0.197761
0.193214
0.168695
0.203183
0.2229
0.241058
0.234824
0.187901
0.191007
0.165328
0.154215
0.163675
0.176995
0.132136
0.12478
0.159147
0.143178
0.185649
0.209447
0.213871
0.203685
0.236905
0.240012
0.212777
0.225119
0.246009
0.258768
0.245898
0.254527
0.276709
0.279858
0.294077
0.301582
0.292746
0.26307
0.315474
0.301384
0.34141
0.340744
0.306011
0.291293
0.336941
0.351585
0.30406
0.353489
0.424281
0.406023
0.431282
0.420796
0.391563
0.384659
0.39348
0.405891
0.382289
0.423887
0.386203
0.355417
0.346984
0.366396
0.425278
0.434156
0.406656
0.434733
0.0808974
0.102833
0.096218
0.0593737
0.297083
0.311489
0.299838
0.333099
0.388048
0.396588
0.363467
0.357084
0.383284
0.39736
0.525562
0.545236
0.33984
0.343363
0.366722
0.382428
0.402337
0.388051
0.325775
0.39229
0.352059
0.330827
0.0865308
0.0934068
0.109164
0.121906
0.125776
0.118411
0.317654
0.307031
0.349861
0.353945
0.333396
0.317407
0.3121
0.304222
0.335969
0.339938
0.327404
0.315942
0.333153
0.328406
0.358278
0.368565
0.365546
0.349739
0.149571
0.15088
0.176828
0.188826
0.188519
0.179978
0.194739
0.186065
0.21862
0.220812
0.190129
0.178429
0.309012
0.319392
0.281897
0.277663
0.290071
0.302297
0.24778
0.264715
0.337539
0.334596
0.398868
0.432746
0.433977
0.417937
0.393145
0.389833
0.41246
0.420178
0.400443
0.391987
0.482449
0.494979
0.489592
0.50586
0.52663
0.536613
0.444069
0.444361
0.47399
0.467084
0.291313
0.28567
0.2595
0.262074
0.289924
0.270426
0.0567807
0.0716125
0.0446364
0.0562554
0.0815157
0.0843983
0.2872
0.298853
0.288184
0.25156
0.295236
0.306401
0.325414
0.308602
0.342196
0.337256
0.306447
0.292228
0.453968
0.478089
0.470824
0.435624
0.488632
0.453573
0.457544
0.464411
0.258522
0.27389
0.22968
0.274829
0.173148
0.214995
0.217215
0.202937
0.153483
0.163924
0.132227
0.161657
0.272435
0.273752
0.30529
0.306886
0.118065
0.0835223
0.112978
0.124092
0.229054
0.233953
0.242792
0.25611
0.266273
0.257443
0.262056
0.287288
0.293233
0.2777
0.255205
0.271973
0.288138
0.295536
0.232434
0.224111
0.210122
0.186579
0.234414
0.260464
0.275751
0.270984
0.307396
0.318235
0.30026
0.28538
0.258415
0.250472
0.270504
0.265373
0.252077
0.231759
0.315302
0.305342
0.337225
0.339938
0.352365
0.360957
0.351435
0.364698
0.390718
0.387459
0.35373
0.364803
0.353486
0.367775
0.384713
0.382488
0.383998
0.382882
0.364065
0.364817
0.185531
0.147589
0.136629
0.151731
0.229702
0.267684
0.330916
0.303846
0.154732
0.129964
0.121259
0.135516
0.184506
0.167695
0.270428
0.279143
0.3454
0.359897
0.359315
0.375238
0.143629
0.160988
0.400586
0.374768
0.254966
0.280755
0.289226
0.282646
0.314265
0.301757
0.33666
0.311124
0.364209
0.358737
0.373699
0.393287
0.392908
0.370068
0.374647
0.394791
0.43945
0.429416
0.478395
0.454981
0.526669
0.502657
0.358701
0.364291
0.294822
0.329777
0.371458
0.356258
0.346456
0.358187
0.38243
0.374871
0.437582
0.411371
0.407486
0.424842
0.402178
0.444334
0.45825
0.482549
0.472596
0.456965
0.510218
0.484379
0.487381
0.513378
0.344533
0.333341
0.363529
0.393189
0.258239
0.233275
0.320263
0.298731
0.234103
0.208947
0.24301
0.230152
0.367883
0.388747
0.331486
0.396125
0.419109
0.403335
0.368754
0.364634
0.339123
0.344256
0.319048
0.320622
0.358151
0.337206
0.16745
0.162415
0.150266
0.134178
0.123483
0.123905
0.32073
0.318355
0.181121
0.228321
0.216195
0.201941
0.224113
0.189937
0.201751
0.213858
0.169732
0.178829
0.253896
0.236165
0.349239
0.321742
0.38029
0.349391
0.461052
0.439288
0.0136234
0.041645
0.0509506
0.0480493
0.0649546
0.0853289
0.106025
0.108673
0.0895951
0.0997487
0.109683
0.129803
0.130957
0.119029
0.140366
0.146929
0.149844
0.171447
0.191249
0.204516
0.152105
0.121691
0.236837
0.249998
0.146451
0.142167
0.184009
0.163292
0.212351
0.199573
0.227847
0.247637
0.242864
0.209954
0.325858
0.317319
0.18022
0.197425
0.216092
0.209589
0.214833
0.203532
0.191955
0.172916
0.169704
0.179953
0.158609
0.191874
0.157044
0.170825
0.181751
0.195117
0.235392
0.267714
0.264515
0.27709
0.294156
0.314365
0.235938
0.226409
0.271319
0.249114
0.213109
0.203049
0.18674
0.208371
0.326661
0.342598
0.335037
0.301575
0.28868
0.273544
0.305121
0.312083
0.268709
0.290506
0.274977
0.260342
0.283961
0.274403
0.265305
0.286877
0.311585
0.302453
0.329149
0.309145
0.334929
0.343313
0.308608
0.324291
0.365664
0.335811
0.42584
0.445422
0.255047
0.278341
0.257089
0.263155
0.288363
0.264774
0.259634
0.271698
0.285708
0.296467
0.320948
0.294942
0.294717
0.31923
0.404584
0.412814
0.443427
0.416476
0.368166
0.393858
0.407156
0.403258
0.285218
0.300157
0.272945
0.297892
0.347809
0.321669
0.310153
0.321778
0.342478
0.354862
0.139159
0.162984
0.170286
0.134686
0.154384
0.16625
0.177361
0.20265
0.213905
0.244012
0.213015
0.23996
0.11944
0.107486
0.122372
0.0826539
0.130467
0.153373
0.0885651
0.107276
0.141545
0.155022
0.166992
0.177648
0.170472
0.13027
0.159015
0.171646
0.239198
0.23518
0.221167
0.205416
0.198671
0.210623
0.229874
0.254415
0.272815
0.264299
0.208171
0.183478
0.218469
0.219406
0.249587
0.227796
0.394407
0.38554
0.371105
0.348397
0.339608
0.370082
0.394217
0.421265
0.0915645
0.116919
0.106903
0.0942994
0.124964
0.102374
0.328498
0.296052
0.339757
0.32671
0.34184
0.380454
0.379836
0.384039
0.340543
0.341755
0.359018
0.356695
0.382629
0.357986
0.346404
0.344952
0.387497
0.360735
0.386155
0.358178
0.3445
0.347039
0.292249
0.330151
0.4987
0.474129
0.476562
0.510428
0.469785
0.463701
0.448034
0.422652
0.356288
0.393794
0.321761
0.322446
0.0973079
0.131961
0.128224
0.116184
0.140857
0.159285
0.350787
0.36205
0.16254
0.141043
0.374963
0.343399
0.382165
0.36475
0.348293
0.335298
0.393393
0.373857
0.360562
0.35396
0.318053
0.34488
0.373672
0.408665
0.402768
0.415622
0.395167
0.430464
0.393637
0.385137
0.278848
0.270267
0.279641
0.30549
0.259604
0.245792
0.291255
0.33014
0.455544
0.458836
0.416008
0.445452
0.336819
0.310453
