# bob_500f_1
# Number of vertices: 1000, Number of faces: 2000
# Preprocessing time: 1.42305
# Query time: 0.000148458
0.242503
0.316634
0.223684
0.309256
0.0610899
0.32108
0.267486
0.281331
0.227024
0.222607
0.293277
0.130075
0.121569
0.205269
0.20234
0.284199
0.36389
0.339549
0.163499
0.194725
0.257529
0.267795
0.31557
0.412344
0.388119
0.189565
0.24414
0.219356
0.309175
0.361513
0.360539
0.406789
0.428014
0.293358
0.270815
0.284965
0.315152
0.381405
0.423584
0.457784
0.473124
0.348332
0.323271
0.319866
0.3714
0.360141
0.407004
0.443997
0.527433
0.509029
0.371931
0.362115
0.409736
0.40125
0.452583
0.474337
0.486864
0.4935
0.54245
0.51084
0.31313
0.349821
0.335928
0.378999
0.409849
0.44722
0.284715
0.28766
0.348043
0.355807
0.403009
0.459878
0.389445
0.200514
0.249912
0.310112
0.367619
0.277239
0.307195
0.349212
0.170623
0.160092
0.221202
0.204225
0.267683
0.308135
0.311423
0.215423
0.173735
0.233051
0.266522
0.269238
0.308064
0.234672
0.286928
0.281252
0.361213
0.359587
0.464568
0.433584
0
0.0504168
0.0481223
0.112112
0.0579522
0.0975952
0.155151
0.183082
0.242394
0.0998342
0.171631
0.227455
0.254885
0.114954
0.108308
0.172269
0.139857
0.161587
0.2285
0.197142
0.266736
0.331234
0.186646
0.329519
0.356132
0.246988
0.211416
0.229921
0.260381
0.21467
0.263867
0.288948
0.356628
0.3898
0.256817
0.298518
0.298048
0.306449
0.328841
0.333643
0.372376
0.415681
0.413219
0.265858
0.25623
0.30573
0.259913
0.327177
0.310157
0.366523
0.398485
0.221871
0.280949
0.257514
0.354795
0.177812
0.169051
0.218562
0.252005
0.129087
0.120892
0.160307
0.199396
0.208955
0.251061
0.0702895
0.0854269
0.115884
0.136678
0.164557
0.209522
0.259049
0.121339
0.15556
0.183081
0.175137
0.211638
0.250467
0.201266
0.247784
0.302624
0.28131
0.393741
0.372324
0.298718
0.301695
0.137188
0.0937089
0.340982
0.342355
0.383763
0.50214
0.515422
0.348275
0.452873
0.460386
0.278672
0.405874
0.365933
0.166183
0.129517
0.317716
0.357319
0.134471
0.192982
0.193085
0.22546
0.333306
0.391295
0.413506
0.372379
0.393354
0.473107
0.392655
0.279048
0.31724
0.416726
0.443736
0.482942
0.354116
0.295172
0.450924
0.283169
0.402831
0.220297
0.218744
0.32876
0.223996
0.164648
0.316542
0.123014
0.318639
0.0772701
0.0710381
0.264456
0.243842
0.180153
0.277224
0.269018
0.337662
0.293384
0.339696
0.381414
0.349891
0.352358
0.343211
0.373564
0.427958
0.377843
0.432245
0.162593
0.124903
0.163311
0.186117
0.199949
0.17161
0.22972
0.208539
0.279143
0.293021
0.262738
0.324709
0.33132
0.323801
0.198352
0.164777
0.238532
0.203151
0.239461
0.302441
0.322062
0.333738
0.317731
0.343734
0.162181
0.148225
0.173835
0.20202
0.189831
0.208358
0.223861
0.238796
0.232813
0.262676
0.288745
0.284379
0.311252
0.292664
0.333212
0.336766
0.385655
0.361678
0.393361
0.399734
0.382616
0.178988
0.209184
0.200864
0.239934
0.217801
0.251737
0.228127
0.245419
0.286373
0.291838
0.266311
0.3365
0.308047
0.333344
0.369837
0.350256
0.358132
0.433794
0.408742
0.419739
0.383507
0.470257
0.454952
0.447043
0.431435
0.408054
0.275252
0.265515
0.295126
0.296516
0.300801
0.316194
0.316137
0.340182
0.340454
0.367412
0.401601
0.393079
0.436945
0.410477
0.459202
0.448816
0.485074
0.488085
0.481904
0.351068
0.36392
0.335627
0.341501
0.344174
0.368253
0.361733
0.348773
0.396991
0.380925
0.409686
0.42864
0.431839
0.42456
0.413087
0.448522
0.455178
0.474971
0.52148
0.497277
0.501034
0.526354
0.522901
0.326127
0.356846
0.340886
0.338076
0.366788
0.355083
0.416006
0.38979
0.401219
0.507992
0.484032
0.497641
0.468428
0.460844
0.430822
0.447047
0.524758
0.53146
0.549155
0.519438
0.504109
0.527146
0.505584
0.297433
0.272143
0.296828
0.317053
0.309442
0.328872
0.379531
0.365776
0.425882
0.401292
0.451989
0.478253
0.427839
0.494138
0.436158
0.431219
0.402534
0.44861
0.467105
0.28171
0.254795
0.259612
0.315737
0.323856
0.344704
0.363016
0.349284
0.326592
0.375725
0.375503
0.39546
0.423807
0.415987
0.187492
0.190585
0.208762
0.264562
0.233446
0.293689
0.278903
0.290752
0.266597
0.293679
0.312672
0.326922
0.334381
0.356219
0.371612
0.390054
0.14816
0.164211
0.149482
0.189259
0.183342
0.208783
0.254514
0.274423
0.251669
0.286219
0.187487
0.208539
0.232784
0.253039
0.279152
0.275575
0.331173
0.340232
0.307511
0.263755
0.281165
0.252767
0.242168
0.264088
0.241775
0.293709
0.3098
0.287476
0.216086
0.238168
0.217202
0.254761
0.257652
0.272962
0.288579
0.298084
0.280324
0.303947
0.307422
0.26098
0.310199
0.2868
0.333479
0.332759
0.32378
0.353255
0.384726
0.389906
0.410579
0.361348
0.392012
0.397417
0.390842
0.486755
0.480116
0.462552
0.447903
0.445014
0.429058
0.41098
0.418966
0.416384
0.435724
0.0541067
0.0257145
0.0383276
0.0364806
0.0674124
0.0289689
0.0503486
0.0666647
0.0757125
0.0696006
0.0841189
0.248217
0.235393
0.222362
0.077604
0.0494613
0.0713846
0.0864889
0.108197
0.125612
0.102829
0.131983
0.164476
0.201967
0.187321
0.202032
0.17183
0.23176
0.211526
0.260877
0.258346
0.0342001
0.0363309
0.0624942
0.114598
0.119931
0.0913736
0.133187
0.153242
0.168449
0.187277
0.222317
0.213099
0.0842378
0.0880451
0.114877
0.130529
0.149989
0.256881
0.29234
0.29325
0.286538
0.324572
0.146556
0.177866
0.142129
0.197494
0.190708
0.219572
0.23995
0.244882
0.298934
0.320845
0.297673
0.338488
0.360453
0.342587
0.235478
0.233472
0.251747
0.257357
0.249197
0.237896
0.221716
0.243257
0.23815
0.258984
0.280212
0.286796
0.314566
0.295334
0.307843
0.276921
0.345549
0.374043
0.360468
0.370137
0.344431
0.40095
0.380095
0.417817
0.43431
0.272563
0.297712
0.2775
0.281787
0.280791
0.262243
0.298086
0.392642
0.388185
0.3722
0.427734
0.414902
0.437142
0.39247
0.390815
0.401846
0.241399
0.236662
0.257008
0.23878
0.250776
0.263421
0.303399
0.29068
0.312707
0.353999
0.329536
0.348481
0.343927
0.369089
0.316155
0.336901
0.353545
0.374906
0.377072
0.273555
0.252416
0.242303
0.216499
0.198718
0.195407
0.216148
0.244082
0.242862
0.21873
0.265574
0.251999
0.236355
0.192833
0.190402
0.169597
0.165289
0.18706
0.191787
0.206107
0.17933
0.254935
0.288044
0.286494
0.102624
0.12254
0.0962224
0.14632
0.144175
0.14045
0.117009
0.135457
0.137703
0.155727
0.178389
0.188998
0.202554
0.252058
0.226446
0.227734
0.284678
0.281382
0.206552
0.185281
0.227129
0.255464
0.0988825
0.113153
0.0904133
0.137705
0.167443
0.145762
0.198432
0.182221
0.228232
0.217245
0.176607
0.159494
0.18674
0.147385
0.134433
0.201085
0.213485
0.227787
0.237494
0.246294
0.269721
0.269599
0.296636
0.275422
0.324498
0.320468
0.293858
0.316165
0.347643
0.424337
0.402567
0.392033
0.384396
0.411301
0.367495
0.354174
0.416025
0.435781
0.0898964
0.0775229
0.295713
0.324716
0.369808
0.363304
0.389589
0.52495
0.345964
0.380959
0.357753
0.364011
0.324
0.0992448
0.12585
0.107162
0.323416
0.335394
0.303998
0.319925
0.328876
0.305603
0.340165
0.361277
0.332875
0.167299
0.193518
0.171447
0.193518
0.211623
0.187514
0.302421
0.280038
0.308879
0.253602
0.337365
0.413518
0.401823
0.372253
0.38803
0.386878
0.476824
0.514219
0.506235
0.451335
0.451072
0.269756
0.27277
0.276061
0.0489745
0.0700138
0.0784886
0.28837
0.271453
0.292389
0.329298
0.322937
0.295598
0.466941
0.447919
0.458983
0.474569
0.248967
0.279022
0.219751
0.190851
0.145672
0.166844
0.283806
0.283963
0.0995023
0.123563
0.233225
0.256967
0.243704
0.267449
0.27875
0.257003
0.284782
0.235585
0.204173
0.255083
0.300202
0.317163
0.285231
0.260025
0.276673
0.248541
0.321636
0.324176
0.321633
0.346715
0.349019
0.349237
0.372253
0.369472
0.358799
0.369362
0.165311
0.143162
0.24588
0.315644
0.125642
0.146011
0.175814
0.272304
0.347728
0.362768
0.153555
0.383511
0.265685
0.284896
0.308085
0.32054
0.364098
0.388248
0.383685
0.388452
0.433547
0.466078
0.506738
0.376143
0.316322
0.379285
0.358752
0.39547
0.422904
0.40393
0.435045
0.472481
0.464297
0.482295
0.485383
0.338097
0.377064
0.249465
0.313819
0.219826
0.235761
0.340891
0.377842
0.403308
0.343781
0.353809
0.302503
0.331507
0.164837
0.141564
0.12213
0.30586
0.221501
0.194096
0.196246
0.220205
0.174509
0.246663
0.332276
0.371023
0.450602
0.0293509
0.0494308
0.0757194
0.0977259
0.103619
0.120696
0.124006
0.144506
0.157275
0.194742
0.137965
0.244031
0.147098
0.180681
0.211801
0.240463
0.230241
0.321119
0.208098
0.199083
0.214353
0.192437
0.167917
0.192101
0.17363
0.199807
0.257917
0.276065
0.309229
0.233536
0.26518
0.215728
0.206101
0.33953
0.323522
0.30096
0.312922
0.287558
0.279643
0.293555
0.290164
0.322214
0.335019
0.349582
0.318582
0.358648
0.433006
0.276343
0.268143
0.280865
0.267444
0.293393
0.308737
0.306699
0.406023
0.426409
0.37547
0.399831
0.290501
0.284494
0.331695
0.311103
0.345828
0.154411
0.147881
0.172355
0.194642
0.227311
0.225035
0.123192
0.0970643
0.145189
0.0982281
0.146579
0.170806
0.147161
0.174159
0.228455
0.199075
0.221951
0.260459
0.243836
0.20033
0.224401
0.243631
0.388739
0.356975
0.352884
0.406851
0.103864
0.0995477
0.114866
0.307176
0.328927
0.357299
0.351674
0.353539
0.360301
0.367108
0.337844
0.365164
0.37216
0.348646
0.316735
0.48215
0.48257
0.455501
0.427963
0.371068
0.314418
0.131937
0.107489
0.15171
0.353438
0.155158
0.367525
0.370892
0.346858
0.369409
0.343475
0.321633
0.384387
0.368489
0.3892
0.386227
0.273464
0.286143
0.253829
0.314516
0.451238
0.424552
0.314359
