# bob_500f_1
# Number of vertices: 1000, Number of faces: 2000
# Preprocessing time: 0.00149908
# Query time: 3.21773
0.261109
0.3239
0.227501
0.316249
0.0610899
0.326871
0.271503
0.284623
0.23175
0.223191
0.298099
0.134003
0.123792
0.209706
0.205067
0.288905
0.368939
0.346952
0.168166
0.197343
0.261205
0.272251
0.321571
0.417421
0.397246
0.193349
0.248631
0.224023
0.314126
0.367291
0.367038
0.413235
0.437396
0.29921
0.275561
0.289552
0.319334
0.388004
0.430482
0.460819
0.477846
0.357759
0.331053
0.325042
0.374112
0.362947
0.411526
0.450006
0.534519
0.511396
0.378956
0.369161
0.412589
0.410899
0.457938
0.48306
0.493671
0.504047
0.552429
0.524521
0.319534
0.355049
0.339271
0.386007
0.417255
0.455201
0.292895
0.295697
0.352728
0.362438
0.410904
0.473804
0.400375
0.205425
0.25316
0.316246
0.385028
0.282461
0.320352
0.370601
0.171701
0.165787
0.225834
0.209435
0.280839
0.328252
0.327468
0.219563
0.177802
0.238727
0.272367
0.276057
0.315518
0.240913
0.310858
0.290214
0.368233
0.367881
0.471681
0.442723
0
0.0504168
0.0481536
0.11291
0.0583312
0.100977
0.159882
0.189322
0.249048
0.103688
0.172673
0.233147
0.26183
0.119047
0.10831
0.173019
0.143767
0.168125
0.231944
0.201507
0.267621
0.338409
0.188372
0.331175
0.362192
0.250834
0.216546
0.233058
0.264829
0.221164
0.271247
0.293291
0.360904
0.393041
0.26046
0.30416
0.298349
0.312317
0.331935
0.347032
0.386321
0.418537
0.424547
0.268591
0.257134
0.313362
0.267564
0.341107
0.320816
0.375818
0.40953
0.22716
0.294271
0.269892
0.366477
0.178046
0.173702
0.227182
0.26065
0.12924
0.125648
0.168532
0.211691
0.216219
0.263008
0.0702958
0.0875258
0.122161
0.142369
0.171182
0.218327
0.267913
0.121857
0.160832
0.187531
0.175661
0.217519
0.25314
0.2071
0.256239
0.311575
0.287529
0.402389
0.379374
0.308151
0.308472
0.141318
0.096254
0.349136
0.350815
0.392257
0.512318
0.530152
0.355866
0.464445
0.475414
0.28663
0.419797
0.378141
0.170348
0.130049
0.325791
0.365017
0.139829
0.198831
0.199046
0.24967
0.348115
0.399806
0.42189
0.393101
0.422301
0.482693
0.401383
0.286656
0.323064
0.422788
0.451459
0.493327
0.358672
0.299384
0.460317
0.287067
0.41392
0.224838
0.219183
0.337694
0.228625
0.168778
0.32909
0.126546
0.329387
0.0773835
0.07147
0.272241
0.249855
0.184089
0.284844
0.270103
0.338967
0.300042
0.347674
0.389189
0.356136
0.360807
0.35066
0.391566
0.437834
0.384648
0.439538
0.165301
0.128686
0.166901
0.191931
0.206246
0.177978
0.235738
0.22761
0.296141
0.302273
0.269867
0.332317
0.338513
0.333054
0.201657
0.167141
0.24107
0.206765
0.243732
0.308243
0.327108
0.339483
0.325316
0.353347
0.165994
0.152202
0.177845
0.20603
0.194497
0.212084
0.227051
0.242459
0.236366
0.266948
0.293216
0.289801
0.317515
0.298486
0.340267
0.342696
0.391874
0.36774
0.398843
0.409465
0.391578
0.184452
0.214647
0.20657
0.245705
0.222292
0.256072
0.232218
0.250102
0.290476
0.295618
0.269978
0.342864
0.313893
0.338684
0.375487
0.355056
0.365186
0.44013
0.415174
0.428878
0.390006
0.475477
0.459503
0.455715
0.436828
0.414978
0.280259
0.271099
0.299872
0.301523
0.30712
0.32282
0.320146
0.344191
0.343958
0.373081
0.407729
0.397385
0.441669
0.416854
0.466422
0.456647
0.486862
0.49458
0.492462
0.358284
0.370987
0.342408
0.344589
0.347572
0.374166
0.36691
0.353459
0.402684
0.386396
0.412758
0.434432
0.434713
0.4301
0.419699
0.455532
0.462039
0.482775
0.52459
0.503283
0.511188
0.535886
0.533141
0.332638
0.364001
0.34707
0.343928
0.372275
0.362012
0.422963
0.398403
0.410853
0.516309
0.492011
0.502143
0.479218
0.467726
0.439388
0.453796
0.540296
0.545052
0.552037
0.529642
0.519539
0.542669
0.520448
0.304112
0.278598
0.302841
0.323466
0.315315
0.334558
0.389425
0.373565
0.433726
0.409798
0.462493
0.491993
0.438433
0.507217
0.451704
0.445053
0.415487
0.461463
0.481028
0.28723
0.260121
0.264312
0.324584
0.332523
0.354612
0.367213
0.357179
0.331989
0.384237
0.381798
0.405966
0.437397
0.433091
0.189853
0.19475
0.2134
0.270039
0.238356
0.302566
0.286352
0.296822
0.272727
0.301072
0.320566
0.346306
0.347972
0.376183
0.384883
0.403164
0.148594
0.167893
0.151344
0.192293
0.187878
0.212031
0.259174
0.281794
0.259964
0.299375
0.192328
0.214831
0.242229
0.271893
0.298882
0.295289
0.341611
0.35024
0.317498
0.269471
0.287339
0.2588
0.247727
0.270352
0.245469
0.301
0.317403
0.294352
0.221099
0.245956
0.224527
0.273163
0.263916
0.279403
0.295732
0.304175
0.301565
0.31794
0.329785
0.285189
0.315761
0.293078
0.341202
0.339222
0.330862
0.360631
0.391118
0.397744
0.419159
0.369309
0.400176
0.414597
0.396056
0.497199
0.490328
0.470498
0.456308
0.453623
0.438025
0.419945
0.427689
0.423501
0.442974
0.0578096
0.0257145
0.0383276
0.0364806
0.0692188
0.0289689
0.0538266
0.0693395
0.0794163
0.072283
0.088735
0.256112
0.243997
0.229418
0.0811826
0.0535813
0.076321
0.0872992
0.110466
0.130431
0.106248
0.135385
0.168106
0.206182
0.192388
0.207338
0.177089
0.237614
0.217767
0.266394
0.265064
0.0342001
0.0363309
0.0646501
0.121222
0.123785
0.0962946
0.135456
0.15603
0.172237
0.190428
0.223359
0.218486
0.0842401
0.0908074
0.117639
0.133358
0.153997
0.261931
0.298145
0.299506
0.293683
0.331897
0.149538
0.181035
0.143849
0.203784
0.197638
0.224496
0.245674
0.251059
0.299812
0.32338
0.302499
0.343416
0.368172
0.350021
0.239301
0.23511
0.255856
0.264411
0.252559
0.245173
0.225607
0.247074
0.243843
0.267318
0.286646
0.292525
0.321762
0.300347
0.311697
0.279787
0.34584
0.376934
0.362014
0.376019
0.348318
0.407721
0.387825
0.423537
0.442822
0.276672
0.301214
0.280581
0.285126
0.282342
0.265542
0.303324
0.405637
0.390256
0.376348
0.434011
0.424552
0.448338
0.402144
0.402311
0.406238
0.240545
0.238131
0.257586
0.241721
0.256201
0.267058
0.309914
0.29733
0.31946
0.366411
0.342037
0.362438
0.356273
0.381715
0.330264
0.346874
0.363735
0.386077
0.388399
0.275992
0.257264
0.244554
0.218954
0.199156
0.198335
0.219619
0.252193
0.25035
0.225789
0.278022
0.26148
0.247867
0.195301
0.194783
0.171123
0.172266
0.19568
0.198764
0.216723
0.189828
0.265018
0.297046
0.295624
0.10265
0.124703
0.0987036
0.147726
0.14795
0.147106
0.122452
0.14294
0.144844
0.16527
0.188956
0.196217
0.212955
0.259955
0.234259
0.235645
0.293448
0.293303
0.214601
0.194268
0.238171
0.266137
0.0994003
0.116115
0.0934882
0.141843
0.172707
0.150213
0.203804
0.188049
0.233885
0.222335
0.182363
0.161856
0.188418
0.147903
0.137184
0.201669
0.214155
0.232515
0.238573
0.253349
0.272343
0.277106
0.305313
0.284871
0.332168
0.326687
0.301396
0.322437
0.35406
0.432561
0.41033
0.399058
0.392162
0.419946
0.376155
0.361282
0.423144
0.442813
0.0936143
0.0797464
0.303321
0.335093
0.378544
0.371392
0.397577
0.534929
0.35875
0.393796
0.370459
0.376559
0.334755
0.101622
0.127852
0.107665
0.331125
0.342306
0.310881
0.327054
0.335295
0.311777
0.347443
0.369522
0.341314
0.173601
0.200471
0.17696
0.217764
0.217222
0.193229
0.309148
0.300116
0.328681
0.270619
0.358383
0.436293
0.411828
0.402384
0.411994
0.393386
0.487119
0.52389
0.516529
0.460597
0.460963
0.277444
0.279423
0.285467
0.0529525
0.0723393
0.0824914
0.295505
0.277145
0.299153
0.336487
0.32899
0.303228
0.474496
0.458305
0.470257
0.483554
0.25399
0.284606
0.224485
0.195583
0.149665
0.170634
0.294287
0.296109
0.103487
0.12611
0.238751
0.263182
0.250167
0.274108
0.285598
0.263282
0.291061
0.240417
0.208905
0.259921
0.301521
0.318748
0.286822
0.261617
0.280161
0.25191
0.328966
0.333653
0.348685
0.373666
0.36635
0.357134
0.380141
0.376377
0.374801
0.376267
0.169748
0.147239
0.250319
0.320838
0.129495
0.149984
0.179592
0.276731
0.353595
0.373392
0.158201
0.390724
0.271457
0.29064
0.313829
0.328994
0.368503
0.390682
0.388903
0.391512
0.439981
0.4718
0.514073
0.383216
0.324281
0.38567
0.367005
0.399554
0.433843
0.412898
0.442494
0.478329
0.471494
0.497948
0.500921
0.346134
0.386063
0.255871
0.319452
0.224362
0.2424
0.351619
0.391432
0.420333
0.355989
0.365639
0.32199
0.351379
0.167828
0.144375
0.125009
0.325348
0.22769
0.198238
0.201934
0.225906
0.180107
0.253035
0.340099
0.380047
0.457941
0.0293509
0.0528545
0.0793195
0.103106
0.108887
0.125229
0.129273
0.149729
0.163028
0.202145
0.138981
0.250297
0.149203
0.185029
0.21592
0.244828
0.233392
0.328554
0.212438
0.202689
0.218291
0.195098
0.174723
0.198837
0.176458
0.202536
0.261847
0.278619
0.313155
0.23726
0.269017
0.222807
0.209568
0.345195
0.328187
0.305204
0.315285
0.288802
0.285795
0.296707
0.293986
0.33032
0.342774
0.353363
0.330627
0.363641
0.443051
0.278447
0.273466
0.288515
0.278818
0.305476
0.322034
0.319147
0.415149
0.436707
0.384404
0.408774
0.304431
0.296299
0.341765
0.321152
0.356278
0.154645
0.15055
0.175283
0.199862
0.239687
0.235435
0.12579
0.100123
0.149841
0.102581
0.151877
0.175953
0.150748
0.177522
0.236061
0.206895
0.230041
0.268019
0.249729
0.203184
0.226221
0.24485
0.394556
0.36408
0.359485
0.414056
0.107562
0.103401
0.118653
0.314716
0.336418
0.365151
0.362376
0.360853
0.369332
0.374963
0.343696
0.372169
0.380812
0.355872
0.321831
0.491076
0.495111
0.469614
0.439405
0.381823
0.327204
0.135625
0.111529
0.157305
0.35982
0.159834
0.370687
0.379842
0.35085
0.378426
0.352372
0.328475
0.394375
0.395138
0.415417
0.393341
0.278178
0.294353
0.257382
0.32057
0.460633
0.433876
0.320868
