# bob_500f_1
# Number of vertices: 1000, Number of faces: 2000
# Preprocessing time: 0
# Query time: 0.00680642
0.253471
0.314315
0.2223
0.306438
0.0610683
0.323057
0.264171
0.281926
0.227673
0.219918
0.28707
0.130075
0.121562
0.204562
0.201843
0.282313
0.362127
0.341136
0.163326
0.194969
0.257171
0.264936
0.313217
0.410557
0.386421
0.187741
0.242485
0.219079
0.307337
0.358894
0.357762
0.403799
0.426316
0.292292
0.270086
0.279008
0.314862
0.381226
0.419117
0.451018
0.466521
0.347823
0.320736
0.319326
0.367635
0.357866
0.404975
0.442812
0.523432
0.505261
0.365633
0.361637
0.406025
0.393943
0.447138
0.471759
0.48198
0.492947
0.536349
0.514567
0.309383
0.335085
0.327918
0.375217
0.405883
0.449582
0.27593
0.285229
0.34182
0.350139
0.409006
0.466506
0.390995
0.198944
0.243172
0.308534
0.375543
0.275496
0.313055
0.36151
0.165756
0.160044
0.219689
0.204474
0.27409
0.31924
0.318957
0.212581
0.171034
0.232216
0.264486
0.26732
0.305192
0.23282
0.304379
0.282318
0.357853
0.356989
0.456502
0.432574
0
0.0504004
0.0480509
0.110439
0.0577386
0.0970237
0.15476
0.182062
0.240633
0.0994465
0.169378
0.226122
0.252792
0.114936
0.108105
0.165223
0.138641
0.16022
0.231712
0.19787
0.263019
0.332255
0.184161
0.325799
0.357208
0.242614
0.207509
0.225921
0.259453
0.22165
0.265049
0.288345
0.356154
0.386882
0.250874
0.294432
0.289541
0.301784
0.326221
0.332863
0.367541
0.401969
0.4052
0.263238
0.253343
0.301722
0.258473
0.3224
0.299116
0.350775
0.391215
0.221571
0.280205
0.253036
0.347589
0.176796
0.168794
0.216616
0.24411
0.12865
0.120863
0.158748
0.19811
0.201454
0.24968
0.0701472
0.0835067
0.113918
0.135185
0.156903
0.209241
0.257113
0.120278
0.155556
0.182975
0.172633
0.21139
0.24219
0.198587
0.247502
0.304299
0.280626
0.391696
0.373283
0.296431
0.298165
0.137026
0.0929372
0.339875
0.341528
0.383046
0.495334
0.5099
0.346687
0.446301
0.456112
0.278072
0.407077
0.367265
0.164417
0.129075
0.317695
0.357767
0.134396
0.192703
0.192265
0.243399
0.34023
0.389685
0.410564
0.386846
0.413854
0.471541
0.391647
0.27745
0.312622
0.414114
0.440773
0.483799
0.352604
0.299387
0.443195
0.280731
0.395794
0.219582
0.217873
0.32051
0.219774
0.163972
0.314413
0.122996
0.318295
0.0770401
0.070685
0.264666
0.244682
0.178013
0.278365
0.266255
0.329995
0.29444
0.34197
0.380334
0.348273
0.35217
0.344193
0.385009
0.427471
0.374207
0.426295
0.162237
0.123626
0.16071
0.185091
0.199949
0.171609
0.22972
0.221046
0.288004
0.296367
0.263962
0.319277
0.323879
0.327136
0.198346
0.16491
0.236103
0.200284
0.237276
0.301475
0.320515
0.33265
0.315929
0.340899
0.161032
0.147797
0.17343
0.201559
0.189614
0.208075
0.22395
0.238168
0.232651
0.26232
0.286127
0.284101
0.307985
0.290305
0.33024
0.333764
0.38434
0.360599
0.391795
0.398708
0.383552
0.178838
0.208701
0.200071
0.239484
0.216638
0.251084
0.227255
0.244973
0.286004
0.291133
0.265499
0.3363
0.307879
0.331764
0.368189
0.348752
0.355125
0.432549
0.407594
0.41871
0.380722
0.466489
0.457447
0.442728
0.427328
0.403792
0.274784
0.263616
0.294329
0.29604
0.296741
0.315619
0.315507
0.339551
0.339008
0.366447
0.40012
0.387534
0.430341
0.405882
0.455201
0.445429
0.478488
0.483729
0.480045
0.348112
0.363341
0.334813
0.337931
0.338319
0.364116
0.361099
0.34662
0.395486
0.380343
0.407639
0.427597
0.429367
0.422899
0.412596
0.448226
0.450708
0.471422
0.514918
0.493101
0.49779
0.518288
0.527138
0.323714
0.354026
0.335768
0.337306
0.36365
0.349909
0.409316
0.390766
0.398788
0.506907
0.486045
0.491474
0.468463
0.460636
0.429244
0.440925
0.524389
0.541759
0.545591
0.518269
0.512743
0.526096
0.50131
0.291277
0.26954
0.293989
0.30476
0.308706
0.319146
0.37307
0.363344
0.428938
0.398786
0.451315
0.482467
0.427565
0.497323
0.438937
0.425974
0.396834
0.449893
0.470832
0.280747
0.253746
0.25064
0.309277
0.322419
0.339502
0.363712
0.348483
0.322351
0.374146
0.370804
0.395915
0.434287
0.423911
0.182815
0.188777
0.206378
0.26213
0.231874
0.28851
0.275392
0.289265
0.263754
0.291923
0.311405
0.338728
0.340587
0.368358
0.370938
0.391046
0.142936
0.164079
0.148243
0.186582
0.181945
0.202043
0.253029
0.272811
0.251622
0.292392
0.1864
0.208492
0.236003
0.265324
0.291659
0.287067
0.328695
0.339184
0.305575
0.262818
0.280093
0.251636
0.239468
0.261442
0.237724
0.291761
0.307203
0.284567
0.213632
0.238129
0.218628
0.268638
0.255861
0.270981
0.286161
0.295734
0.296118
0.310196
0.323692
0.278864
0.307139
0.284099
0.330811
0.330722
0.322003
0.35073
0.381623
0.386678
0.408095
0.35842
0.389118
0.407335
0.390924
0.482884
0.473458
0.458072
0.445358
0.441209
0.425403
0.407331
0.417781
0.411715
0.43119
0.0541067
0.0257145
0.0383276
0.0364806
0.0674124
0.0289688
0.0503486
0.0666647
0.0755183
0.0696006
0.0841025
0.246167
0.233332
0.219606
0.0776039
0.0494613
0.0711706
0.0860147
0.107984
0.125604
0.102297
0.131309
0.163999
0.199874
0.187153
0.201341
0.171113
0.230162
0.210504
0.25892
0.257672
0.0342001
0.0363309
0.0624942
0.114367
0.118823
0.0904408
0.132965
0.152188
0.166724
0.18533
0.220064
0.212878
0.084091
0.0873152
0.113588
0.126171
0.144909
0.259792
0.291162
0.292316
0.286124
0.323236
0.145486
0.176949
0.138259
0.198339
0.196543
0.214492
0.234736
0.248195
0.294891
0.317209
0.298444
0.339313
0.358224
0.340458
0.229834
0.226425
0.245883
0.256724
0.245308
0.237463
0.217198
0.238359
0.24152
0.256789
0.277716
0.281716
0.317795
0.298953
0.305508
0.275992
0.339921
0.369771
0.355331
0.370799
0.342138
0.397074
0.377693
0.41376
0.431182
0.266682
0.29077
0.270883
0.276545
0.274527
0.256881
0.302483
0.385454
0.383517
0.373208
0.428553
0.40694
0.428765
0.385245
0.377567
0.401705
0.236973
0.235326
0.256276
0.238085
0.252634
0.263039
0.300199
0.286385
0.310045
0.350397
0.326059
0.343721
0.336044
0.361179
0.311676
0.323253
0.345598
0.367596
0.369052
0.271177
0.251675
0.239773
0.213879
0.197884
0.19492
0.215681
0.239157
0.240563
0.217505
0.262198
0.249803
0.234326
0.19123
0.189748
0.167221
0.164132
0.185134
0.19063
0.205264
0.178529
0.250047
0.279875
0.279517
0.102396
0.121699
0.0962224
0.143978
0.143529
0.139725
0.116481
0.134722
0.134038
0.154724
0.175425
0.181935
0.198876
0.243814
0.21928
0.22008
0.276778
0.278631
0.201525
0.186526
0.229381
0.255183
0.0984713
0.11222
0.0904133
0.137278
0.167425
0.145675
0.199599
0.181794
0.229577
0.217224
0.175635
0.154785
0.179376
0.145393
0.132074
0.198503
0.203826
0.222417
0.227856
0.243181
0.261368
0.266919
0.295292
0.277295
0.324027
0.319197
0.293273
0.315872
0.347027
0.42235
0.400623
0.392833
0.382614
0.409253
0.367081
0.355185
0.412196
0.431955
0.0898302
0.0775229
0.29091
0.322469
0.368052
0.359738
0.3845
0.517845
0.347095
0.383505
0.356358
0.358993
0.317144
0.098542
0.123849
0.106692
0.324255
0.336012
0.304838
0.318781
0.326674
0.304529
0.33772
0.358829
0.330918
0.16726
0.193443
0.17091
0.211599
0.210929
0.187392
0.304563
0.293665
0.322333
0.264297
0.353359
0.42935
0.404134
0.393384
0.405809
0.385519
0.47488
0.512427
0.504289
0.448892
0.449077
0.26599
0.270628
0.27456
0.0489745
0.0700138
0.0784572
0.287263
0.269275
0.291541
0.335917
0.321553
0.297134
0.462487
0.448794
0.451157
0.465637
0.24712
0.277834
0.219143
0.190243
0.145203
0.165612
0.283131
0.28651
0.0995023
0.121423
0.233435
0.256945
0.243598
0.26859
0.279589
0.25812
0.285826
0.233372
0.203962
0.25427
0.296356
0.30751
0.275751
0.250554
0.277261
0.247736
0.318501
0.324851
0.341706
0.36662
0.360532
0.348637
0.371623
0.367921
0.368098
0.368677
0.164764
0.142068
0.245103
0.314937
0.125583
0.14594
0.17558
0.270373
0.345842
0.360149
0.15278
0.38024
0.265176
0.284256
0.307144
0.320279
0.363529
0.384061
0.382856
0.386588
0.433935
0.462358
0.50261
0.373178
0.315722
0.364496
0.349963
0.389003
0.417521
0.398397
0.42927
0.471175
0.460331
0.477049
0.486754
0.335666
0.371531
0.247341
0.307462
0.217394
0.232616
0.341347
0.384051
0.412375
0.345294
0.353134
0.314679
0.342591
0.16272
0.139267
0.12023
0.316599
0.220517
0.191471
0.194345
0.217787
0.17323
0.244831
0.329325
0.371298
0.445659
0.0293509
0.0494308
0.0755297
0.0974125
0.105592
0.119784
0.125251
0.143933
0.155829
0.193248
0.136431
0.24382
0.144614
0.180248
0.210747
0.240917
0.231281
0.319026
0.207734
0.197735
0.209979
0.187122
0.167574
0.191135
0.169272
0.195449
0.255836
0.276962
0.309199
0.232299
0.260806
0.215103
0.203617
0.338891
0.323911
0.29834
0.310233
0.286686
0.278612
0.289554
0.289677
0.320018
0.334616
0.348644
0.316431
0.35645
0.422785
0.275008
0.262527
0.279267
0.265334
0.291446
0.307874
0.303301
0.394701
0.418922
0.36722
0.391581
0.285724
0.276835
0.323641
0.303208
0.34127
0.153524
0.147243
0.171952
0.194409
0.225153
0.221212
0.122557
0.0970643
0.144957
0.0978758
0.147053
0.170258
0.147122
0.173705
0.228661
0.199071
0.220978
0.260032
0.243226
0.199172
0.222144
0.241109
0.384574
0.354765
0.349054
0.401535
0.103864
0.0994921
0.114721
0.30548
0.326519
0.356623
0.354473
0.351892
0.359157
0.372989
0.336779
0.366741
0.371687
0.346799
0.314317
0.473714
0.475473
0.449979
0.421109
0.364141
0.315549
0.129466
0.106735
0.150524
0.349184
0.15442
0.36417
0.369548
0.340651
0.370419
0.344561
0.322773
0.386226
0.388057
0.409153
0.381609
0.27208
0.288078
0.252445
0.313705
0.442974
0.416311
0.315065
