# bob_500f_0
# Number of vertices: 250, Number of faces: 500
# Preprocessing time: 0.000155375
# Query time: 1.6167e-05
0.279626
0.325931
0.228743
0.322241
0.0606617
0.393528
0.343373
0.289506
0.240519
0.223004
0.306285
0.142506
0.123112
0.219474
0.204237
0.297868
0.378102
0.357669
0.174896
0.196834
0.261695
0.273844
0.330838
0.427818
0.416738
0.19407
0.249405
0.230917
0.322629
0.37559
0.376401
0.422781
0.456589
0.303155
0.282315
0.2949
0.319387
0.399975
0.442876
0.474341
0.515844
0.368209
0.332877
0.331385
0.391334
0.366107
0.419389
0.467361
0.573366
0.538071
0.3898
0.399722
0.42971
0.449658
0.466842
0.519005
0.50583
0.575225
0.598993
0.578599
0.363103
0.372055
0.373272
0.427489
0.43521
0.512043
0.307072
0.322095
0.370736
0.399089
0.467814
0.525476
0.442928
0.211294
0.275905
0.328306
0.413701
0.29699
0.347972
0.395816
0.172702
0.17929
0.240611
0.226798
0.308318
0.346805
0.348568
0.222033
0.180125
0.243062
0.277617
0.278016
0.325241
0.248942
0.316047
0.30014
0.378727
0.376408
0.496487
0.449508
0
0.0505793
0.0478934
0.112333
0.0578524
0.103044
0.163894
0.192666
0.251624
0.104122
0.172138
0.237206
0.270267
0.122445
0.107719
0.175937
0.144128
0.195118
0.278362
0.223405
0.311867
0.354478
0.26812
0.374454
0.428601
0.27571
0.220392
0.305375
0.294217
0.247927
0.33147
0.361783
0.423642
0.454139
0.265559
0.312841
0.33193
0.380473
0.417734
0.371233
0.443577
0.46377
0.48509
0.278247
0.269053
0.335782
0.289994
0.39846
0.356512
0.412772
0.440651
0.230248
0.318854
0.30157
0.396932
0.176347
0.177751
0.243917
0.268208
0.127729
0.129904
0.186112
0.240793
0.225207
0.283969
0.0693901
0.0897979
0.127842
0.145248
0.180226
0.232955
0.283616
0.121503
0.166325
0.187055
0.175499
0.226695
0.260813
0.218902
0.275912
0.33226
0.296881
0.418701
0.395559
0.323747
0.310728
0.141694
0.0964282
0.367652
0.361165
0.411886
0.538423
0.562318
0.382087
0.493793
0.511671
0.31248
0.442667
0.396253
0.180842
0.130052
0.336467
0.369094
0.144413
0.204325
0.204252
0.255012
0.357971
0.427121
0.432544
0.394292
0.437852
0.487721
0.409166
0.302646
0.327278
0.439705
0.500807
0.510505
0.369005
0.324249
0.493312
0.295066
0.440696
0.232308
0.217338
0.354258
0.238417
0.177006
0.342723
0.133326
0.347175
0.0774915
0.0712193
0.282271
0.251106
0.188857
0.296132
0.270156
0.338774
0.30137
0.349162
0.402118
0.365316
0.38569
0.363972
0.405202
0.453809
0.388773
0.44374
