# bob_500f_0
# Number of vertices: 250, Number of faces: 500
# Preprocessing time: 4.2e-08
# Query time: 0.00071175
0.25493
0.317586
0.225322
0.310733
0.0606617
0.322627
0.262945
0.278067
0.227211
0.222811
0.293745
0.131114
0.121921
0.207037
0.202625
0.28543
0.365639
0.343365
0.163691
0.195382
0.257789
0.26971
0.317739
0.413702
0.389764
0.189403
0.244536
0.219711
0.308424
0.36116
0.362959
0.408592
0.429559
0.294005
0.27106
0.283695
0.315293
0.381161
0.42315
0.455598
0.470838
0.350113
0.323245
0.319918
0.368587
0.357838
0.404584
0.441376
0.526999
0.508638
0.37147
0.362244
0.406878
0.400937
0.44972
0.472446
0.485543
0.49727
0.542478
0.513315
0.313393
0.346383
0.329989
0.377133
0.40896
0.450809
0.28598
0.288614
0.346539
0.352566
0.406815
0.467739
0.395497
0.200187
0.24949
0.311882
0.379136
0.279014
0.315435
0.363292
0.16975
0.162085
0.222635
0.203741
0.275782
0.321787
0.321908
0.214302
0.172393
0.233912
0.267694
0.26968
0.306979
0.236422
0.303288
0.283172
0.359066
0.359219
0.464768
0.436132
0
0.0505793
0.0478934
0.111528
0.0578524
0.0975566
0.156392
0.184015
0.242973
0.0998101
0.171324
0.228942
0.257004
0.116459
0.107719
0.170684
0.139409
0.161873
0.225539
0.19803
0.26489
0.333827
0.181812
0.327383
0.357469
0.248705
0.210267
0.224994
0.254621
0.213236
0.261059
0.288183
0.353588
0.387262
0.251089
0.291913
0.286518
0.299532
0.323055
0.333842
0.371663
0.411475
0.411855
0.262824
0.252328
0.304349
0.260004
0.326876
0.309293
0.363555
0.397732
0.221553
0.281972
0.258486
0.35464
0.176347
0.169056
0.217707
0.252218
0.127729
0.121389
0.159902
0.200226
0.209219
0.254962
0.0693901
0.0835342
0.115695
0.137954
0.164265
0.211626
0.260911
0.121503
0.158228
0.185013
0.175499
0.212947
0.24996
0.204556
0.249169
0.30385
0.283055
0.396418
0.374308
0.301364
0.302078
0.137424
0.093193
0.342209
0.346355
0.382393
0.504609
0.516676
0.348643
0.454703
0.463412
0.280014
0.410489
0.368858
0.168154
0.130052
0.321554
0.361921
0.135222
0.194256
0.194216
0.244602
0.339973
0.391134
0.412917
0.389169
0.413736
0.472529
0.39579
0.280955
0.318912
0.416608
0.445709
0.484219
0.352972
0.296389
0.448465
0.281931
0.405199
0.220897
0.216939
0.329801
0.225219
0.165629
0.320492
0.124185
0.320459
0.0774915
0.0712193
0.267991
0.246748
0.181246
0.279216
0.266468
0.333854
0.296817
0.344605
0.382277
0.351198
0.352887
0.347645
0.384546
0.43077
0.379949
0.434609
