# bob_500f_1
# Number of vertices: 1000, Number of faces: 2000
# Preprocessing time: 0.000884792
# Query time: 6.35e-05
0.28027
0.330533
0.232176
0.325766
0.0610899
0.392359
0.345345
0.293605
0.237788
0.223191
0.308521
0.143277
0.123906
0.220971
0.205254
0.30017
0.380204
0.360211
0.174634
0.197457
0.262276
0.275546
0.332496
0.430099
0.408779
0.194212
0.249494
0.230491
0.324591
0.378219
0.378073
0.424777
0.451335
0.305753
0.282032
0.296226
0.320528
0.401105
0.445642
0.47634
0.513129
0.371268
0.336201
0.331523
0.391553
0.367519
0.420864
0.468663
0.576248
0.540023
0.394183
0.400646
0.430505
0.450417
0.468447
0.52084
0.509584
0.57927
0.599336
0.575906
0.361808
0.370627
0.374001
0.428275
0.436856
0.519484
0.305511
0.322493
0.371957
0.399556
0.475758
0.526279
0.443071
0.211404
0.276206
0.328441
0.411439
0.293939
0.344994
0.396204
0.172711
0.1802
0.237312
0.227833
0.305481
0.347418
0.348726
0.22495
0.183187
0.24519
0.280563
0.282331
0.329472
0.249155
0.316806
0.300007
0.383112
0.381398
0.491596
0.45077
0
0.0504168
0.0481536
0.112922
0.0583312
0.102917
0.163975
0.192837
0.252563
0.104875
0.172685
0.237654
0.27072
0.123159
0.10831
0.176582
0.144954
0.193882
0.270935
0.2227
0.310941
0.354645
0.261811
0.37455
0.428612
0.278959
0.222341
0.306894
0.29488
0.248502
0.324157
0.354381
0.422991
0.455165
0.267914
0.315803
0.332848
0.370817
0.409596
0.369553
0.431352
0.457106
0.465857
0.28076
0.270982
0.337333
0.291482
0.386037
0.348575
0.404968
0.442904
0.233042
0.316766
0.293702
0.399169
0.178046
0.179455
0.241794
0.269503
0.12924
0.131
0.182919
0.231984
0.22536
0.283304
0.0702958
0.0897185
0.12785
0.145331
0.180323
0.233087
0.283018
0.121857
0.167764
0.189406
0.175661
0.226465
0.263054
0.220218
0.276548
0.33277
0.296474
0.419312
0.395735
0.321621
0.311986
0.141833
0.0965201
0.359573
0.364204
0.412999
0.534792
0.566931
0.371599
0.4962
0.508883
0.300512
0.44316
0.396479
0.177554
0.130049
0.337777
0.372
0.144441
0.204264
0.204428
0.255214
0.358949
0.430277
0.438229
0.397232
0.438238
0.494888
0.409384
0.294569
0.327714
0.441004
0.503413
0.513371
0.370772
0.323542
0.495522
0.295831
0.442742
0.231986
0.219183
0.355632
0.236642
0.175859
0.349431
0.131482
0.346548
0.0773835
0.07147
0.283297
0.253667
0.189008
0.294045
0.27106
0.34046
0.304165
0.351806
0.402304
0.365124
0.386722
0.356423
0.398821
0.458131
0.389309
0.444303
0.165488
0.131816
0.170301
0.209061
0.222614
0.194262
0.25213
0.246306
0.317307
0.318695
0.286288
0.343601
0.34236
0.349475
0.202541
0.167254
0.241775
0.210165
0.247315
0.314305
0.338373
0.345602
0.333597
0.365447
0.166826
0.154468
0.18011
0.208296
0.200966
0.217301
0.227396
0.247843
0.237949
0.271548
0.301436
0.297993
0.328664
0.30585
0.351718
0.353729
0.397993
0.373859
0.410576
0.43263
0.417229
0.188767
0.218963
0.212987
0.250021
0.223156
0.258338
0.234484
0.25657
0.29167
0.301002
0.275362
0.351812
0.322404
0.349149
0.387607
0.362849
0.376638
0.447527
0.421333
0.452635
0.401041
0.495951
0.472087
0.471866
0.449992
0.428714
0.282915
0.272488
0.306343
0.304179
0.311817
0.327733
0.325537
0.349582
0.347716
0.385052
0.423458
0.410064
0.458789
0.42994
0.490518
0.485738
0.50702
0.524142
0.522589
0.363999
0.37966
0.351082
0.368167
0.357816
0.388683
0.392435
0.364847
0.418818
0.393739
0.420641
0.444504
0.442879
0.449067
0.43637
0.475726
0.477236
0.511893
0.558968
0.540451
0.550108
0.567204
0.573347
0.36394
0.397469
0.387743
0.365543
0.395098
0.4
0.45686
0.447074
0.444667
0.543839
0.553453
0.521788
0.551386
0.520141
0.485791
0.482584
0.595597
0.614285
0.595717
0.582425
0.590293
0.590626
0.561773
0.336492
0.303705
0.334139
0.33785
0.336909
0.368352
0.428697
0.419913
0.498009
0.45483
0.52459
0.559161
0.500423
0.554268
0.480528
0.470768
0.440442
0.493026
0.51939
0.308824
0.281715
0.273955
0.347796
0.363952
0.378703
0.407605
0.385925
0.350507
0.429262
0.401027
0.462182
0.489222
0.473956
0.199062
0.201956
0.22266
0.296459
0.259391
0.325747
0.306856
0.309018
0.289042
0.320212
0.339706
0.365789
0.372613
0.395665
0.408103
0.429491
0.153107
0.175519
0.151569
0.198157
0.191564
0.221823
0.270652
0.300833
0.278078
0.324017
0.203589
0.232201
0.259999
0.290634
0.317636
0.314451
0.355236
0.362967
0.330225
0.275934
0.295102
0.266563
0.253258
0.279568
0.25171
0.307607
0.329793
0.305778
0.227666
0.257287
0.232386
0.28496
0.272913
0.284437
0.305089
0.309559
0.313577
0.327891
0.339253
0.290831
0.328619
0.30522
0.355378
0.353091
0.336913
0.373236
0.412484
0.413267
0.439388
0.383791
0.414248
0.422588
0.407684
0.507628
0.512768
0.480854
0.468455
0.462907
0.446617
0.428536
0.435695
0.429943
0.449666
0.0604456
0.0257145
0.0383276
0.0364806
0.0708856
0.0289689
0.057083
0.0705731
0.0827529
0.0735586
0.0944407
0.265783
0.25906
0.239089
0.0823693
0.0553
0.0781614
0.0872992
0.110823
0.134436
0.109606
0.138764
0.171485
0.210244
0.196481
0.211547
0.181298
0.24199
0.221281
0.27188
0.271577
0.0342001
0.0363309
0.0658292
0.123286
0.124971
0.0981504
0.135813
0.15668
0.179171
0.197539
0.243802
0.223091
0.0842401
0.0918498
0.118682
0.15602
0.165815
0.287892
0.329257
0.31334
0.301028
0.339786
0.15058
0.182078
0.146356
0.22889
0.223395
0.254815
0.279944
0.298181
0.343154
0.382757
0.361295
0.409767
0.403208
0.38487
0.246403
0.250277
0.272078
0.305249
0.326395
0.285788
0.287535
0.309693
0.272649
0.304384
0.327877
0.347144
0.390903
0.365917
0.383061
0.34114
0.39886
0.431339
0.410333
0.444846
0.407725
0.444224
0.422903
0.4693
0.471792
0.292894
0.318996
0.288622
0.348356
0.31556
0.328679
0.350158
0.440909
0.453506
0.445055
0.493079
0.466111
0.491167
0.443678
0.43224
0.474147
0.24966
0.247554
0.280936
0.253803
0.262332
0.279538
0.323481
0.310683
0.335586
0.404659
0.380197
0.407368
0.391118
0.41656
0.362582
0.375326
0.392117
0.41928
0.417299
0.288573
0.264418
0.257135
0.2248
0.199156
0.200721
0.224463
0.266824
0.261501
0.235284
0.298343
0.281167
0.265341
0.20068
0.20193
0.176502
0.181761
0.210292
0.208259
0.233348
0.206453
0.286987
0.309408
0.323555
0.10265
0.12916
0.101698
0.153105
0.154991
0.15635
0.12878
0.153535
0.151972
0.180153
0.206111
0.205358
0.23216
0.273422
0.243094
0.249099
0.306985
0.313625
0.22646
0.203767
0.25678
0.286516
0.0994003
0.11884
0.0958191
0.147283
0.177068
0.152087
0.208075
0.196331
0.238155
0.224944
0.19208
0.165202
0.192555
0.147903
0.14012
0.201669
0.219659
0.245157
0.242037
0.269772
0.281973
0.294472
0.324292
0.305568
0.348224
0.335633
0.317452
0.328935
0.360842
0.453186
0.426303
0.415444
0.408064
0.436871
0.391163
0.377585
0.433339
0.453112
0.0962503
0.07986
0.314605
0.350701
0.389808
0.378518
0.404804
0.55231
0.380542
0.415202
0.393972
0.400592
0.351485
0.103594
0.1302
0.107665
0.337249
0.348513
0.317088
0.336994
0.343083
0.31954
0.354077
0.380226
0.353279
0.178642
0.207818
0.182298
0.223272
0.223999
0.198272
0.317359
0.311937
0.341201
0.282362
0.370175
0.447313
0.438143
0.417137
0.421003
0.405676
0.508489
0.54686
0.5379
0.481922
0.481892
0.288591
0.282938
0.297224
0.0552548
0.0724944
0.0847937
0.302135
0.281652
0.305666
0.364028
0.371053
0.330329
0.504422
0.478348
0.510072
0.516304
0.263198
0.298074
0.231469
0.202567
0.156208
0.177582
0.311298
0.31777
0.106301
0.130727
0.242265
0.268965
0.258231
0.27823
0.291805
0.267785
0.295564
0.250321
0.215953
0.267998
0.302501
0.324486
0.291165
0.265957
0.286228
0.257218
0.345019
0.35809
0.353944
0.379026
0.370482
0.3742
0.397216
0.387456
0.380888
0.384193
0.181013
0.160211
0.261584
0.333536
0.131558
0.154948
0.184751
0.281786
0.367309
0.391685
0.163007
0.402442
0.275772
0.302278
0.322166
0.339825
0.374839
0.408402
0.414455
0.399194
0.457651
0.490183
0.545197
0.401976
0.338163
0.402775
0.397283
0.425463
0.463641
0.439143
0.467395
0.498107
0.502701
0.530433
0.542357
0.389379
0.412277
0.270293
0.351892
0.237984
0.255109
0.374604
0.425212
0.451395
0.374327
0.386431
0.340988
0.374807
0.173612
0.150159
0.130725
0.347518
0.235278
0.203623
0.206144
0.230116
0.184317
0.257284
0.354353
0.396773
0.465957
0.0293509
0.055524
0.0824969
0.107083
0.115174
0.127306
0.13556
0.153903
0.166371
0.211349
0.138993
0.255981
0.189705
0.203435
0.242757
0.285426
0.266258
0.363402
0.214696
0.203742
0.225074
0.198661
0.221454
0.245638
0.236699
0.263025
0.313731
0.324585
0.361291
0.254596
0.293166
0.266088
0.283074
0.415948
0.389886
0.318539
0.32794
0.311477
0.328224
0.333974
0.311781
0.360976
0.373268
0.393687
0.349684
0.427918
0.478431
0.294919
0.286819
0.312434
0.297409
0.324495
0.344554
0.3568
0.447037
0.470914
0.416292
0.440676
0.329622
0.322912
0.370147
0.349508
0.37886
0.154645
0.152936
0.177669
0.205615
0.26012
0.254641
0.128171
0.102043
0.155594
0.106157
0.158196
0.183412
0.153992
0.182113
0.251977
0.221175
0.248139
0.284053
0.258674
0.205577
0.230203
0.245673
0.404187
0.372422
0.364146
0.418815
0.110894
0.105464
0.119112
0.323478
0.343463
0.372382
0.376719
0.373404
0.392487
0.402506
0.366828
0.396224
0.402483
0.370727
0.334539
0.525478
0.529097
0.500605
0.468871
0.409772
0.348996
0.14025
0.114323
0.161515
0.367645
0.164642
0.385779
0.409874
0.365397
0.386251
0.360177
0.332606
0.419487
0.400831
0.423431
0.399782
0.30317
0.306199
0.280431
0.328148
0.49254
0.465783
0.325373
