# bob_500f_1
# Number of vertices: 1000, Number of faces: 2000
# Preprocessing time: 0.00444583
# Query time: 0.000213917
0.260309
0.327183
0.220701
0.306939
0.0561778
0.321633
0.248438
0.255209
0.217687
0.216108
0.288101
0.132585
0.119708
0.210514
0.203627
0.292035
0.375784
0.345445
0.164257
0.195068
0.257299
0.272729
0.326253
0.419324
0.405061
0.19038
0.24539
0.219103
0.313211
0.368628
0.374865
0.425012
0.449847
0.300322
0.268924
0.283173
0.315138
0.386345
0.435161
0.472908
0.491388
0.353191
0.321039
0.316588
0.365671
0.357635
0.406971
0.450133
0.551115
0.527324
0.365979
0.357517
0.402163
0.404143
0.447022
0.48728
0.50007
0.518903
0.577084
0.537918
0.309704
0.339971
0.329351
0.377076
0.418914
0.468935
0.279668
0.288963
0.351942
0.355816
0.422717
0.48317
0.40954
0.201768
0.251612
0.318794
0.392319
0.285327
0.326045
0.370822
0.171299
0.164304
0.225151
0.2091
0.283851
0.327254
0.317032
0.214232
0.171048
0.236804
0.264925
0.275253
0.313033
0.229231
0.287813
0.273879
0.366887
0.371831
0.487767
0.449482
0
0.0479677
0.0448669
0.108928
0.0540537
0.095509
0.155856
0.188474
0.250757
0.0932068
0.16807
0.23112
0.255468
0.112306
0.100045
0.154783
0.129501
0.146274
0.213772
0.190369
0.26027
0.338248
0.174286
0.322832
0.356583
0.236082
0.19438
0.213291
0.237756
0.196466
0.248089
0.27999
0.347157
0.384966
0.234212
0.273572
0.269371
0.285432
0.313042
0.329838
0.368428
0.402728
0.422072
0.252846
0.237104
0.293701
0.249428
0.331578
0.313441
0.3688
0.411508
0.207485
0.279074
0.261198
0.367196
0.169172
0.160278
0.21223
0.259321
0.124163
0.116132
0.15616
0.201761
0.213727
0.262747
0.0676236
0.0819836
0.115455
0.139184
0.165832
0.217274
0.269072
0.118719
0.155613
0.182715
0.171071
0.215382
0.244
0.200168
0.250939
0.308903
0.289586
0.404241
0.380975
0.307112
0.311735
0.135509
0.0910368
0.353658
0.350846
0.392542
0.529241
0.544979
0.34459
0.473828
0.488634
0.273881
0.427658
0.385826
0.163313
0.12993
0.32759
0.37098
0.130388
0.184903
0.187249
0.231989
0.327591
0.384861
0.427135
0.414452
0.429246
0.480697
0.407238
0.289181
0.324422
0.422914
0.443871
0.496689
0.341323
0.283472
0.459468
0.275247
0.421641
0.212938
0.206966
0.339819
0.218867
0.159097
0.332634
0.119491
0.333257
0.0768403
0.0685767
0.271289
0.252412
0.17243
0.265563
0.257182
0.317391
0.309105
0.362306
0.394935
0.360665
0.356528
0.359725
0.399108
0.439418
0.387581
0.434694
0.162227
0.124374
0.163385
0.190806
0.205962
0.177053
0.237159
0.227888
0.29188
0.301019
0.270541
0.327498
0.338297
0.331984
0.199679
0.165102
0.240323
0.205101
0.243936
0.312604
0.333332
0.346806
0.329468
0.353813
0.161537
0.147557
0.174639
0.202999
0.190245
0.208019
0.224146
0.237717
0.234693
0.265278
0.292892
0.286976
0.319651
0.300921
0.343125
0.348547
0.402359
0.377026
0.402043
0.415532
0.395732
0.179788
0.211819
0.202233
0.243876
0.219401
0.25162
0.228672
0.244532
0.286128
0.289817
0.264625
0.340644
0.311079
0.338896
0.374457
0.352012
0.369868
0.447409
0.425619
0.434853
0.400038
0.487832
0.467174
0.470036
0.449384
0.425019
0.273787
0.266237
0.292444
0.294344
0.299095
0.313616
0.313556
0.33743
0.338924
0.369171
0.40839
0.400253
0.452797
0.42566
0.479651
0.467084
0.499168
0.509254
0.509908
0.345185
0.367309
0.336192
0.335348
0.336103
0.361115
0.358536
0.344174
0.399589
0.381391
0.405806
0.429278
0.424794
0.427912
0.419183
0.452388
0.467666
0.493785
0.54143
0.5185
0.532875
0.557103
0.555847
0.321491
0.350053
0.335126
0.332761
0.360333
0.352457
0.412507
0.390939
0.397734
0.523899
0.504188
0.501765
0.493138
0.477733
0.447339
0.457866
0.558647
0.557369
0.573785
0.542882
0.532053
0.564004
0.539438
0.292368
0.268662
0.292536
0.309157
0.304786
0.319946
0.383103
0.366723
0.446622
0.416089
0.475689
0.505012
0.450293
0.513436
0.46223
0.456046
0.424014
0.464374
0.491446
0.277507
0.251394
0.252489
0.319122
0.324885
0.349349
0.373382
0.363601
0.332034
0.389527
0.382269
0.415539
0.448792
0.438432
0.184324
0.187139
0.20781
0.265
0.231919
0.297166
0.283399
0.298669
0.27118
0.304231
0.325343
0.350778
0.355464
0.381307
0.385126
0.402917
0.144451
0.164579
0.150991
0.192116
0.185573
0.209834
0.260638
0.283784
0.260555
0.303387
0.191244
0.214485
0.242625
0.27187
0.299202
0.292969
0.337977
0.350037
0.318905
0.269706
0.289066
0.257951
0.244546
0.266198
0.239506
0.302528
0.317875
0.292388
0.20905
0.230674
0.209961
0.255603
0.24995
0.268187
0.287036
0.291133
0.281122
0.29921
0.305904
0.264471
0.310247
0.287755
0.339747
0.333021
0.317609
0.350344
0.384623
0.400966
0.415369
0.372107
0.405463
0.430214
0.404305
0.507316
0.506417
0.480651
0.459478
0.465391
0.449769
0.429901
0.433569
0.424203
0.441993
0.0547785
0.0231325
0.0373868
0.0342229
0.0652674
0.0259283
0.0495763
0.0652129
0.0731352
0.0679738
0.0839019
0.25722
0.244207
0.230132
0.0729819
0.0462591
0.0667222
0.0834975
0.104735
0.125435
0.100805
0.130562
0.163924
0.202012
0.189527
0.207126
0.174869
0.23787
0.218425
0.26805
0.265533
0.0304356
0.0338097
0.0591399
0.105753
0.111159
0.0848668
0.128893
0.146744
0.157873
0.181917
0.218571
0.212263
0.0777684
0.0838041
0.109843
0.118389
0.132866
0.255564
0.290821
0.296384
0.291886
0.331919
0.140717
0.172137
0.128638
0.18271
0.174369
0.200887
0.220152
0.230112
0.29173
0.317045
0.297159
0.337865
0.363224
0.344858
0.214907
0.216485
0.234672
0.237485
0.230878
0.220615
0.204179
0.223867
0.217904
0.240392
0.258906
0.26722
0.29857
0.279491
0.295589
0.261836
0.33435
0.36637
0.35363
0.369315
0.341649
0.402205
0.383185
0.415917
0.438978
0.254402
0.27519
0.252403
0.259032
0.254374
0.240866
0.274812
0.385086
0.37725
0.359939
0.421894
0.416128
0.437897
0.398593
0.392592
0.396215
0.225244
0.220809
0.242526
0.223463
0.23273
0.246325
0.279031
0.272995
0.288492
0.350477
0.330503
0.351957
0.346834
0.370933
0.320351
0.339757
0.362328
0.387628
0.387158
0.263796
0.245201
0.232493
0.205965
0.188476
0.183705
0.202349
0.234554
0.23019
0.208439
0.266047
0.247102
0.235352
0.184133
0.183755
0.1615
0.158817
0.1817
0.183576
0.204844
0.178082
0.260201
0.297006
0.292937
0.099144
0.117624
0.0929423
0.139386
0.139287
0.13559
0.113501
0.13338
0.138542
0.155882
0.180439
0.19205
0.206081
0.259545
0.231511
0.233768
0.29462
0.294831
0.212184
0.191729
0.237128
0.266676
0.0963718
0.110867
0.0879125
0.135757
0.167798
0.143592
0.201592
0.183701
0.234942
0.221041
0.176631
0.156734
0.182244
0.144315
0.132386
0.19579
0.20677
0.224406
0.229919
0.245609
0.262737
0.269861
0.298972
0.280803
0.33305
0.330856
0.301032
0.328159
0.360045
0.436632
0.414142
0.401082
0.395252
0.421107
0.37846
0.362428
0.42149
0.438674
0.0903752
0.0761616
0.302294
0.331136
0.3847
0.377262
0.405888
0.54332
0.365059
0.402155
0.375577
0.382269
0.337488
0.0970735
0.123167
0.106916
0.340938
0.349029
0.318303
0.329622
0.338783
0.315559
0.351688
0.373476
0.343986
0.162699
0.187061
0.165193
0.202263
0.202767
0.180324
0.28806
0.278128
0.303922
0.251889
0.329911
0.443258
0.408904
0.408982
0.419374
0.398936
0.494623
0.524702
0.521359
0.466675
0.459914
0.277973
0.28249
0.286114
0.048192
0.0674233
0.0759408
0.298902
0.27727
0.301744
0.332203
0.319762
0.299074
0.469472
0.460495
0.459865
0.481024
0.242303
0.272459
0.214018
0.18601
0.1422
0.161942
0.295925
0.298106
0.0967761
0.118603
0.237783
0.265612
0.246892
0.279643
0.290771
0.267066
0.297274
0.224139
0.195719
0.243178
0.285098
0.304623
0.274594
0.251181
0.26315
0.237892
0.319969
0.330143
0.361223
0.388168
0.384044
0.358526
0.38342
0.381214
0.383461
0.381567
0.168485
0.145778
0.253265
0.322509
0.123931
0.146426
0.175821
0.278927
0.356929
0.374401
0.151515
0.39727
0.270473
0.287082
0.309985
0.328172
0.361657
0.38184
0.379312
0.384932
0.442082
0.474538
0.525497
0.372978
0.311953
0.373032
0.347394
0.382808
0.426448
0.408775
0.4407
0.476927
0.467951
0.513483
0.515857
0.340209
0.381721
0.244543
0.310575
0.221939
0.239958
0.35768
0.401379
0.421058
0.361859
0.366496
0.323983
0.352105
0.166933
0.142573
0.122927
0.314501
0.224236
0.192131
0.193768
0.217932
0.171877
0.243948
0.340848
0.358743
0.451548
0.0255542
0.0477749
0.0738895
0.0967674
0.103642
0.120846
0.125018
0.146134
0.16078
0.201461
0.134977
0.246435
0.136034
0.167117
0.199921
0.232543
0.223653
0.322487
0.207538
0.192237
0.203151
0.175837
0.15758
0.178857
0.159917
0.182883
0.246078
0.266741
0.301117
0.227459
0.253896
0.20055
0.192875
0.329187
0.3143
0.291037
0.301564
0.270849
0.255489
0.274335
0.274882
0.301252
0.316176
0.330704
0.31147
0.344523
0.44044
0.25596
0.250531
0.269911
0.261274
0.287745
0.306669
0.308639
0.413983
0.438387
0.390061
0.41557
0.293226
0.288435
0.339909
0.319295
0.357461
0.147618
0.140445
0.162876
0.183668
0.230068
0.229111
0.117595
0.0935691
0.13839
0.0948511
0.149137
0.174086
0.142685
0.168373
0.232258
0.201665
0.223648
0.266025
0.249968
0.192938
0.215434
0.234712
0.396292
0.366175
0.362424
0.413754
0.105576
0.0990015
0.112786
0.318242
0.339977
0.369059
0.360685
0.362762
0.377706
0.36505
0.352096
0.383932
0.369374
0.343359
0.30988
0.497117
0.507487
0.48198
0.448535
0.387114
0.330817
0.127888
0.104269
0.149142
0.363273
0.150014
0.351556
0.372105
0.338142
0.391998
0.365949
0.340695
0.394946
0.409897
0.437678
0.396314
0.273045
0.294867
0.25058
0.308091
0.466415
0.440952
0.330072
