# bob_500f_2
# Number of vertices: 4000, Number of faces: 8000
# Preprocessing time: 0.000526333
# Query time: 0.000196791
0.280041
0.33187
0.235475
0.326002
0.0612094
0.387783
0.340704
0.294389
0.24126
0.223264
0.310414
0.143493
0.124112
0.221434
0.205621
0.30086
0.380844
0.360947
0.17319
0.19763
0.262438
0.276069
0.332932
0.430365
0.409248
0.194296
0.249666
0.229009
0.325307
0.379129
0.37852
0.425295
0.447789
0.305031
0.28058
0.296756
0.320835
0.401409
0.446582
0.476858
0.513395
0.370981
0.340167
0.330168
0.390207
0.367907
0.421266
0.469009
0.576574
0.540529
0.398377
0.397009
0.429281
0.452225
0.468877
0.52151
0.510775
0.580538
0.596312
0.580057
0.360226
0.371409
0.372314
0.426598
0.43748
0.519543
0.306246
0.324213
0.37242
0.401297
0.475165
0.526668
0.443266
0.21153
0.276395
0.328616
0.410442
0.293824
0.343824
0.393286
0.172789
0.179188
0.237135
0.226855
0.304339
0.347184
0.347694
0.225037
0.183288
0.244206
0.280671
0.283604
0.330354
0.249326
0.316979
0.300752
0.384152
0.38281
0.488126
0.45105
0
0.050374
0.0482124
0.113059
0.0584453
0.102893
0.163997
0.192892
0.252824
0.105066
0.172817
0.237761
0.270845
0.123593
0.10853
0.176857
0.145187
0.1928
0.274887
0.222248
0.31044
0.354695
0.256981
0.374335
0.424359
0.279752
0.223045
0.302142
0.294255
0.247832
0.325109
0.358336
0.423678
0.455223
0.268724
0.316742
0.332363
0.371629
0.41149
0.370506
0.43501
0.458611
0.462967
0.281473
0.271575
0.337949
0.292082
0.389644
0.349766
0.406192
0.443807
0.233284
0.317588
0.294915
0.400045
0.178564
0.179199
0.242606
0.270617
0.129698
0.130604
0.183484
0.232858
0.225413
0.285713
0.0705797
0.0896949
0.127859
0.145367
0.180353
0.234874
0.286172
0.121959
0.16836
0.19258
0.175726
0.22897
0.264517
0.22006
0.277567
0.333782
0.299011
0.418864
0.395788
0.319076
0.312345
0.14188
0.0965568
0.359943
0.361431
0.416497
0.531588
0.570549
0.372581
0.497762
0.513021
0.30113
0.446656
0.399851
0.177842
0.130084
0.341423
0.374727
0.144533
0.20434
0.204561
0.255239
0.359963
0.432033
0.439919
0.400621
0.441118
0.496507
0.409449
0.294947
0.32782
0.441358
0.500089
0.514055
0.374265
0.32873
0.496421
0.297031
0.444138
0.232675
0.219748
0.356785
0.237305
0.176102
0.352014
0.131517
0.349731
0.0773682
0.0715571
0.286876
0.256887
0.189406
0.297687
0.271305
0.34092
0.307439
0.355068
0.405132
0.367799
0.388008
0.359815
0.402492
0.457449
0.389424
0.444597
0.165855
0.132375
0.170893
0.208077
0.22322
0.194574
0.251875
0.246002
0.31627
0.318562
0.286088
0.339169
0.342772
0.349401
0.202717
0.167438
0.24223
0.21081
0.248068
0.315098
0.339036
0.346413
0.333961
0.364943
0.166864
0.154735
0.180386
0.208586
0.199498
0.215622
0.227549
0.246164
0.238138
0.271884
0.302026
0.298391
0.329256
0.306396
0.352412
0.354164
0.398839
0.374692
0.410813
0.433105
0.41678
0.188832
0.219117
0.211963
0.25018
0.223287
0.258732
0.234775
0.255111
0.291882
0.299376
0.27372
0.35257
0.322991
0.350026
0.38837
0.363143
0.377381
0.448457
0.422272
0.45384
0.401532
0.496891
0.473023
0.468358
0.450509
0.424863
0.283317
0.272947
0.30492
0.30482
0.31574
0.328574
0.32394
0.34809
0.348089
0.385453
0.42424
0.410984
0.459634
0.430725
0.49136
0.48272
0.507529
0.524992
0.523531
0.368069
0.383096
0.35412
0.364249
0.358702
0.389673
0.391252
0.363485
0.419238
0.394129
0.419261
0.444916
0.441505
0.4495
0.436698
0.476184
0.478336
0.509328
0.559823
0.540735
0.546684
0.564048
0.57386
0.361913
0.395566
0.388151
0.366894
0.396493
0.398321
0.455643
0.447413
0.444338
0.545081
0.553413
0.522691
0.552154
0.520107
0.485658
0.483253
0.603871
0.616196
0.596594
0.579987
0.59162
0.587867
0.570038
0.334872
0.3011
0.331756
0.338604
0.338165
0.368156
0.430477
0.420253
0.498061
0.454581
0.525605
0.55889
0.50074
0.557919
0.484177
0.474913
0.44429
0.496547
0.523037
0.310059
0.282931
0.274681
0.347992
0.365694
0.378978
0.407827
0.386148
0.350728
0.428692
0.401594
0.462365
0.489419
0.473691
0.198743
0.202511
0.222911
0.297977
0.259928
0.325531
0.306624
0.308946
0.288165
0.319693
0.339298
0.36486
0.371538
0.394922
0.407857
0.429247
0.153293
0.175072
0.151663
0.198498
0.191681
0.220959
0.270475
0.300329
0.277493
0.322861
0.203818
0.230854
0.258902
0.289578
0.31663
0.314223
0.35279
0.363522
0.330577
0.274958
0.293284
0.264734
0.254523
0.280125
0.251818
0.308906
0.330722
0.306595
0.227847
0.257768
0.232674
0.286835
0.273613
0.286723
0.305264
0.311941
0.315507
0.328733
0.339482
0.290959
0.329278
0.305783
0.356297
0.353861
0.339582
0.375933
0.413648
0.414406
0.440591
0.384785
0.415647
0.426239
0.410938
0.509144
0.509379
0.481806
0.468894
0.463683
0.447258
0.429125
0.435804
0.430098
0.450405
0.0606438
0.0257661
0.0382944
0.0365873
0.0709741
0.0289443
0.0571114
0.0705416
0.0829507
0.0735105
0.0941009
0.266079
0.262161
0.239103
0.0825631
0.0554419
0.0783065
0.0874077
0.111151
0.134435
0.109645
0.138787
0.17153
0.210375
0.196547
0.211709
0.181431
0.242287
0.221376
0.272203
0.271642
0.0342938
0.0363399
0.0659338
0.123969
0.125175
0.098313
0.136127
0.157319
0.179989
0.197975
0.244219
0.223251
0.0843919
0.0926127
0.119482
0.151133
0.164717
0.288278
0.329632
0.313428
0.30109
0.339819
0.151436
0.182948
0.146581
0.229775
0.222636
0.255732
0.280892
0.300346
0.342738
0.382326
0.356745
0.40523
0.403793
0.385444
0.247169
0.251625
0.273665
0.305485
0.321686
0.285961
0.282181
0.304355
0.272003
0.305351
0.328889
0.348128
0.391905
0.367806
0.385245
0.343315
0.399545
0.431399
0.410369
0.440879
0.407758
0.444986
0.423522
0.470227
0.472366
0.294525
0.320936
0.289513
0.343189
0.314955
0.323359
0.349932
0.445644
0.453564
0.445772
0.487509
0.460514
0.488287
0.437637
0.433667
0.474195
0.250243
0.248108
0.281326
0.255279
0.263069
0.281484
0.324312
0.311683
0.336608
0.4053
0.380809
0.411008
0.395727
0.421268
0.367061
0.376523
0.389018
0.42018
0.414295
0.289845
0.265598
0.25833
0.225539
0.199718
0.201226
0.22545
0.269916
0.262178
0.235828
0.302758
0.281975
0.269756
0.200901
0.202203
0.176689
0.182067
0.211042
0.208625
0.237629
0.210383
0.283525
0.310585
0.32008
0.103049
0.129191
0.101754
0.153186
0.155054
0.156537
0.129255
0.154028
0.151981
0.180646
0.206602
0.205368
0.228025
0.276731
0.243993
0.252303
0.310402
0.316087
0.229677
0.206986
0.259156
0.289384
0.0994734
0.118926
0.0958979
0.147746
0.180009
0.155216
0.211257
0.198776
0.241396
0.228158
0.19268
0.165347
0.192687
0.147984
0.140268
0.201736
0.219816
0.245334
0.243463
0.270035
0.283802
0.294773
0.324632
0.306593
0.349686
0.338171
0.318844
0.332111
0.364072
0.453029
0.426826
0.415592
0.408419
0.43652
0.391403
0.377635
0.432795
0.453483
0.0966773
0.0799567
0.310136
0.346276
0.390203
0.378731
0.405204
0.549202
0.383619
0.418625
0.396687
0.404105
0.35498
0.103656
0.130273
0.107636
0.339975
0.351646
0.320213
0.336338
0.341452
0.317864
0.355423
0.38167
0.354651
0.178736
0.20804
0.182379
0.223232
0.22403
0.198259
0.318782
0.312422
0.341755
0.282725
0.370808
0.451911
0.43997
0.419987
0.424779
0.408924
0.508519
0.547582
0.538067
0.48194
0.483227
0.284105
0.283243
0.297561
0.0555441
0.0725429
0.0852353
0.302446
0.281783
0.305855
0.365747
0.37049
0.331912
0.505126
0.478923
0.507095
0.518264
0.263807
0.297272
0.231914
0.202667
0.156046
0.177602
0.314428
0.320652
0.10642
0.130605
0.245527
0.27197
0.261818
0.281439
0.294826
0.271002
0.298877
0.250471
0.216363
0.27159
0.302829
0.326248
0.29281
0.267488
0.287549
0.258455
0.34702
0.359108
0.356281
0.381501
0.373759
0.37574
0.399201
0.390258
0.384424
0.38768
0.181267
0.160471
0.262226
0.334258
0.131831
0.153267
0.18309
0.282586
0.368093
0.39119
0.163094
0.403209
0.27609
0.301265
0.325154
0.339313
0.373423
0.407106
0.41409
0.397815
0.458486
0.491043
0.542713
0.402123
0.338861
0.403614
0.401548
0.426899
0.464534
0.439751
0.468106
0.498481
0.503182
0.538609
0.546495
0.389712
0.412565
0.267605
0.352229
0.238149
0.254229
0.374339
0.424961
0.451181
0.3776
0.386083
0.340051
0.372018
0.173828
0.150396
0.130908
0.347025
0.233429
0.20371
0.208308
0.232286
0.186468
0.259545
0.355362
0.397835
0.46724
0.0294536
0.055571
0.0825361
0.107079
0.114935
0.127346
0.135326
0.154014
0.166406
0.211309
0.139147
0.256081
0.184823
0.204275
0.24848
0.291127
0.265782
0.363778
0.2179
0.204908
0.226403
0.199326
0.216629
0.241049
0.230502
0.257633
0.317673
0.330345
0.367075
0.25615
0.298247
0.264405
0.278304
0.421804
0.395714
0.31926
0.329332
0.315022
0.328518
0.334819
0.313756
0.361608
0.376532
0.394678
0.35291
0.428586
0.475428
0.29836
0.287569
0.313043
0.300547
0.327697
0.345475
0.357245
0.444043
0.471819
0.417813
0.442381
0.334112
0.324109
0.366944
0.346281
0.380278
0.155136
0.153331
0.178096
0.205381
0.261309
0.251039
0.12851
0.102343
0.155247
0.106541
0.158018
0.183353
0.154323
0.182212
0.253362
0.222493
0.249068
0.285469
0.261218
0.208924
0.231291
0.245793
0.403646
0.372514
0.364239
0.418915
0.111033
0.105566
0.11915
0.323861
0.34366
0.372457
0.380339
0.376471
0.389691
0.404227
0.366162
0.395901
0.402968
0.37167
0.335299
0.527101
0.532691
0.504539
0.470426
0.410906
0.35189
0.140901
0.114772
0.163659
0.366042
0.16455
0.386355
0.411483
0.367324
0.389379
0.363222
0.335881
0.421203
0.403517
0.426769
0.399919
0.304731
0.309801
0.281981
0.331543
0.494245
0.467487
0.328673
0.147605
0.151151
0.16755
0.214253
0.209953
0.200869
0.235712
0.235374
0.249598
0.316909
0.302773
0.300507
0.339753
0.354544
0.354226
0.185472
0.184603
0.166196
0.226346
0.229749
0.244422
0.324084
0.341914
0.330978
0.337186
0.350007
0.352563
0.159902
0.167
0.172935
0.194466
0.189509
0.203995
0.223098
0.238935
0.231236
0.220668
0.233883
0.216853
0.257814
0.25506
0.24089
0.287343
0.300036
0.285518
0.315835
0.304056
0.318139
0.340534
0.342192
0.35385
0.387281
0.389765
0.401977
0.431466
0.419478
0.428075
0.203675
0.215999
0.200375
0.234911
0.221389
0.236486
0.246747
0.243832
0.256111
0.296052
0.286729
0.282826
0.336663
0.336215
0.350266
0.370241
0.375484
0.356238
0.364755
0.36381
0.350834
0.43517
0.437691
0.451979
0.410205
0.409513
0.398056
0.48466
0.480214
0.488926
0.461192
0.45895
0.446569
0.442828
0.427836
0.437791
0.276554
0.264357
0.271067
0.293101
0.304487
0.294559
0.307668
0.315621
0.318842
0.314794
0.302704
0.311725
0.336019
0.334543
0.346305
0.375496
0.367283
0.355794
0.406402
0.399737
0.417099
0.444888
0.440276
0.453616
0.475212
0.487053
0.470215
0.498722
0.515587
0.508104
0.509961
0.51349
0.498554
0.377252
0.368434
0.362968
0.360915
0.34339
0.344421
0.374875
0.360073
0.374058
0.38135
0.365401
0.378465
0.407359
0.391878
0.402696
0.430207
0.441301
0.430073
0.434885
0.429208
0.445422
0.463086
0.461243
0.448963
0.480643
0.495235
0.495302
0.552068
0.535147
0.542094
0.555869
0.572875
0.55988
0.378305
0.390857
0.374348
0.38161
0.396147
0.381912
0.46129
0.452017
0.449539
0.549789
0.538637
0.533016
0.536788
0.537351
0.553352
0.482021
0.501289
0.502571
0.609747
0.608689
0.615021
0.597388
0.606439
0.59948
0.59991
0.58396
0.586427
0.318105
0.316892
0.332565
0.351537
0.352407
0.335937
0.337717
0.35153
0.353932
0.427609
0.434083
0.440721
0.491585
0.47806
0.469631
0.538407
0.555019
0.539811
0.513789
0.500738
0.51247
0.562659
0.575934
0.575471
0.479802
0.460084
0.463792
0.510171
0.504358
0.489713
0.29633
0.275749
0.290716
0.354186
0.371722
0.362609
0.39701
0.368115
0.37852
0.413463
0.428354
0.440879
0.445778
0.436551
0.418344
0.483877
0.49689
0.477048
0.481466
0.480869
0.500147
0.200549
0.213664
0.21022
0.290617
0.279426
0.271023
0.315562
0.303249
0.313671
0.308097
0.299996
0.297852
0.315173
0.323666
0.328708
0.366013
0.381938
0.378838
0.409016
0.412987
0.418571
0.16411
0.163157
0.151511
0.193518
0.204611
0.210043
0.286464
0.289263
0.273745
0.312225
0.31046
0.321923
0.218638
0.21845
0.205208
0.243996
0.253291
0.239807
0.303714
0.315233
0.300375
0.356739
0.346627
0.340126
0.285092
0.279514
0.270433
0.266984
0.266028
0.252329
0.319381
0.318825
0.307337
0.243211
0.24492
0.231391
0.272386
0.266988
0.280817
0.294837
0.306694
0.299456
0.322989
0.337698
0.328915
0.288395
0.301272
0.303126
0.316951
0.305549
0.317536
0.342598
0.355637
0.341395
0.346795
0.365263
0.356716
0.413773
0.427985
0.427929
0.400024
0.415117
0.400051
0.427412
0.415597
0.417596
0.503724
0.492379
0.493107
0.473946
0.472436
0.464824
0.438681
0.43162
0.440831
0.432658
0.441124
0.442384
0.0429161
0.0311993
0.0498246
0.0533081
0.0548727
0.0365954
0.0316438
0.0432218
0.0473904
0.0650361
0.0766433
0.0703391
0.0843657
0.0823336
0.0715326
0.263211
0.250344
0.252391
0.0682353
0.0673694
0.0798048
0.0850174
0.0970758
0.0988864
0.122219
0.123876
0.136975
0.189784
0.203842
0.185177
0.205468
0.196254
0.188993
0.227067
0.231335
0.21667
0.257423
0.256472
0.270882
0.0349996
0.0515987
0.04989
0.121718
0.110415
0.109336
0.130739
0.140868
0.146853
0.168332
0.187521
0.175302
0.233597
0.209575
0.22114
0.0888045
0.1057
0.101217
0.134914
0.157528
0.143523
0.309134
0.32115
0.300677
0.308096
0.327905
0.32135
0.168167
0.163827
0.147271
0.222599
0.235487
0.242797
0.290943
0.27816
0.268431
0.363591
0.369927
0.349981
0.403227
0.394556
0.394113
0.247933
0.263216
0.25934
0.31493
0.305619
0.295822
0.29374
0.289378
0.27802
0.317272
0.338472
0.326921
0.369657
0.379707
0.358047
0.377053
0.364293
0.355818
0.413599
0.420645
0.402376
0.42838
0.424323
0.408481
0.440447
0.433912
0.430704
0.468941
0.45472
0.457162
0.306307
0.302638
0.290644
0.329386
0.319757
0.332921
0.318631
0.329155
0.339692
0.456892
0.44707
0.452996
0.473695
0.474006
0.488158
0.448584
0.448308
0.436108
0.483877
0.474569
0.486778
0.249662
0.265067
0.265744
0.258339
0.272431
0.26769
0.314299
0.324323
0.327327
0.393053
0.397022
0.409098
0.405562
0.408562
0.417783
0.371499
0.38581
0.382065
0.401231
0.412715
0.401102
0.276403
0.26092
0.273324
0.239751
0.255205
0.243416
0.199429
0.212305
0.210407
0.253244
0.239262
0.242136
0.265817
0.249037
0.252597
0.291638
0.274268
0.286699
0.202048
0.188775
0.188798
0.196584
0.210423
0.194995
0.224758
0.210844
0.223773
0.297749
0.318323
0.302203
0.115001
0.116012
0.100835
0.141443
0.15396
0.142729
0.142876
0.1413
0.155822
0.152364
0.165534
0.167233
0.203862
0.215819
0.218334
0.258913
0.247701
0.263836
0.292111
0.295896
0.312572
0.217754
0.206591
0.218374
0.243848
0.255898
0.240995
0.274389
0.261067
0.275214
0.107629
0.108079
0.0963828
0.163646
0.169145
0.152314
0.195914
0.189183
0.20439
0.226386
0.234306
0.219073
0.178452
0.178949
0.19206
0.154783
0.152299
0.14153
0.208372
0.206296
0.195543
0.232462
0.232081
0.243931
0.277021
0.288591
0.281973
0.315445
0.3008
0.308975
0.343983
0.327363
0.334989
0.334099
0.351052
0.349045
0.438508
0.42184
0.434068
0.417268
0.430766
0.42164
0.384813
0.393897
0.399987
0.436334
0.445863
0.4437
0.0890537
0.0703597
0.0785763
0.32438
0.34291
0.328265
0.382337
0.393158
0.394804
0.555161
0.56967
0.574572
0.402179
0.412376
0.389831
0.401618
0.37937
0.376522
0.117695
0.11786
0.104874
0.344969
0.33563
0.328396
0.337227
0.329691
0.324617
0.367548
0.367348
0.35466
0.19442
0.195413
0.180291
0.224729
0.210906
0.212062
0.32025
0.327058
0.333618
0.301092
0.297719
0.285959
0.355156
0.356686
0.341456
0.451008
0.451663
0.44999
0.427416
0.418024
0.416847
0.526381
0.541469
0.522504
0.522266
0.545742
0.530246
0.495115
0.494797
0.482145
0.296705
0.282291
0.295933
0.281261
0.272445
0.289549
0.063814
0.077755
0.0702882
0.287193
0.291192
0.276238
0.275052
0.294756
0.28813
0.367309
0.348897
0.348397
0.492445
0.475487
0.489832
0.516144
0.514957
0.518373
0.263054
0.280183
0.280869
0.216625
0.21704
0.202115
0.155882
0.166287
0.167073
0.303233
0.319387
0.304658
0.3142
0.322547
0.306095
0.102451
0.119128
0.11447
0.259143
0.266687
0.253137
0.288082
0.283641
0.27668
0.284954
0.28809
0.275633
0.233651
0.220649
0.237163
0.2672
0.27767
0.262497
0.314692
0.308471
0.297465
0.288499
0.276738
0.279391
0.272631
0.265079
0.279563
0.334654
0.354457
0.342043
0.369069
0.378099
0.365813
0.387557
0.393319
0.382948
0.363076
0.354569
0.367884
0.37493
0.376689
0.385967
0.398396
0.388754
0.399147
0.169921
0.177637
0.188437
0.194732
0.191039
0.174702
0.268901
0.273457
0.255459
0.338404
0.323601
0.333852
0.143361
0.14052
0.152284
0.167674
0.158866
0.175532
0.29387
0.299014
0.308944
0.265676
0.25281
0.270989
0.354222
0.335744
0.349996
0.388318
0.378555
0.37787
0.177535
0.174616
0.164356
0.207762
0.19191
0.199325
0.361008
0.362279
0.349448
0.392229
0.404637
0.404303
0.222121
0.228282
0.214719
0.264857
0.251634
0.260247
0.31065
0.308296
0.295387
0.390129
0.390032
0.402016
0.416776
0.421215
0.406079
0.276973
0.263077
0.263958
0.274149
0.28669
0.288109
0.322909
0.312924
0.311846
0.536599
0.517926
0.528481
0.329968
0.339368
0.34598
0.353381
0.36056
0.36696
0.409421
0.40219
0.399226
0.382074
0.3952
0.386123
0.410597
0.40057
0.40861
0.430439
0.441651
0.447663
0.483874
0.474927
0.467646
0.540722
0.525336
0.524186
0.567642
0.585009
0.5781
0.39124
0.399207
0.4019
0.350611
0.346619
0.334307
0.403758
0.405557
0.407827
0.398205
0.414107
0.411494
0.42856
0.439877
0.422834
0.453879
0.457987
0.445218
0.452002
0.461341
0.447864
0.502883
0.489423
0.488895
0.475479
0.488669
0.49612
0.50686
0.510828
0.49563
0.545553
0.560976
0.563732
0.541429
0.557284
0.554414
0.396322
0.384864
0.37986
0.395595
0.410089
0.405549
0.434008
0.427051
0.420988
0.552171
0.535336
0.540756
0.288419
0.271866
0.284389
0.343094
0.329892
0.324053
0.372053
0.379812
0.360751
0.336055
0.345242
0.334923
0.386536
0.396068
0.403516
0.248178
0.230781
0.238946
0.247856
0.237421
0.231306
0.276623
0.261234
0.271259
0.377751
0.405533
0.398979
0.372802
0.355659
0.353989
0.441469
0.450167
0.463221
0.44001
0.43528
0.42407
0.392643
0.381372
0.397218
0.184812
0.186994
0.196098
0.328435
0.31841
0.329041
0.367159
0.354787
0.352164
0.379563
0.390567
0.374011
0.16157
0.149907
0.16132
0.144586
0.140402
0.153772
0.186411
0.202146
0.188672
0.281375
0.274564
0.265536
0.331684
0.315503
0.330917
0.349346
0.362621
0.363037
0.223033
0.2174
0.206954
0.243564
0.249279
0.258985
0.300662
0.305851
0.312572
0.216579
0.219894
0.228333
0.203427
0.19736
0.193066
0.245614
0.23971
0.254099
0.293349
0.293799
0.306199
0.35487
0.342567
0.342555
0.273383
0.279171
0.265706
0.333265
0.319084
0.324971
0.370319
0.356021
0.369565
0.40641
0.386244
0.395858
0.455366
0.455421
0.46413
0.418227
0.427245
0.416664
0.461314
0.459199
0.471098
0.0432053
0.0423427
0.0295717
0.0794565
0.066044
0.0689392
0.101893
0.104836
0.111701
0.129253
0.125005
0.119201
0.167366
0.173977
0.161128
0.227808
0.225363
0.213604
0.0468138
0.0304965
0.0408529
0.0444509
0.0427592
0.0304863
0.0979072
0.0960651
0.0845792
0.139183
0.12501
0.123933
0.156026
0.154646
0.139828
0.131096
0.145169
0.140909
0.0798077
0.0903097
0.0883963
0.216646
0.240564
0.232899
0.279052
0.291874
0.269416
0.0953838
0.079534
0.0818315
0.134672
0.138339
0.155071
0.167428
0.148417
0.165382
0.17238
0.184215
0.191952
0.226568
0.21692
0.239863
0.278221
0.256764
0.269986
0.254277
0.276091
0.266672
0.341301
0.359983
0.348478
0.379462
0.369181
0.375668
0.201186
0.21151
0.194948
0.211034
0.200003
0.214951
0.207625
0.219107
0.229223
0.201882
0.226632
0.209578
0.245452
0.241192
0.228212
0.322056
0.330346
0.309118
0.304465
0.324753
0.311359
0.348751
0.352383
0.335243
0.396848
0.394586
0.407584
0.407333
0.413493
0.417825
0.238977
0.241701
0.2542
0.283829
0.286044
0.296928
0.275208
0.254912
0.266345
0.252983
0.274972
0.263985
0.269863
0.270214
0.282467
0.314056
0.315249
0.324355
0.293206
0.272847
0.284798
0.409127
0.392151
0.405918
0.396882
0.383567
0.381725
0.463639
0.452998
0.442509
0.304761
0.325785
0.308502
0.332879
0.337118
0.317287
0.316062
0.297007
0.30848
0.339172
0.330137
0.323009
0.32919
0.340548
0.344837
0.360583
0.348288
0.349131
0.388382
0.38615
0.398208
0.364809
0.368599
0.357016
0.433616
0.433623
0.443651
0.401677
0.417136
0.413518
0.433746
0.426088
0.438683
0.490944
0.500536
0.485074
0.293085
0.309265
0.297693
0.296991
0.306097
0.290349
0.274979
0.261054
0.275214
0.299404
0.300757
0.312554
0.314331
0.31988
0.307177
0.340566
0.337014
0.349837
0.352328
0.368893
0.364783
0.428745
0.441297
0.42584
0.459877
0.453817
0.468881
0.430546
0.431231
0.419967
0.210262
0.212686
0.199151
0.285907
0.276581
0.293404
0.350819
0.36343
0.344952
0.313582
0.3278
0.31817
0.382148
0.369621
0.37766
0.32195
0.334733
0.334783
0.361718
0.371662
0.35667
0.165144
0.164875
0.15301
0.153633
0.165758
0.166113
0.20389
0.190017
0.191404
0.220254
0.206754
0.222401
0.249723
0.265818
0.252955
0.237904
0.248661
0.238926
0.272455
0.256235
0.26601
0.332274
0.309538
0.331678
0.115163
0.101379
0.115613
0.154323
0.141007
0.142308
0.0950333
0.104608
0.0908914
0.156127
0.169495
0.168261
0.117155
0.117782
0.106866
0.208934
0.196112
0.193762
0.156059
0.143741
0.146327
0.160303
0.172525
0.170245
0.195422
0.197214
0.208905
0.132731
0.129378
0.14314
0.232031
0.222779
0.237369
0.150856
0.168015
0.164878
0.237831
0.236035
0.251141
0.207457
0.209865
0.194834
0.269182
0.273431
0.25661
0.256345
0.250163
0.26629
0.212525
0.195826
0.199288
0.205226
0.221048
0.216909
0.239452
0.244917
0.25208
0.256628
0.255845
0.244631
0.260541
0.246987
0.257954
0.29672
0.312272
0.302121
0.38837
0.382299
0.397146
0.356662
0.366049
0.350738
0.419184
0.426023
0.410827
0.102848
0.119464
0.114534
0.0942107
0.0893745
0.0760277
0.113411
0.119579
0.125274
0.317997
0.31428
0.330511
0.35642
0.375332
0.362002
0.378475
0.388755
0.397291
0.384534
0.37031
0.389778
0.353725
0.350694
0.337415
0.377515
0.381354
0.392239
0.387754
0.390086
0.403723
0.40479
0.411196
0.399618
0.336067
0.354056
0.353733
0.53066
0.549841
0.547024
0.53534
0.518032
0.522056
0.471325
0.489666
0.485367
0.247448
0.26635
0.249398
0.426229
0.426357
0.405842
0.367278
0.365658
0.379301
0.154908
0.141864
0.143627
0.107563
0.118779
0.121271
0.128875
0.12811
0.116975
0.151734
0.162019
0.152438
0.361233
0.366767
0.375949
0.346915
0.353425
0.35916
0.175201
0.181623
0.168578
0.171575
0.187652
0.181845
0.21762
0.220349
0.230116
0.37684
0.388244
0.398681
0.390148
0.375929
0.399219
0.398073
0.393848
0.400643
0.376739
0.369968
0.382514
0.349228
0.352342
0.336574
0.410725
0.422239
0.412202
0.430678
0.417957
0.42725
0.414027
0.425601
0.413873
0.438442
0.427294
0.439017
0.410789
0.426023
0.416094
0.332775
0.315049
0.324549
0.307713
0.320562
0.31715
0.272561
0.269753
0.259213
0.29107
0.293293
0.302283
0.314952
0.334781
0.315808
0.353011
0.330678
0.35246
0.506502
0.508458
0.52235
0.480999
0.482727
0.469065
0.454584
0.45536
0.468141
0.394411
0.414476
0.401605
0.189721
0.189252
0.203162
0.335118
0.319104
0.336458
0.0865701
0.10277
0.0880016
0.111203
0.0947841
0.100218
0.30661
0.314273
0.301745
0.158887
0.14193
0.147322
0.295476
0.303123
0.312276
0.337087
0.345855
0.357945
0.31361
0.314874
0.330278
0.343484
0.343037
0.329525
0.383267
0.393841
0.392929
0.482248
0.468342
0.466719
0.382445
0.387197
0.368099
0.460041
0.466665
0.475866
0.185919
0.187723
0.145835
0.128185
0.136547
0.155032
0.194178
0.185648
0.219702
0.22521
0.221652
0.206282
0.265924
0.261102
0.237403
0.234046
0.299431
0.283236
0.332266
0.332629
0.307954
0.291186
0.357281
0.348314
0.324623
0.32751
0.356985
0.353271
0.148161
0.204718
0.200128
0.18427
0.259529
0.261814
0.224338
0.207508
0.214488
0.233892
0.3234
0.336708
0.306508
0.320432
0.358591
0.359657
0.367116
0.321565
0.34728
0.364014
0.18037
0.186635
0.153961
0.147824
0.163523
0.175762
0.21821
0.214617
0.200675
0.184906
0.223354
0.237954
0.207277
0.211506
0.244235
0.254544
0.223232
0.250869
0.27393
0.267974
0.282049
0.289466
0.313888
0.311998
0.331328
0.320636
0.327142
0.29152
0.366001
0.366388
0.33865
0.342564
0.412883
0.421949
0.386697
0.374859
0.375734
0.397392
0.419324
0.414508
0.440592
0.405999
0.185237
0.196198
0.191588
0.206191
0.232012
0.228058
0.250474
0.23717
0.247983
0.208726
0.268602
0.267863
0.25256
0.240841
0.231413
0.242307
0.278247
0.269102
0.305347
0.309129
0.290441
0.277826
0.365881
0.364089
0.337498
0.321688
0.323682
0.337132
0.342816
0.382625
0.39432
0.382664
0.378128
0.377428
0.466343
0.449637
0.43397
0.421464
0.42437
0.443435
0.390121
0.413178
0.497881
0.478046
0.484383
0.471328
0.470883
0.458689
0.437832
0.463353
0.435199
0.414733
0.28114
0.288359
0.28537
0.261137
0.29803
0.292951
0.31688
0.315663
0.327319
0.331624
0.305448
0.328459
0.321966
0.326925
0.357371
0.359104
0.33961
0.335607
0.394251
0.376051
0.434605
0.427795
0.412655
0.394821
0.467533
0.453085
0.436809
0.427181
0.467001
0.482561
0.503523
0.498438
0.51938
0.49168
0.523925
0.532748
0.507554
0.528781
0.353892
0.348952
0.382788
0.392405
0.375768
0.361306
0.34937
0.380689
0.37703
0.345601
0.393421
0.390164
0.389487
0.377826
0.395205
0.348121
0.412142
0.422274
0.408103
0.380109
0.421323
0.432783
0.419184
0.43336
0.456557
0.453034
0.460694
0.45327
0.436156
0.419404
0.475009
0.47364
0.49429
0.511072
0.462773
0.509886
0.550071
0.570153
0.558053
0.525281
0.54422
0.557232
0.538617
0.546609
0.58129
0.589375
0.359356
0.372586
0.366963
0.384148
0.407846
0.40479
0.368262
0.384456
0.367152
0.382688
0.41059
0.41248
0.442208
0.434985
0.463115
0.453153
0.438017
0.440746
0.527715
0.516455
0.562762
0.566584
0.53684
0.52609
0.568678
0.534982
0.520057
0.519761
0.505146
0.462581
0.462043
0.503107
0.606403
0.601705
0.590942
0.598711
0.596151
0.589111
0.582343
0.587308
0.577606
0.587349
0.573518
0.592791
0.584851
0.567977
0.34857
0.346044
0.321119
0.3047
0.300907
0.317747
0.322269
0.320537
0.355065
0.355682
0.370778
0.364152
0.442533
0.416755
0.413232
0.424233
0.444636
0.509834
0.485888
0.465357
0.525982
0.543419
0.523571
0.57185
0.513169
0.487483
0.569236
0.547465
0.466878
0.446757
0.49974
0.494855
0.457515
0.443001
0.474957
0.516687
0.529521
0.518032
0.305485
0.290519
0.316363
0.303065
0.261165
0.257909
0.356701
0.3706
0.33787
0.346263
0.384086
0.389261
0.389061
0.361063
0.426443
0.415433
0.357061
0.340359
0.454571
0.400404
0.385999
0.41859
0.469559
0.45359
0.467961
0.508378
0.462665
0.458367
0.206874
0.217268
0.188502
0.189666
0.217555
0.228857
0.249347
0.309702
0.287255
0.268335
0.324982
0.324843
0.316093
0.293404
0.283083
0.317328
0.301165
0.291041
0.331648
0.342283
0.307012
0.334478
0.379349
0.392874
0.352289
0.356387
0.389668
0.400232
0.403449
0.413768
0.40693
0.420318
0.14045
0.140629
0.165899
0.176407
0.173897
0.162956
0.215998
0.227782
0.183205
0.181204
0.202499
0.216188
0.255551
0.260163
0.283544
0.297679
0.302343
0.292235
0.332989
0.313042
0.190736
0.218987
0.23325
0.228864
0.248606
0.268864
0.28484
0.298207
0.295461
0.307593
0.329236
0.329833
0.336066
0.323833
0.364392
0.36863
0.35586
0.33907
0.259956
0.255065
0.289289
0.298776
0.287862
0.273883
0.239333
0.237727
0.26941
0.281231
0.280219
0.266488
0.296719
0.294697
0.320509
0.331119
0.330528
0.31848
0.216225
0.219621
0.239342
0.253281
0.257438
0.243572
0.294721
0.287179
0.27286
0.260441
0.292504
0.305667
0.28224
0.293489
0.316337
0.318306
0.316964
0.327239
0.308723
0.314536
0.343685
0.353153
0.305219
0.275004
0.330072
0.318153
0.328158
0.293471
0.339089
0.342874
0.370178
0.368964
0.348924
0.366757
0.331028
0.383041
0.426493
0.441048
0.398635
0.399406
0.428406
0.44033
0.38495
0.383891
0.399412
0.429567
0.41489
0.406652
0.436512
0.398493
0.501979
0.484917
0.517891
0.520631
0.498597
0.482445
0.459627
0.456287
0.479139
0.473074
0.448722
0.444308
0.446443
0.437239
0.420384
0.424924
0.451042
0.420166
0.438792
0.448765
0.0683752
0.0574698
0.0532028
0.0373337
0.0138759
0.0193612
0.0194545
0.0530651
0.0695414
0.0732196
0.0625391
0.0155741
0.0408526
0.0531377
0.0768295
0.0597797
0.0810493
0.0874655
0.0608224
0.0873385
0.0971772
0.0919401
0.256433
0.242015
0.276296
0.274991
0.248781
0.237039
0.0942194
0.0904686
0.0705319
0.0560839
0.057285
0.0690154
0.100996
0.111983
0.0731638
0.109104
0.149027
0.152199
0.11964
0.107683
0.111212
0.125029
0.168191
0.179667
0.173472
0.193524
0.224628
0.215334
0.173714
0.222877
0.202104
0.187734
0.207031
0.239946
0.246309
0.236127
0.284395
0.284272
0.261314
0.256444
0.0483401
0.0636666
0.0187549
0.0188783
0.0535076
0.0683657
0.114199
0.100785
0.135121
0.135678
0.115039
0.100317
0.152739
0.16395
0.120444
0.151038
0.185534
0.161215
0.200371
0.209688
0.232094
0.257097
0.247449
0.198738
0.095971
0.114372
0.0730075
0.0765196
0.108908
0.123021
0.152664
0.130675
0.171926
0.177492
0.279498
0.29274
0.297551
0.319509
0.340714
0.333588
0.31368
0.333387
0.286996
0.3467
0.129842
0.128865
0.172544
0.1884
0.178163
0.162818
0.252794
0.26522
0.209487
0.209192
0.235295
0.248175
0.260625
0.303317
0.313009
0.287382
0.326998
0.335703
0.35842
0.377556
0.386284
0.374494
0.395842
0.385041
0.414848
0.412577
0.397753
0.388703
0.258328
0.269972
0.235302
0.235751
0.266446
0.27644
0.286887
0.276953
0.324599
0.330764
0.312389
0.295726
0.266021
0.26011
0.294527
0.305467
0.299997
0.283411
0.315329
0.336738
0.296391
0.307646
0.350075
0.359787
0.346464
0.381846
0.401957
0.389437
0.334578
0.398482
0.371656
0.351127
0.387222
0.391257
0.411737
0.425
0.442241
0.431991
0.392008
0.450462
0.432029
0.419677
0.421635
0.450903
0.441348
0.429203
0.462305
0.483596
0.487414
0.456533
0.280153
0.278731
0.309341
0.324627
0.316981
0.302083
0.343892
0.333561
0.339009
0.324435
0.304747
0.309948
0.361169
0.339231
0.441894
0.446184
0.45077
0.462341
0.436232
0.43497
0.49846
0.503515
0.473875
0.460917
0.461412
0.474218
0.423886
0.420768
0.451339
0.446213
0.470706
0.464436
0.265569
0.281767
0.234509
0.23343
0.261326
0.277792
0.264987
0.276412
0.244983
0.248799
0.277923
0.287723
0.337901
0.339595
0.310082
0.301059
0.324946
0.337279
0.421152
0.42313
0.389589
0.377219
0.385532
0.399387
0.430079
0.393463
0.399733
0.413029
0.379863
0.356843
0.362978
0.390493
0.395274
0.409668
0.390659
0.409477
0.431527
0.42513
0.286302
0.270117
0.292987
0.281811
0.249907
0.246038
0.228922
0.221853
0.210419
0.222476
0.18911
0.18896
0.215865
0.229311
0.258512
0.238843
0.281353
0.278408
0.247214
0.233591
0.298711
0.282638
0.308254
0.299273
0.263703
0.256303
0.18817
0.176869
0.215256
0.216617
0.188462
0.17627
0.180406
0.193249
0.18335
0.197272
0.225713
0.224859
0.23533
0.222335
0.239639
0.19706
0.289956
0.30701
0.278417
0.289247
0.33326
0.337592
0.0880999
0.0854892
0.116734
0.128085
0.130575
0.117178
0.143939
0.140631
0.164841
0.16541
0.16995
0.168989
0.143479
0.13024
0.128096
0.139852
0.18244
0.139478
0.165371
0.178977
0.220499
0.230529
0.191652
0.193677
0.21623
0.227714
0.281247
0.268233
0.272404
0.255775
0.234025
0.237458
0.331541
0.333194
0.289226
0.300313
0.232021
0.220416
0.228423
0.19494
0.246662
0.272103
0.288403
0.28848
0.0872153
0.0834479
0.1106
0.118193
0.121693
0.109429
0.136485
0.138791
0.158007
0.173605
0.186419
0.17292
0.219374
0.213821
0.203085
0.183602
0.212064
0.23454
0.248869
0.242989
0.20635
0.206026
0.179875
0.165585
0.168519
0.182212
0.134488
0.129269
0.161911
0.153805
0.189035
0.21352
0.220712
0.219567
0.255633
0.254746
0.233209
0.232406
0.273725
0.286878
0.266425
0.273225
0.296033
0.301782
0.317051
0.330612
0.321207
0.291856
0.341291
0.327382
0.358545
0.354205
0.3199
0.309301
0.346797
0.361968
0.31582
0.365548
0.449152
0.427632
0.455608
0.441227
0.411705
0.40513
0.412999
0.427304
0.402617
0.446029
0.405289
0.375086
0.367296
0.386898
0.438891
0.449049
0.425423
0.456544
0.0859244
0.108784
0.0999008
0.0621819
0.31421
0.332168
0.309975
0.360648
0.401193
0.404897
0.376667
0.367417
0.392306
0.406576
0.535607
0.566415
0.369651
0.373162
0.393516
0.408358
0.430566
0.422719
0.353055
0.426641
0.381316
0.356178
0.0900732
0.0943307
0.117719
0.131239
0.12951
0.119306
0.323914
0.312955
0.357051
0.361358
0.345108
0.328893
0.322449
0.311619
0.348951
0.349791
0.335386
0.324034
0.343327
0.342806
0.368836
0.382397
0.381924
0.367831
0.163648
0.165402
0.192207
0.207423
0.206384
0.196147
0.211754
0.201088
0.237037
0.2386
0.207461
0.194003
0.329209
0.344535
0.308017
0.305813
0.315236
0.328513
0.26982
0.291918
0.369838
0.356941
0.436961
0.448081
0.451348
0.442004
0.410882
0.407922
0.430445
0.437508
0.412649
0.406484
0.508362
0.517354
0.511858
0.531828
0.564353
0.557861
0.469539
0.47095
0.49728
0.4961
0.297664
0.301276
0.26903
0.268745
0.306927
0.290514
0.0628228
0.0786004
0.0503983
0.0592215
0.0857336
0.0914069
0.299027
0.306244
0.298735
0.260265
0.30373
0.315214
0.351925
0.335499
0.385744
0.375104
0.352754
0.330351
0.503025
0.508303
0.495614
0.461558
0.523289
0.513861
0.498518
0.505327
0.281896
0.298671
0.246972
0.297257
0.188488
0.231541
0.232918
0.218104
0.166909
0.178038
0.144329
0.176635
0.303526
0.298784
0.331318
0.335957
0.12573
0.0894483
0.123985
0.136418
0.24015
0.248599
0.251419
0.264655
0.279163
0.274897
0.269591
0.293359
0.299792
0.290547
0.262725
0.282597
0.298546
0.301038
0.252655
0.246313
0.229341
0.203098
0.256664
0.285727
0.286233
0.282168
0.320847
0.333483
0.318456
0.302218
0.268841
0.266051
0.293905
0.27969
0.265255
0.250637
0.345468
0.327489
0.368681
0.373141
0.354681
0.362414
0.358028
0.371346
0.390585
0.386564
0.371326
0.379557
0.380989
0.394376
0.402419
0.399387
0.394315
0.395992
0.373021
0.377712
0.200882
0.161891
0.151927
0.169597
0.24326
0.280756
0.348364
0.319017
0.163831
0.13655
0.127454
0.142152
0.191495
0.176963
0.278258
0.288863
0.363282
0.374367
0.378393
0.396235
0.152936
0.173103
0.414374
0.39149
0.262691
0.289628
0.302751
0.300598
0.335293
0.315063
0.355786
0.322578
0.379856
0.369064
0.397845
0.417542
0.421266
0.40748
0.39087
0.407671
0.464292
0.451393
0.50014
0.480259
0.558647
0.527957
0.390333
0.385733
0.321092
0.355699
0.412543
0.387499
0.387445
0.406104
0.425125
0.415414
0.465746
0.456328
0.434344
0.45362
0.445418
0.481333
0.483906
0.513124
0.515475
0.486732
0.552183
0.525206
0.530073
0.562885
0.397403
0.38043
0.406055
0.420087
0.283726
0.254009
0.363198
0.340283
0.256259
0.222872
0.265877
0.244917
0.393749
0.417339
0.352346
0.432994
0.447561
0.430987
0.400648
0.389353
0.364968
0.369116
0.34013
0.342121
0.383606
0.360137
0.172803
0.175993
0.164002
0.139256
0.135762
0.129125
0.346852
0.347355
0.193537
0.239183
0.227905
0.213998
0.240241
0.205106
0.214262
0.226275
0.182723
0.193673
0.268581
0.252555
0.368558
0.34272
0.418315
0.378139
0.48313
0.45451
0.0154657
0.0437065
0.0570007
0.0533596
0.0708706
0.0934654
0.117142
0.121736
0.0976609
0.108601
0.116383
0.137132
0.139013
0.132304
0.149151
0.154773
0.15921
0.179236
0.199504
0.223096
0.155206
0.124512
0.246873
0.264273
0.181486
0.189387
0.213393
0.196755
0.261904
0.235191
0.283454
0.299213
0.287467
0.244085
0.356899
0.3746
0.189701
0.206942
0.226972
0.220673
0.230488
0.223158
0.210891
0.188392
0.240051
0.252325
0.195609
0.230881
0.212317
0.24598
0.25876
0.253575
0.29655
0.338229
0.317963
0.344383
0.363642
0.36962
0.268372
0.245084
0.310711
0.287955
0.285385
0.242923
0.266596
0.290541
0.41889
0.422112
0.409806
0.378248
0.310747
0.299284
0.341911
0.349559
0.298826
0.326166
0.321941
0.335893
0.316839
0.304937
0.349649
0.322352
0.349995
0.373013
0.406712
0.380151
0.374193
0.382643
0.34512
0.36219
0.432631
0.425278
0.470267
0.483438
0.283478
0.314534
0.289751
0.288483
0.325432
0.301518
0.294789
0.309203
0.32359
0.332716
0.358133
0.332366
0.339805
0.374842
0.438885
0.454898
0.485476
0.457478
0.407748
0.430057
0.442961
0.442904
0.325728
0.342068
0.31026
0.337027
0.381255
0.357715
0.346354
0.351228
0.369201
0.391008
0.142509
0.167261
0.177986
0.140934
0.166328
0.178737
0.192136
0.218556
0.246055
0.278077
0.242371
0.26182
0.129938
0.117169
0.128203
0.0870181
0.143182
0.167065
0.09714
0.117666
0.149152
0.168998
0.182605
0.18569
0.178879
0.137603
0.171643
0.185581
0.266177
0.263431
0.240546
0.225019
0.221008
0.234512
0.244716
0.281295
0.291061
0.278724
0.225338
0.192339
0.226769
0.236165
0.258103
0.23386
0.411913
0.395029
0.380203
0.364919
0.347929
0.378219
0.403277
0.433231
0.0951609
0.126785
0.112296
0.100393
0.130501
0.107485
0.341281
0.307835
0.350769
0.336049
0.351931
0.391296
0.399942
0.404244
0.360729
0.360365
0.37471
0.374962
0.409186
0.393876
0.369639
0.362669
0.40629
0.384428
0.41765
0.388027
0.37068
0.374117
0.317301
0.355052
0.536516
0.511928
0.514627
0.550944
0.508128
0.499793
0.483918
0.457323
0.387547
0.429295
0.351757
0.351456
0.104483
0.140735
0.141764
0.127217
0.15495
0.172299
0.362618
0.372564
0.17629
0.15392
0.409936
0.363819
0.421148
0.401388
0.380762
0.353812
0.395025
0.382047
0.36812
0.358361
0.322322
0.347639
0.407681
0.432337
0.402286
0.414897
0.403466
0.438273
0.404784
0.394572
0.31495
0.296283
0.298024
0.323647
0.284865
0.280482
0.311961
0.352987
0.49515
0.49502
0.45548
0.481425
0.344754
0.315064
