# bob_500f_1
# Number of vertices: 1000, Number of faces: 2000
# Preprocessing time: 0.0167425
# Query time: 0.000863333
0.254754
0.326478
0.228341
0.315253
0.0610899
0.323343
0.274235
0.286661
0.230233
0.223191
0.298091
0.130476
0.123906
0.20817
0.205254
0.287368
0.367403
0.345609
0.167892
0.197457
0.261926
0.268659
0.318882
0.417298
0.391272
0.194064
0.249346
0.22375
0.312811
0.366438
0.364459
0.411163
0.431904
0.300884
0.275291
0.290166
0.320178
0.390076
0.426512
0.462726
0.478571
0.357493
0.332394
0.324782
0.376514
0.364731
0.413277
0.450563
0.53342
0.515069
0.376505
0.364541
0.415466
0.407606
0.460029
0.485076
0.490454
0.505535
0.548515
0.51766
0.318245
0.352972
0.341851
0.388875
0.415168
0.459195
0.287856
0.295763
0.350269
0.36205
0.414847
0.472985
0.400336
0.203757
0.254101
0.316497
0.383685
0.281994
0.317479
0.367556
0.172711
0.164675
0.225367
0.20511
0.277966
0.321901
0.321569
0.218751
0.176987
0.240322
0.270763
0.278276
0.311905
0.238443
0.307672
0.288793
0.365545
0.370647
0.46765
0.437797
0
0.0504168
0.0481536
0.112922
0.0583312
0.0976854
0.156443
0.187031
0.246757
0.100916
0.172685
0.230122
0.258873
0.119193
0.10831
0.175893
0.140995
0.166141
0.234109
0.203681
0.269652
0.334609
0.190702
0.333262
0.359596
0.255973
0.215935
0.235785
0.265273
0.218894
0.270721
0.298804
0.360228
0.391514
0.257445
0.298429
0.301077
0.317246
0.336474
0.339473
0.37952
0.422952
0.423217
0.269881
0.260617
0.308822
0.26297
0.334205
0.316035
0.372428
0.403681
0.227159
0.286686
0.264178
0.359946
0.178046
0.173572
0.221594
0.257407
0.12924
0.125116
0.162718
0.203978
0.212597
0.256642
0.0702958
0.0857019
0.118327
0.140099
0.16756
0.212379
0.263563
0.121857
0.158612
0.188104
0.175661
0.217968
0.252289
0.204974
0.250947
0.307169
0.287978
0.39682
0.3757
0.30584
0.306181
0.141685
0.0963718
0.345037
0.351197
0.3931
0.508001
0.525861
0.353685
0.460436
0.467924
0.282598
0.410248
0.370572
0.168485
0.130049
0.326819
0.370698
0.135307
0.19513
0.195294
0.246081
0.347736
0.400285
0.421461
0.39593
0.421642
0.477745
0.396412
0.280473
0.320058
0.420968
0.452766
0.486633
0.358868
0.301239
0.456299
0.286325
0.41072
0.222481
0.219183
0.33588
0.227573
0.166354
0.322768
0.127231
0.32197
0.0773835
0.07147
0.27234
0.252365
0.18061
0.28293
0.27106
0.34046
0.302862
0.350503
0.389846
0.356628
0.35946
0.353937
0.396335
0.432379
0.381654
0.436647
0.165488
0.125569
0.164055
0.188054
0.200475
0.172123
0.231336
0.224167
0.289264
0.297901
0.265494
0.331714
0.336554
0.328681
0.202541
0.167254
0.241512
0.203919
0.241069
0.30632
0.325571
0.337617
0.322445
0.348971
0.166678
0.148767
0.17441
0.202596
0.194225
0.209489
0.227396
0.240032
0.237949
0.265846
0.291797
0.290293
0.312423
0.294279
0.335477
0.340115
0.390008
0.365874
0.397774
0.404806
0.386886
0.187183
0.217379
0.208119
0.248437
0.223007
0.252638
0.228784
0.249829
0.29132
0.293191
0.267551
0.344112
0.314704
0.337368
0.376172
0.357349
0.360397
0.439542
0.413348
0.42481
0.387426
0.474468
0.461522
0.452435
0.436377
0.409283
0.277215
0.272339
0.299602
0.298479
0.30801
0.322033
0.317726
0.34177
0.344928
0.372857
0.406143
0.397794
0.441383
0.413698
0.464601
0.453813
0.487197
0.493603
0.48708
0.360192
0.37405
0.345472
0.344896
0.34888
0.373754
0.367484
0.354624
0.404325
0.388651
0.41283
0.436399
0.435067
0.433826
0.420736
0.45812
0.458106
0.479968
0.526459
0.503871
0.507362
0.530262
0.529917
0.330528
0.360419
0.346168
0.341745
0.3713
0.363778
0.422782
0.39928
0.411359
0.520498
0.498472
0.502594
0.482554
0.47641
0.44206
0.452599
0.534744
0.545552
0.554828
0.533493
0.520148
0.537441
0.514562
0.301451
0.275544
0.300727
0.320194
0.31311
0.329597
0.385886
0.374259
0.437721
0.411099
0.463433
0.493146
0.439266
0.501727
0.442376
0.440316
0.40999
0.454801
0.472467
0.285026
0.257916
0.260141
0.321693
0.332601
0.348877
0.371328
0.35917
0.330079
0.385531
0.379339
0.408567
0.435928
0.433887
0.187703
0.192886
0.2113
0.269729
0.237976
0.299644
0.280753
0.297074
0.269598
0.300652
0.320146
0.344067
0.345099
0.373944
0.376378
0.397766
0.147392
0.165656
0.151569
0.191015
0.186807
0.211424
0.258707
0.281272
0.258518
0.296502
0.19207
0.212026
0.239341
0.268912
0.295915
0.288934
0.339455
0.344982
0.31224
0.271066
0.289243
0.260704
0.249203
0.267787
0.244083
0.303553
0.318852
0.29391
0.21834
0.242126
0.218973
0.270066
0.261964
0.278415
0.294577
0.303537
0.298683
0.316677
0.327774
0.281697
0.313739
0.29034
0.337811
0.338211
0.330312
0.35955
0.389818
0.394845
0.415988
0.37023
0.402957
0.419029
0.400542
0.495741
0.485977
0.468967
0.451312
0.451019
0.43473
0.416649
0.422722
0.419558
0.439282
0.0541993
0.0257145
0.0383276
0.0364806
0.0708856
0.0289689
0.0504134
0.0705731
0.0760833
0.0735586
0.0841524
0.255273
0.239605
0.228578
0.0784108
0.0501693
0.0730307
0.0872992
0.110823
0.126904
0.103568
0.132726
0.165447
0.204206
0.188949
0.202487
0.172238
0.23293
0.215475
0.262821
0.259958
0.0342001
0.0363309
0.0658292
0.118155
0.121013
0.0930197
0.135813
0.15668
0.170238
0.189455
0.22498
0.21462
0.0842401
0.0912782
0.11811
0.129618
0.151618
0.258736
0.296152
0.298048
0.288827
0.327172
0.150008
0.181506
0.146356
0.201446
0.195654
0.224459
0.247971
0.252345
0.301865
0.325207
0.300524
0.340751
0.367374
0.349035
0.235934
0.238627
0.260428
0.260783
0.255286
0.241322
0.223393
0.24555
0.243041
0.266839
0.287274
0.294179
0.324323
0.304249
0.317647
0.284853
0.348403
0.378306
0.363606
0.374668
0.350176
0.40839
0.387069
0.424717
0.443044
0.281244
0.304938
0.278153
0.284213
0.283789
0.264536
0.305815
0.400136
0.39249
0.37742
0.43423
0.423189
0.448527
0.400756
0.399262
0.408661
0.241798
0.240191
0.260375
0.241396
0.256449
0.267132
0.3094
0.295657
0.32056
0.359856
0.335393
0.355537
0.350345
0.375787
0.323509
0.342786
0.361088
0.380057
0.38627
0.277249
0.254913
0.24581
0.219806
0.199156
0.19755
0.221293
0.247235
0.24694
0.220722
0.270777
0.255122
0.241567
0.195686
0.192425
0.171508
0.167199
0.190092
0.193697
0.21166
0.184765
0.261223
0.292501
0.292526
0.10265
0.124166
0.0974464
0.148111
0.145486
0.141788
0.119364
0.140836
0.141196
0.15963
0.184831
0.192595
0.208118
0.257916
0.230998
0.233592
0.291479
0.286963
0.210954
0.18826
0.230117
0.25833
0.0994003
0.114374
0.0913532
0.143317
0.175695
0.150785
0.206865
0.187835
0.236945
0.223641
0.179796
0.160736
0.188089
0.147903
0.135654
0.201669
0.213749
0.231514
0.24062
0.250453
0.271543
0.275152
0.302594
0.279967
0.329186
0.327136
0.298415
0.325105
0.357012
0.431158
0.405801
0.395409
0.387561
0.414379
0.370661
0.35755
0.419931
0.439704
0.090004
0.07986
0.302719
0.333505
0.372301
0.366631
0.392916
0.531516
0.349808
0.385641
0.361883
0.372724
0.330678
0.101078
0.127452
0.107665
0.335947
0.347211
0.315785
0.327861
0.337224
0.313681
0.350022
0.372608
0.343841
0.169508
0.194405
0.173164
0.214139
0.214832
0.19122
0.309673
0.298307
0.327572
0.268732
0.358978
0.438772
0.409334
0.404679
0.418028
0.395868
0.481228
0.519059
0.510638
0.45466
0.456401
0.276705
0.277132
0.28368
0.0492799
0.0723461
0.0788188
0.29238
0.27412
0.294047
0.336261
0.329581
0.302562
0.473245
0.45161
0.46743
0.482702
0.254993
0.283038
0.223264
0.194362
0.148003
0.169377
0.289242
0.287036
0.10217
0.12402
0.240962
0.267662
0.249872
0.276928
0.290502
0.265299
0.293078
0.236691
0.206478
0.257875
0.302501
0.321229
0.289747
0.264539
0.279978
0.254557
0.328881
0.330828
0.351458
0.37654
0.369179
0.355162
0.378178
0.375572
0.378402
0.380363
0.168212
0.144686
0.248782
0.318933
0.125858
0.147137
0.176939
0.275539
0.352707
0.367988
0.158733
0.386201
0.274189
0.293367
0.316557
0.330674
0.367028
0.393363
0.389504
0.391383
0.438685
0.471217
0.512573
0.381066
0.320249
0.383146
0.361995
0.399085
0.431223
0.409316
0.439121
0.477189
0.47129
0.492098
0.492895
0.348017
0.38245
0.25293
0.319742
0.224357
0.237559
0.350674
0.389296
0.41967
0.34842
0.359722
0.319266
0.348813
0.166471
0.143018
0.123583
0.32001
0.229419
0.197424
0.200121
0.224094
0.178295
0.251261
0.340791
0.381153
0.455619
0.0293509
0.0494855
0.0764584
0.103067
0.104885
0.122075
0.125272
0.144843
0.161139
0.200838
0.138993
0.247367
0.150869
0.184925
0.216735
0.247279
0.232859
0.327568
0.213394
0.20317
0.220403
0.197972
0.170802
0.194987
0.172719
0.199045
0.265324
0.281045
0.312001
0.237778
0.274449
0.218956
0.211965
0.348774
0.330512
0.306734
0.316616
0.288928
0.283758
0.297395
0.296016
0.332464
0.344443
0.360136
0.323404
0.371132
0.440386
0.281503
0.271793
0.283922
0.271128
0.298215
0.314474
0.311996
0.414672
0.431692
0.38269
0.407074
0.295665
0.290372
0.339118
0.318479
0.351347
0.154645
0.149765
0.174498
0.199732
0.232114
0.230598
0.125
0.0988729
0.149711
0.0994873
0.147908
0.173124
0.149406
0.176207
0.232939
0.202137
0.225192
0.265015
0.250178
0.202917
0.227543
0.245673
0.391572
0.359808
0.35649
0.411159
0.105327
0.0997636
0.118964
0.309382
0.331576
0.359409
0.362502
0.363155
0.369286
0.374739
0.347085
0.373709
0.37633
0.354184
0.321063
0.489714
0.491941
0.465715
0.436064
0.37775
0.318262
0.134275
0.108348
0.155493
0.361786
0.157935
0.374523
0.379881
0.352119
0.379109
0.353035
0.331304
0.390679
0.398345
0.419942
0.389398
0.279815
0.295242
0.25989
0.318276
0.458938
0.432181
0.322887
