# bob_500f_0
# Number of vertices: 250, Number of faces: 500
# Preprocessing time: 0.0016195
# Query time: 0.000170375
0.261545
0.328577
0.226783
0.319897
0.0606617
0.331689
0.270707
0.28882
0.22889
0.223004
0.301121
0.132851
0.123112
0.209819
0.204237
0.288212
0.368447
0.348014
0.163825
0.196834
0.261695
0.273844
0.320905
0.418162
0.40109
0.19407
0.249405
0.219845
0.312018
0.36498
0.366469
0.412849
0.44094
0.302315
0.271244
0.292297
0.319387
0.388145
0.432266
0.464408
0.481668
0.363078
0.332276
0.320314
0.374587
0.366107
0.412939
0.449912
0.533986
0.523413
0.378851
0.373018
0.412964
0.409697
0.460392
0.481722
0.495219
0.51198
0.555419
0.521078
0.317933
0.359815
0.337721
0.389282
0.419558
0.465372
0.294832
0.296479
0.360102
0.359128
0.421143
0.480454
0.404458
0.204046
0.254702
0.317673
0.387499
0.284342
0.32177
0.376176
0.172702
0.166642
0.227963
0.208716
0.282116
0.328724
0.330486
0.221193
0.179284
0.242222
0.275272
0.280661
0.314239
0.240082
0.307188
0.289723
0.367725
0.37306
0.480838
0.449508
0
0.0505793
0.0478934
0.112333
0.0578524
0.103044
0.163894
0.191705
0.250663
0.104126
0.172138
0.237206
0.266357
0.116468
0.107719
0.175376
0.144132
0.167326
0.232931
0.20452
0.268186
0.346544
0.189698
0.330772
0.366762
0.256202
0.21311
0.23271
0.266425
0.220135
0.270402
0.296749
0.365368
0.395034
0.255027
0.302309
0.302631
0.311853
0.333251
0.342254
0.384144
0.420691
0.430365
0.267904
0.258123
0.314161
0.268373
0.339027
0.321097
0.375338
0.40564
0.229562
0.289875
0.266155
0.361921
0.176347
0.177065
0.221836
0.255123
0.127729
0.129904
0.164031
0.205379
0.212123
0.260529
0.0693901
0.0873323
0.12057
0.144288
0.167142
0.216045
0.266706
0.121503
0.160348
0.185095
0.175499
0.2132
0.255648
0.209613
0.251622
0.30797
0.283386
0.405242
0.387625
0.310978
0.309767
0.141694
0.0964282
0.352003
0.360325
0.389346
0.522774
0.52629
0.353263
0.466439
0.473833
0.283656
0.416867
0.375433
0.170256
0.130052
0.322269
0.367134
0.135553
0.195465
0.195392
0.246152
0.347554
0.402832
0.42891
0.392332
0.423598
0.487721
0.409166
0.292528
0.327278
0.431771
0.46122
0.500958
0.359101
0.304741
0.458301
0.28616
0.415183
0.223403
0.217338
0.337615
0.22783
0.168101
0.326059
0.124421
0.326355
0.0774915
0.0712193
0.268073
0.249146
0.183575
0.284504
0.270156
0.338774
0.29941
0.347202
0.388623
0.351821
0.361401
0.351548
0.392778
0.44035
0.388773
0.44374
