# bob_500f_1
# Number of vertices: 1000, Number of faces: 2000
# Preprocessing time: 4.2e-08
# Query time: 0.00290962
0.253451
0.315754
0.222818
0.308212
0.0610899
0.319483
0.264063
0.278507
0.226891
0.222577
0.292283
0.130075
0.121562
0.20517
0.201843
0.284135
0.363793
0.340704
0.163398
0.194667
0.257171
0.267133
0.314587
0.411363
0.387125
0.188859
0.243569
0.219247
0.307458
0.359934
0.359495
0.405363
0.426731
0.292529
0.27065
0.283001
0.31492
0.381266
0.421312
0.452125
0.468469
0.348213
0.3228
0.319746
0.368323
0.357537
0.40501
0.442163
0.524782
0.50515
0.370503
0.361815
0.406645
0.398983
0.448859
0.471533
0.484182
0.493813
0.538943
0.508756
0.312388
0.345545
0.329383
0.376446
0.406167
0.446083
0.283891
0.287298
0.342663
0.351242
0.402147
0.46484
0.390939
0.199464
0.247889
0.308889
0.375582
0.276157
0.312501
0.360458
0.168803
0.160044
0.219952
0.202498
0.273103
0.320124
0.319506
0.213256
0.171712
0.232223
0.265016
0.268238
0.305837
0.233141
0.30438
0.282319
0.358419
0.357707
0.459925
0.432987
0
0.0504168
0.0481223
0.11131
0.0579522
0.0970237
0.154988
0.182761
0.242073
0.0995468
0.170734
0.227388
0.254337
0.114936
0.108308
0.169343
0.139001
0.160725
0.225669
0.19713
0.26437
0.330908
0.182213
0.327144
0.354416
0.246044
0.210224
0.225838
0.254419
0.212372
0.262604
0.28848
0.355141
0.385452
0.2526
0.295107
0.287493
0.301887
0.32486
0.332966
0.371572
0.412304
0.411742
0.263708
0.253343
0.304083
0.259185
0.326547
0.307232
0.361556
0.39548
0.221633
0.280374
0.257014
0.352489
0.177812
0.168813
0.217848
0.250677
0.129087
0.120863
0.15962
0.199216
0.20766
0.250766
0.0702895
0.0835067
0.115384
0.136678
0.162946
0.208572
0.257918
0.121328
0.15556
0.183081
0.175125
0.211061
0.24895
0.200651
0.246723
0.301755
0.28083
0.393159
0.371292
0.297987
0.301373
0.137187
0.0929372
0.339862
0.34134
0.380973
0.498927
0.514441
0.347182
0.450902
0.459045
0.278451
0.404656
0.3648
0.165965
0.129513
0.316957
0.356909
0.134396
0.192703
0.192336
0.243399
0.340372
0.390296
0.411225
0.385748
0.412607
0.47245
0.392058
0.27846
0.316658
0.413765
0.44259
0.481854
0.352974
0.293586
0.446343
0.281641
0.400883
0.220126
0.218567
0.326205
0.223107
0.164599
0.316247
0.122996
0.317123
0.0772701
0.071038
0.26445
0.243824
0.17888
0.279244
0.267669
0.336842
0.29336
0.340783
0.380146
0.348764
0.35063
0.343193
0.384458
0.427445
0.377723
0.43201
0.162237
0.124493
0.162649
0.185008
0.199942
0.17161
0.229419
0.220597
0.287985
0.295937
0.26353
0.323674
0.330761
0.326717
0.198346
0.164774
0.237229
0.202513
0.239044
0.302272
0.321964
0.333359
0.316842
0.343413
0.161583
0.14797
0.173612
0.201798
0.189722
0.208106
0.223858
0.238408
0.232709
0.262314
0.287429
0.284174
0.310214
0.292246
0.332536
0.335376
0.385486
0.361495
0.39285
0.398543
0.380755
0.178891
0.209064
0.200071
0.239836
0.217412
0.251515
0.227901
0.245303
0.286062
0.291446
0.265853
0.33627
0.307943
0.332012
0.368057
0.348759
0.357412
0.433231
0.408559
0.418542
0.382437
0.466383
0.453729
0.444262
0.428579
0.404744
0.274973
0.265074
0.294959
0.296224
0.299462
0.315972
0.315718
0.33975
0.338686
0.366447
0.399831
0.389294
0.432352
0.40811
0.456964
0.447567
0.479306
0.485107
0.480618
0.349605
0.36346
0.335058
0.337982
0.339502
0.365496
0.36137
0.347441
0.395469
0.380209
0.407298
0.427598
0.429063
0.422975
0.412292
0.448299
0.452853
0.473585
0.515786
0.493676
0.498253
0.521704
0.521615
0.324819
0.35558
0.339376
0.33604
0.363297
0.351904
0.411313
0.387402
0.400708
0.506095
0.482736
0.493128
0.468829
0.456932
0.428173
0.441281
0.523754
0.536281
0.545112
0.519025
0.509462
0.526388
0.503984
0.296089
0.271845
0.295176
0.314173
0.307902
0.325694
0.377784
0.363305
0.424622
0.398558
0.452381
0.481296
0.428548
0.494237
0.43527
0.430775
0.401788
0.447437
0.46587
0.279844
0.252781
0.256478
0.314365
0.321621
0.343163
0.357987
0.348486
0.322959
0.373303
0.371545
0.395872
0.429195
0.423893
0.184997
0.190365
0.208093
0.262658
0.232325
0.292576
0.277566
0.28953
0.264784
0.292588
0.31198
0.337191
0.3398
0.366843
0.370575
0.390437
0.145917
0.16411
0.149482
0.188179
0.183341
0.206763
0.253292
0.273284
0.25154
0.291584
0.186476
0.207682
0.234655
0.263505
0.290398
0.287362
0.330791
0.339101
0.30637
0.262952
0.28015
0.251631
0.240145
0.26203
0.238688
0.292919
0.307967
0.285245
0.213828
0.238125
0.217127
0.265694
0.256007
0.271661
0.287872
0.296293
0.294255
0.310099
0.322795
0.278832
0.307143
0.284538
0.331413
0.330612
0.322719
0.352492
0.381956
0.3874
0.408454
0.359097
0.389788
0.406255
0.390524
0.485224
0.477106
0.45971
0.446776
0.443405
0.428032
0.409993
0.418314
0.41543
0.434488
0.0541067
0.0257145
0.0383276
0.0364806
0.0674124
0.0289689
0.0503486
0.0666647
0.0757125
0.0696006
0.0841189
0.247948
0.233976
0.221507
0.077604
0.0494613
0.0713846
0.0864889
0.108189
0.125612
0.102701
0.131859
0.164431
0.20142
0.187318
0.201439
0.171217
0.231174
0.211161
0.259118
0.257734
0.0342001
0.0363309
0.0624942
0.114563
0.119101
0.0908971
0.133175
0.152643
0.166724
0.1859
0.221175
0.212963
0.0842378
0.0880451
0.114812
0.126171
0.146304
0.256633
0.290718
0.292809
0.286534
0.324238
0.146556
0.177866
0.141042
0.196237
0.190207
0.215696
0.235777
0.243409
0.296132
0.317687
0.297083
0.335868
0.359852
0.341971
0.231882
0.230214
0.249996
0.256484
0.245276
0.237516
0.216671
0.237783
0.234059
0.256681
0.275913
0.282726
0.312967
0.292354
0.305806
0.27326
0.34048
0.371127
0.35647
0.368248
0.342361
0.398884
0.379406
0.414547
0.43258
0.270783
0.294369
0.272266
0.275583
0.271564
0.256056
0.292364
0.390789
0.384574
0.370238
0.425841
0.411134
0.434693
0.388938
0.387512
0.399711
0.237015
0.235326
0.256959
0.238397
0.2505
0.263146
0.29967
0.289186
0.308281
0.352073
0.327927
0.347876
0.341082
0.366499
0.315346
0.332819
0.351822
0.372079
0.375615
0.271678
0.252363
0.240311
0.21535
0.198717
0.195174
0.215681
0.242487
0.242661
0.218705
0.264537
0.250237
0.235302
0.192236
0.190169
0.16845
0.165289
0.186532
0.191697
0.205532
0.178724
0.253804
0.285918
0.284873
0.102624
0.122172
0.0962224
0.145059
0.143945
0.140388
0.116481
0.134882
0.137307
0.155548
0.177888
0.18767
0.201869
0.249547
0.224839
0.225427
0.28234
0.280976
0.204531
0.185008
0.22669
0.254332
0.0988825
0.11292
0.0904133
0.137278
0.167425
0.145762
0.198413
0.181788
0.22821
0.217109
0.176306
0.158628
0.185251
0.147373
0.133961
0.201073
0.21122
0.22681
0.236326
0.245668
0.267702
0.268403
0.295906
0.275128
0.323677
0.319735
0.292948
0.315557
0.346921
0.422264
0.401033
0.39078
0.383024
0.410718
0.36735
0.353422
0.415067
0.43432
0.0898964
0.0775229
0.294678
0.324447
0.368572
0.362384
0.388156
0.521046
0.345345
0.379964
0.356434
0.363715
0.322341
0.0992448
0.125313
0.107162
0.323397
0.335205
0.303845
0.318781
0.32774
0.304567
0.339297
0.360062
0.331848
0.167272
0.193443
0.17091
0.211599
0.211288
0.187514
0.304744
0.293821
0.322881
0.264315
0.353455
0.428901
0.400658
0.393064
0.404759
0.385931
0.475216
0.511237
0.504593
0.44918
0.450427
0.268849
0.272449
0.275862
0.0489745
0.0700138
0.0784886
0.287762
0.271346
0.291792
0.327005
0.321702
0.295342
0.463504
0.44688
0.45596
0.470604
0.24777
0.278023
0.219529
0.190645
0.145598
0.165953
0.28277
0.283254
0.0995023
0.122302
0.23322
0.256779
0.243704
0.267426
0.278562
0.256985
0.284763
0.234251
0.203773
0.254625
0.298976
0.315588
0.284498
0.259356
0.275951
0.248023
0.320837
0.323546
0.341544
0.366248
0.359346
0.347806
0.370609
0.367857
0.367309
0.368852
0.165247
0.142068
0.245783
0.314958
0.125635
0.145856
0.175561
0.271481
0.347412
0.361859
0.15278
0.382473
0.265587
0.28444
0.307284
0.320368
0.363596
0.384746
0.383041
0.386245
0.43175
0.463113
0.504612
0.374101
0.316087
0.375845
0.357581
0.390265
0.421249
0.400811
0.430286
0.470204
0.459723
0.481815
0.484414
0.337644
0.374027
0.248292
0.309538
0.21973
0.23468
0.342414
0.38323
0.411474
0.342648
0.352613
0.31315
0.342046
0.163782
0.140442
0.121075
0.316599
0.220712
0.192037
0.19561
0.219568
0.173875
0.246029
0.330001
0.372134
0.449662
0.0293509
0.0494308
0.0757194
0.097712
0.103365
0.120375
0.123733
0.143933
0.156858
0.194644
0.137377
0.243868
0.144614
0.179497
0.210105
0.240429
0.228854
0.32056
0.207976
0.199082
0.213615
0.190882
0.167616
0.191274
0.168629
0.194038
0.255957
0.273546
0.307753
0.233498
0.263696
0.215218
0.202959
0.339014
0.322462
0.29981
0.310637
0.285762
0.277399
0.288258
0.289677
0.319559
0.333566
0.345768
0.317429
0.356904
0.428674
0.275006
0.265333
0.27984
0.266912
0.292579
0.307971
0.305614
0.401156
0.422614
0.372705
0.396904
0.289921
0.283214
0.32988
0.309699
0.342983
0.154411
0.147515
0.17216
0.194598
0.227007
0.224016
0.122753
0.0970643
0.144957
0.0982281
0.146159
0.169431
0.147122
0.173818
0.227703
0.199071
0.221557
0.259584
0.243203
0.199585
0.222941
0.24286
0.386727
0.35624
0.352693
0.40666
0.103864
0.0995446
0.114769
0.306228
0.328062
0.356658
0.351629
0.351712
0.359062
0.365448
0.337016
0.364083
0.371657
0.347422
0.314143
0.477568
0.480497
0.454725
0.42614
0.36939
0.313971
0.130433
0.107014
0.151073
0.352059
0.154849
0.366034
0.370094
0.344325
0.369227
0.343452
0.321595
0.38351
0.387461
0.407821
0.385395
0.272235
0.285909
0.252714
0.314419
0.448405
0.421779
0.3143
