# bob_500f_2
# Number of vertices: 4000, Number of faces: 8000
# Preprocessing time: 0.0108347
# Query time: 0.00386962
0.256174
0.325326
0.224339
0.313795
0.0612094
0.326413
0.269546
0.283712
0.230517
0.223264
0.297775
0.130702
0.123649
0.207446
0.20443
0.286872
0.366856
0.343839
0.166597
0.197166
0.261974
0.269731
0.317862
0.416459
0.395389
0.193398
0.248768
0.222416
0.311784
0.365606
0.363451
0.410226
0.435924
0.299702
0.273987
0.286449
0.320372
0.389527
0.427383
0.457767
0.475894
0.356491
0.32911
0.323575
0.372689
0.364188
0.413903
0.449164
0.532814
0.517278
0.375357
0.367966
0.411763
0.407521
0.45867
0.481977
0.491576
0.504267
0.550052
0.51604
0.31857
0.352627
0.339389
0.385916
0.413684
0.457657
0.288624
0.294979
0.348625
0.359041
0.413279
0.470766
0.39787
0.203605
0.253026
0.315296
0.380812
0.280846
0.31582
0.366223
0.172245
0.163693
0.224157
0.204316
0.276334
0.323316
0.323608
0.217503
0.175753
0.23919
0.269122
0.277061
0.310754
0.238455
0.306587
0.287914
0.364552
0.369131
0.469502
0.442424
0
0.050374
0.0482124
0.113059
0.0584453
0.1013
0.161018
0.188957
0.248889
0.10092
0.172817
0.233243
0.261279
0.117308
0.10853
0.172882
0.141041
0.16622
0.233413
0.202796
0.268693
0.338256
0.185822
0.332588
0.362988
0.25237
0.215186
0.230983
0.265176
0.220681
0.271944
0.297761
0.362078
0.394852
0.257634
0.301509
0.300636
0.314862
0.337449
0.337066
0.37945
0.421187
0.421129
0.269083
0.256757
0.309548
0.26368
0.334084
0.317025
0.372488
0.40614
0.225284
0.284148
0.26462
0.362378
0.178564
0.1712
0.221223
0.255808
0.129698
0.122605
0.162342
0.204217
0.21174
0.255783
0.0705797
0.0857963
0.118359
0.142331
0.166679
0.212538
0.263836
0.121959
0.158972
0.186295
0.175726
0.216153
0.251879
0.204759
0.25128
0.307494
0.286194
0.400433
0.379348
0.305957
0.30841
0.140982
0.0958304
0.34722
0.349864
0.390699
0.511147
0.524415
0.354347
0.461191
0.465717
0.282896
0.409762
0.369045
0.168049
0.130084
0.325404
0.368383
0.135484
0.193822
0.195214
0.244847
0.347125
0.399924
0.422103
0.394336
0.421004
0.484569
0.400823
0.285455
0.323264
0.424919
0.456766
0.49206
0.357819
0.300791
0.458754
0.287641
0.40972
0.224439
0.219748
0.333765
0.225707
0.167867
0.322084
0.128776
0.322079
0.0773682
0.0715571
0.270856
0.250602
0.180498
0.283375
0.271305
0.34092
0.301154
0.348783
0.388648
0.354427
0.357864
0.352004
0.394681
0.436448
0.384868
0.440041
0.164664
0.125871
0.164389
0.18718
0.200955
0.172309
0.231176
0.223463
0.291241
0.297864
0.26539
0.331649
0.338837
0.328702
0.202253
0.166974
0.240375
0.204306
0.241564
0.305629
0.325048
0.336944
0.324381
0.351205
0.165966
0.149039
0.17469
0.20289
0.192905
0.209415
0.227086
0.239957
0.237674
0.267038
0.290623
0.289851
0.313481
0.294722
0.336637
0.339095
0.38937
0.365223
0.396907
0.409386
0.388218
0.185173
0.215457
0.206947
0.24652
0.222389
0.253036
0.229079
0.248518
0.291419
0.29317
0.267513
0.344016
0.314451
0.336503
0.374544
0.355973
0.361607
0.438634
0.412804
0.43012
0.386462
0.479268
0.4632
0.452722
0.435439
0.412998
0.277621
0.271983
0.298327
0.299124
0.304683
0.32138
0.317733
0.341883
0.34437
0.373861
0.40565
0.394433
0.438342
0.41425
0.464191
0.45481
0.486886
0.493073
0.4914
0.357012
0.373879
0.344903
0.342853
0.348451
0.374129
0.367148
0.353159
0.403712
0.38764
0.413055
0.437173
0.435299
0.431752
0.420877
0.457709
0.459137
0.481418
0.521702
0.501594
0.50719
0.532537
0.533772
0.33055
0.362611
0.345692
0.34131
0.370909
0.361118
0.421693
0.397088
0.410733
0.520069
0.495771
0.50093
0.481055
0.467506
0.438556
0.450401
0.533691
0.543788
0.555005
0.528878
0.516849
0.535545
0.512806
0.299813
0.277118
0.300392
0.320529
0.312581
0.328237
0.385773
0.373389
0.436175
0.407479
0.461518
0.489867
0.437836
0.501299
0.442133
0.438557
0.407935
0.454562
0.472282
0.284475
0.257347
0.258713
0.321091
0.330305
0.350551
0.365695
0.356233
0.330101
0.382809
0.377798
0.405314
0.433921
0.430143
0.187129
0.192718
0.211297
0.269363
0.238357
0.29863
0.281222
0.295626
0.268281
0.298146
0.317751
0.342748
0.343534
0.37281
0.376624
0.397563
0.147018
0.165531
0.151627
0.190776
0.186226
0.210277
0.257497
0.278782
0.256423
0.294857
0.191065
0.211371
0.237744
0.267465
0.294518
0.290356
0.33827
0.34661
0.313664
0.269941
0.288073
0.259523
0.247979
0.266575
0.2427
0.302362
0.317392
0.292588
0.217583
0.24229
0.22057
0.27015
0.260775
0.277286
0.293056
0.302504
0.298822
0.315895
0.328021
0.280566
0.312512
0.289018
0.336698
0.337096
0.329561
0.359177
0.390088
0.395506
0.414829
0.369054
0.40176
0.418348
0.39915
0.498926
0.488937
0.47196
0.456955
0.453838
0.437412
0.419279
0.427178
0.422579
0.44216
0.0541405
0.0257661
0.0382944
0.0365873
0.0709741
0.0289443
0.0503663
0.0681992
0.0762057
0.0735105
0.0841337
0.255513
0.239825
0.228538
0.0784169
0.0501102
0.0729748
0.0874077
0.110371
0.131456
0.106103
0.135245
0.167988
0.206833
0.193568
0.207215
0.176937
0.237721
0.217441
0.265283
0.264535
0.0342938
0.0363399
0.0625485
0.117877
0.121029
0.0929812
0.135347
0.15576
0.170308
0.189918
0.224018
0.216319
0.0843919
0.0892274
0.116097
0.13001
0.149656
0.260519
0.297913
0.300732
0.29404
0.33073
0.148051
0.179563
0.143659
0.202222
0.196056
0.222274
0.245351
0.252317
0.300991
0.323711
0.302039
0.343859
0.370692
0.352342
0.236078
0.236125
0.256522
0.260619
0.250528
0.241095
0.22293
0.245104
0.243132
0.267478
0.289112
0.292557
0.324586
0.303913
0.317288
0.284546
0.346999
0.378064
0.363274
0.378612
0.349143
0.411572
0.39042
0.426988
0.444826
0.277381
0.3031
0.278423
0.283937
0.283543
0.264108
0.305062
0.40084
0.393687
0.378948
0.438793
0.421665
0.446448
0.398788
0.399035
0.409101
0.240677
0.239186
0.260995
0.242729
0.255069
0.267501
0.309765
0.292859
0.317158
0.359406
0.334914
0.355449
0.350923
0.376464
0.324024
0.342819
0.359371
0.382513
0.384648
0.277571
0.257363
0.246055
0.220028
0.199718
0.197069
0.2195
0.245731
0.246194
0.221314
0.269509
0.254335
0.240442
0.19539
0.193968
0.171179
0.167553
0.18966
0.194112
0.209009
0.181764
0.260512
0.291522
0.290698
0.103049
0.123989
0.0990127
0.147676
0.147019
0.142205
0.118921
0.13775
0.141477
0.159643
0.184812
0.191695
0.208747
0.256124
0.23032
0.231696
0.289795
0.286157
0.209194
0.18779
0.229553
0.258415
0.0994734
0.114042
0.0910139
0.141461
0.173724
0.14893
0.204972
0.185959
0.235111
0.221873
0.179502
0.160463
0.187374
0.147984
0.135384
0.201736
0.213312
0.230892
0.237732
0.250413
0.271163
0.274795
0.303011
0.280305
0.32762
0.325262
0.296778
0.322425
0.354385
0.431711
0.409745
0.399153
0.391338
0.418089
0.374842
0.361196
0.422321
0.443009
0.090174
0.0794933
0.302616
0.333169
0.376345
0.370729
0.397201
0.533992
0.349362
0.383928
0.361098
0.370226
0.329634
0.100577
0.126817
0.107636
0.333611
0.345361
0.313928
0.326297
0.336241
0.312653
0.348879
0.371125
0.342382
0.169389
0.196285
0.171861
0.21284
0.213189
0.18873
0.310158
0.296952
0.326285
0.267256
0.357876
0.43875
0.410147
0.401142
0.41466
0.392441
0.487201
0.523292
0.516749
0.460622
0.460552
0.276585
0.279308
0.282807
0.0493929
0.0719956
0.0790841
0.29462
0.277265
0.298749
0.335866
0.326562
0.30203
0.475178
0.456927
0.46815
0.482282
0.254529
0.284329
0.223112
0.193866
0.147476
0.169033
0.28917
0.286395
0.100149
0.123857
0.239242
0.265685
0.24801
0.275154
0.288541
0.263451
0.291326
0.236852
0.206498
0.258051
0.302829
0.319365
0.286869
0.261548
0.282694
0.254465
0.329035
0.329818
0.34986
0.37508
0.367474
0.353674
0.377135
0.374148
0.376613
0.377994
0.167279
0.143892
0.248238
0.31715
0.126136
0.14706
0.176884
0.274539
0.350985
0.37054
0.156692
0.387435
0.27243
0.292637
0.316526
0.327931
0.367217
0.389588
0.389394
0.391609
0.438062
0.470231
0.513702
0.381257
0.320627
0.382854
0.361629
0.398254
0.430785
0.408391
0.439908
0.476982
0.46982
0.489824
0.492455
0.347159
0.381205
0.252142
0.31727
0.224259
0.238325
0.348381
0.387267
0.419091
0.346794
0.358957
0.317939
0.346008
0.166107
0.142674
0.123186
0.321381
0.228218
0.196175
0.198871
0.222849
0.177031
0.250108
0.339631
0.380211
0.460911
0.0294536
0.052029
0.0789942
0.0999948
0.104968
0.124939
0.125359
0.14952
0.162471
0.200744
0.139147
0.251057
0.150455
0.185164
0.21716
0.246331
0.233131
0.330676
0.211615
0.201523
0.218307
0.195351
0.17108
0.194694
0.172837
0.198759
0.264738
0.28041
0.314415
0.237548
0.270308
0.218695
0.207146
0.348484
0.329658
0.306409
0.316731
0.289664
0.283652
0.296489
0.294416
0.333207
0.345878
0.360127
0.322999
0.36988
0.442093
0.279986
0.268744
0.284641
0.271281
0.297786
0.312035
0.311351
0.413377
0.434152
0.38183
0.406398
0.296155
0.292804
0.337297
0.316635
0.351937
0.155136
0.149174
0.173939
0.197382
0.232668
0.231761
0.124353
0.0981858
0.147247
0.0997956
0.148051
0.173386
0.149171
0.176272
0.231295
0.202518
0.225015
0.263403
0.248401
0.202983
0.227477
0.245793
0.393636
0.363424
0.359683
0.414359
0.104526
0.0998697
0.118421
0.312694
0.335658
0.364028
0.360536
0.361885
0.367705
0.374346
0.346135
0.373308
0.378474
0.354685
0.321728
0.488803
0.49113
0.464158
0.435595
0.376856
0.317634
0.133671
0.10862
0.154222
0.360831
0.155888
0.374254
0.379374
0.35208
0.377591
0.351434
0.329596
0.39138
0.397096
0.417582
0.3924
0.27485
0.293781
0.256036
0.320352
0.458263
0.431505
0.321122
0.143939
0.144648
0.163885
0.191592
0.187688
0.178208
0.215804
0.213109
0.227332
0.294329
0.282075
0.277927
0.333913
0.34557
0.343026
0.184936
0.18414
0.165659
0.22268
0.223246
0.240756
0.313923
0.331754
0.32151
0.330104
0.33865
0.344161
0.156066
0.161304
0.169099
0.18877
0.182916
0.197402
0.218914
0.234751
0.225029
0.220205
0.233419
0.21639
0.253642
0.252344
0.239971
0.278307
0.290316
0.277415
0.300663
0.292141
0.302954
0.324759
0.325903
0.337561
0.377812
0.379604
0.391817
0.406045
0.39886
0.398561
0.200015
0.21116
0.195536
0.231251
0.219991
0.235087
0.241052
0.237239
0.249519
0.291868
0.280523
0.278642
0.328123
0.325387
0.339439
0.358773
0.365056
0.348942
0.348981
0.348638
0.335662
0.425702
0.427531
0.441174
0.400736
0.39892
0.387463
0.473706
0.4579
0.465425
0.451369
0.448357
0.435977
0.419109
0.41044
0.420395
0.272718
0.260522
0.265372
0.286508
0.297894
0.288863
0.303784
0.309925
0.314132
0.308201
0.296112
0.305519
0.329813
0.330359
0.342121
0.364774
0.358988
0.349015
0.391191
0.384128
0.400251
0.426252
0.423986
0.436102
0.45129
0.457318
0.445319
0.473375
0.487413
0.478083
0.484172
0.499274
0.486658
0.364018
0.359217
0.349734
0.342239
0.334621
0.331867
0.364748
0.35138
0.360115
0.354033
0.347406
0.358059
0.395334
0.381437
0.3883
0.426023
0.437117
0.423866
0.418649
0.412093
0.426955
0.444612
0.447041
0.43476
0.455287
0.467324
0.469946
0.511998
0.497034
0.506652
0.519442
0.530683
0.520367
0.346253
0.354603
0.338094
0.356026
0.36852
0.354428
0.409085
0.404169
0.415909
0.508426
0.501016
0.512311
0.476564
0.481087
0.489223
0.44271
0.459539
0.452503
0.53776
0.552393
0.545127
0.536522
0.530249
0.522958
0.531703
0.523783
0.522715
0.28775
0.28767
0.298433
0.33206
0.326823
0.31646
0.308184
0.313346
0.324341
0.378269
0.385272
0.390103
0.434451
0.420925
0.422529
0.470955
0.484517
0.474913
0.450885
0.437001
0.448733
0.496816
0.504377
0.511966
0.438764
0.423728
0.424507
0.463256
0.45653
0.44578
0.270747
0.256272
0.271239
0.323775
0.339347
0.335708
0.360462
0.341243
0.346801
0.377951
0.392842
0.393777
0.391117
0.386267
0.374319
0.421607
0.436397
0.419509
0.446375
0.433812
0.453438
0.190032
0.203148
0.198606
0.263133
0.251942
0.245439
0.290111
0.275664
0.285099
0.290121
0.28249
0.273999
0.297118
0.305612
0.307161
0.342781
0.358706
0.356726
0.384719
0.389673
0.387157
0.156188
0.157627
0.147995
0.189501
0.198156
0.200954
0.268409
0.267716
0.25569
0.287577
0.288913
0.297275
0.202448
0.198967
0.188262
0.224513
0.230752
0.217267
0.281601
0.292694
0.277835
0.341848
0.329714
0.325235
0.280002
0.274303
0.265342
0.256891
0.255044
0.242236
0.309288
0.304977
0.297244
0.229403
0.231824
0.21917
0.255701
0.251676
0.265505
0.285019
0.296877
0.290019
0.307678
0.322386
0.313187
0.276346
0.284587
0.291077
0.302221
0.290819
0.300771
0.324554
0.337593
0.324629
0.333415
0.348686
0.343388
0.391118
0.404583
0.403107
0.385358
0.400134
0.384155
0.4178
0.403103
0.408713
0.490864
0.479519
0.483262
0.465032
0.462591
0.45591
0.428835
0.422924
0.432136
0.423746
0.433605
0.433473
0.0388731
0.0271447
0.04577
0.0533081
0.0548727
0.0365954
0.0278705
0.0395863
0.0435568
0.0598789
0.0701845
0.0635941
0.0795562
0.0770337
0.0669586
0.246881
0.234013
0.241826
0.0634158
0.0620376
0.0749854
0.0826057
0.0939468
0.0981072
0.119757
0.120334
0.134514
0.186242
0.20138
0.182716
0.2012
0.191759
0.184725
0.222572
0.226251
0.211586
0.25131
0.2494
0.262961
0.0332766
0.0507135
0.0481671
0.116899
0.105596
0.104004
0.12761
0.137739
0.146073
0.163121
0.179679
0.173456
0.219996
0.201221
0.207175
0.0870815
0.102315
0.0994936
0.122229
0.138244
0.133325
0.279075
0.300344
0.281354
0.298297
0.318106
0.313578
0.164782
0.161687
0.145548
0.197879
0.210292
0.212344
0.24703
0.237096
0.233662
0.313172
0.312288
0.299086
0.35565
0.361454
0.346536
0.237049
0.246072
0.247265
0.256335
0.247024
0.250956
0.234489
0.243216
0.231858
0.278782
0.291728
0.280602
0.308152
0.313908
0.29682
0.31042
0.299903
0.29413
0.363236
0.371749
0.35474
0.370784
0.362244
0.354981
0.39287
0.40081
0.383126
0.436987
0.429241
0.41968
0.289164
0.289227
0.278569
0.283224
0.273595
0.27367
0.286017
0.294466
0.298558
0.400724
0.386222
0.393678
0.434846
0.433626
0.447318
0.409735
0.410014
0.397814
0.434073
0.418466
0.424638
0.23872
0.248598
0.250651
0.248347
0.262439
0.25514
0.300073
0.305375
0.311919
0.347158
0.345651
0.357727
0.354709
0.363758
0.366929
0.334271
0.348167
0.337262
0.372336
0.38382
0.371455
0.264076
0.248593
0.261049
0.231634
0.243205
0.231411
0.197269
0.208148
0.208247
0.239261
0.228705
0.229585
0.245692
0.234524
0.234222
0.260925
0.245307
0.255353
0.194363
0.181089
0.183287
0.178209
0.192048
0.180482
0.200069
0.186155
0.195154
0.274622
0.292021
0.276494
0.112911
0.111425
0.0989625
0.135932
0.146274
0.135043
0.129378
0.128367
0.139705
0.138489
0.150524
0.149309
0.187636
0.199593
0.197146
0.241603
0.230391
0.243229
0.271504
0.27072
0.287397
0.19993
0.188767
0.197892
0.218672
0.230723
0.220388
0.242669
0.233685
0.247832
0.104905
0.103195
0.0936583
0.157361
0.162859
0.146029
0.189629
0.180217
0.195423
0.220101
0.228021
0.212787
0.169683
0.173946
0.182629
0.152059
0.147415
0.138805
0.205647
0.200552
0.192818
0.221949
0.225794
0.234284
0.262446
0.274016
0.261995
0.290897
0.276252
0.288896
0.326572
0.309952
0.312923
0.323416
0.340368
0.339358
0.421427
0.405312
0.41754
0.400188
0.414268
0.405141
0.368285
0.377369
0.382906
0.421731
0.43126
0.433226
0.0853878
0.0666939
0.0720729
0.31686
0.332178
0.317595
0.372404
0.385156
0.384871
0.534642
0.547009
0.54589
0.366856
0.374317
0.354742
0.366749
0.349862
0.346006
0.114592
0.115862
0.102876
0.338684
0.329345
0.322111
0.331208
0.324479
0.319527
0.358364
0.355997
0.345008
0.182372
0.183658
0.168243
0.215523
0.200588
0.202856
0.304369
0.311588
0.319833
0.289088
0.282249
0.273954
0.343442
0.341216
0.329451
0.426367
0.42629
0.420167
0.410932
0.403042
0.400363
0.503931
0.519018
0.501185
0.511229
0.531636
0.51614
0.473797
0.47226
0.459608
0.289185
0.276452
0.290093
0.268909
0.264925
0.279269
0.0601379
0.0740788
0.064137
0.279827
0.286108
0.271154
0.269281
0.288986
0.281023
0.325496
0.30954
0.318516
0.467481
0.452599
0.460264
0.478752
0.477132
0.488425
0.254747
0.268733
0.268736
0.210183
0.208239
0.195673
0.150391
0.159845
0.158504
0.273995
0.288
0.270647
0.297874
0.301102
0.28698
0.0988962
0.111801
0.110843
0.252858
0.256432
0.244317
0.281797
0.277356
0.270394
0.277403
0.281805
0.269348
0.221769
0.20939
0.225236
0.251731
0.26179
0.247626
0.312556
0.302531
0.295329
0.279194
0.267433
0.273451
0.268595
0.255036
0.268762
0.315711
0.329938
0.31674
0.362647
0.371814
0.359528
0.365491
0.37527
0.3649
0.34101
0.329384
0.342699
0.366038
0.367003
0.377075
0.385444
0.37494
0.382664
0.151324
0.157174
0.16925
0.186107
0.184536
0.166077
0.248202
0.256103
0.238105
0.320619
0.305832
0.313153
0.137665
0.134999
0.145691
0.161467
0.154574
0.17124
0.285592
0.28972
0.299316
0.258614
0.244185
0.261496
0.337728
0.31925
0.332888
0.371209
0.364039
0.360241
0.176137
0.17078
0.162468
0.201169
0.185317
0.193118
0.35154
0.351686
0.338855
0.371016
0.382571
0.379304
0.216425
0.224446
0.210884
0.258264
0.245041
0.254041
0.30211
0.302561
0.289652
0.374355
0.373742
0.385726
0.401001
0.404955
0.390907
0.272134
0.258238
0.260298
0.272751
0.281912
0.284393
0.309675
0.304296
0.298612
0.498085
0.487597
0.496916
0.321539
0.330151
0.337552
0.346788
0.354353
0.359439
0.389315
0.377495
0.37912
0.37789
0.391016
0.379917
0.399997
0.38997
0.402403
0.412718
0.421348
0.429105
0.464456
0.454114
0.448228
0.508075
0.497425
0.491874
0.535364
0.546419
0.539108
0.380623
0.377104
0.371017
0.325535
0.315255
0.309232
0.374171
0.377856
0.384219
0.375296
0.390545
0.38591
0.403019
0.40526
0.390871
0.44056
0.425399
0.434385
0.420642
0.43519
0.424224
0.480763
0.470705
0.467167
0.444374
0.454702
0.461036
0.486048
0.48882
0.473932
0.518864
0.528993
0.523166
0.489831
0.501695
0.501874
0.352224
0.344945
0.336921
0.354587
0.368179
0.360696
0.396152
0.395691
0.383132
0.494507
0.48129
0.486831
0.265971
0.254105
0.26471
0.315609
0.302408
0.298469
0.332879
0.338743
0.323064
0.309154
0.322474
0.312711
0.363683
0.365048
0.380049
0.230363
0.21866
0.223306
0.231746
0.22323
0.217597
0.262795
0.247407
0.252784
0.352122
0.372291
0.367203
0.34593
0.331011
0.332443
0.405912
0.410704
0.426899
0.408224
0.402323
0.391112
0.361269
0.351058
0.367142
0.175328
0.17538
0.184938
0.306323
0.295178
0.305809
0.342952
0.331428
0.330051
0.353806
0.363255
0.351893
0.153848
0.145891
0.157303
0.132486
0.132681
0.141671
0.178689
0.191561
0.177358
0.258963
0.252452
0.246289
0.30604
0.289535
0.305188
0.335101
0.337538
0.337393
0.217943
0.212188
0.201863
0.237929
0.244068
0.253349
0.295027
0.30064
0.306937
0.206834
0.210456
0.218588
0.195438
0.187922
0.185078
0.236176
0.231721
0.24569
0.278272
0.27987
0.288587
0.340227
0.326894
0.329739
0.263945
0.269426
0.255961
0.32352
0.309339
0.315533
0.352877
0.33858
0.353834
0.385705
0.369692
0.375553
0.444649
0.445575
0.453413
0.408382
0.416528
0.405947
0.449292
0.450624
0.45879
0.0390955
0.0388008
0.0254619
0.076995
0.0635825
0.0653973
0.0929734
0.0948692
0.100467
0.124443
0.115038
0.114391
0.162871
0.168893
0.156044
0.222999
0.214798
0.208794
0.0423425
0.0260252
0.0365869
0.0409051
0.0390766
0.0269405
0.0937974
0.0925231
0.0804694
0.139183
0.12501
0.123154
0.151916
0.151104
0.135718
0.126829
0.140902
0.136415
0.076262
0.0867639
0.0830645
0.212072
0.234834
0.229358
0.272163
0.286319
0.264711
0.0890987
0.0761487
0.0782086
0.131287
0.132053
0.148786
0.136707
0.129641
0.141274
0.160668
0.167735
0.176151
0.200419
0.191807
0.20838
0.239372
0.224212
0.231327
0.228482
0.244829
0.241522
0.297842
0.313481
0.315377
0.356494
0.346214
0.342566
0.194901
0.205225
0.191562
0.208191
0.197863
0.210506
0.179905
0.191388
0.182868
0.160052
0.168416
0.159256
0.186578
0.196821
0.183841
0.267911
0.274967
0.258729
0.255739
0.271726
0.262542
0.296091
0.306969
0.290376
0.333785
0.335971
0.344522
0.384365
0.380391
0.394857
0.225188
0.227816
0.237105
0.266686
0.264003
0.274887
0.230343
0.22708
0.238513
0.206628
0.214084
0.202024
0.210913
0.20346
0.215336
0.254805
0.248118
0.257224
0.257162
0.24395
0.255901
0.338877
0.323883
0.333892
0.337567
0.331032
0.321824
0.401229
0.393937
0.385345
0.29054
0.311563
0.296228
0.307041
0.316528
0.296697
0.271196
0.269175
0.279487
0.29007
0.297228
0.302084
0.304591
0.296414
0.289291
0.320291
0.313597
0.326895
0.3345
0.352705
0.342185
0.334899
0.339553
0.328538
0.362895
0.359826
0.37326
0.361471
0.371242
0.364313
0.388942
0.388446
0.401041
0.45434
0.459402
0.444547
0.270536
0.284146
0.274399
0.281371
0.28609
0.273518
0.261611
0.249424
0.25643
0.28058
0.278521
0.290318
0.28442
0.291402
0.278699
0.310655
0.305538
0.318361
0.312122
0.322998
0.324577
0.399098
0.402591
0.390273
0.426931
0.423866
0.436667
0.394564
0.394086
0.382821
0.208072
0.207176
0.196961
0.258956
0.249051
0.2636
0.310597
0.316283
0.303063
0.280609
0.293784
0.282874
0.350827
0.3383
0.348013
0.290628
0.305086
0.303461
0.334134
0.34335
0.327023
0.162953
0.159364
0.150819
0.151473
0.161601
0.163953
0.199686
0.185859
0.1872
0.208624
0.195123
0.207887
0.220603
0.235353
0.224242
0.219874
0.230631
0.219648
0.247636
0.232338
0.245546
0.311175
0.291289
0.308344
0.113003
0.0992189
0.111456
0.15012
0.13685
0.138151
0.0882883
0.100693
0.0870578
0.144497
0.154982
0.156631
0.109165
0.108987
0.100407
0.181162
0.170902
0.171972
0.14414
0.132507
0.136359
0.155494
0.167715
0.160278
0.179578
0.187133
0.19274
0.126446
0.124494
0.136855
0.225746
0.216494
0.231084
0.147787
0.162539
0.161804
0.215765
0.213004
0.226628
0.19007
0.192453
0.180439
0.247115
0.256019
0.239199
0.25006
0.241197
0.256604
0.204314
0.189885
0.191184
0.202152
0.215403
0.214324
0.23835
0.240927
0.250978
0.254492
0.249905
0.242495
0.237623
0.227443
0.240231
0.271535
0.287087
0.280055
0.379204
0.368293
0.383524
0.347572
0.359945
0.344634
0.408709
0.419919
0.404723
0.0970907
0.111831
0.108031
0.0904956
0.0855148
0.0723127
0.109575
0.113883
0.121438
0.309531
0.303578
0.319
0.349265
0.368178
0.354
0.358517
0.370894
0.376133
0.354652
0.345709
0.365177
0.336879
0.334381
0.324918
0.35572
0.358762
0.367961
0.367566
0.371708
0.382543
0.378693
0.388603
0.379527
0.320612
0.339747
0.338278
0.490226
0.507533
0.507409
0.490748
0.477343
0.477392
0.43773
0.452155
0.450651
0.238646
0.252253
0.238983
0.389874
0.393515
0.373483
0.333021
0.332484
0.346127
0.147553
0.137556
0.137445
0.103546
0.114763
0.113549
0.125199
0.121958
0.113299
0.144758
0.15403
0.143
0.350902
0.360482
0.365618
0.34128
0.348214
0.353524
0.165763
0.171878
0.158833
0.16237
0.178446
0.173183
0.207102
0.208594
0.219597
0.372097
0.37258
0.38658
0.366893
0.363016
0.377115
0.386667
0.384135
0.388855
0.364951
0.361355
0.373901
0.339569
0.342628
0.32742
0.383241
0.397304
0.389371
0.400855
0.384413
0.393705
0.407605
0.418102
0.407588
0.428278
0.416806
0.429509
0.40583
0.421064
0.408575
0.324187
0.30646
0.31711
0.283112
0.295961
0.287269
0.2499
0.247146
0.239733
0.26273
0.26414
0.27338
0.301237
0.321066
0.302865
0.340683
0.318351
0.335695
0.47052
0.472841
0.486591
0.445017
0.445582
0.43192
0.418601
0.419743
0.432524
0.363786
0.378859
0.367939
0.180732
0.180682
0.194173
0.301883
0.285869
0.302202
0.0841381
0.100338
0.0860248
0.104334
0.0887709
0.0940673
0.300324
0.303942
0.291414
0.151503
0.136171
0.138661
0.294375
0.2965
0.311174
0.324652
0.336424
0.341496
0.30606
0.305188
0.321387
0.335934
0.336752
0.32324
0.375717
0.386291
0.386507
0.459797
0.447024
0.445161
0.37604
0.378286
0.361066
0.452372
0.450759
0.46267
0.184727
0.184058
0.144644
0.124519
0.127922
0.146407
0.175869
0.165444
0.197163
0.202548
0.202465
0.187095
0.243659
0.237235
0.22005
0.211507
0.274394
0.260816
0.307465
0.310048
0.2906
0.273832
0.340614
0.32597
0.318783
0.323575
0.351625
0.335486
0.147698
0.204181
0.199664
0.183807
0.254561
0.256145
0.223086
0.203842
0.205863
0.225267
0.312808
0.326115
0.296347
0.306444
0.344603
0.349496
0.357878
0.31625
0.334268
0.34781
0.179472
0.182799
0.153064
0.143988
0.15693
0.169169
0.211617
0.208024
0.196839
0.178313
0.216761
0.231361
0.203093
0.211042
0.243771
0.25036
0.222672
0.249532
0.268171
0.264795
0.276314
0.279525
0.300366
0.30117
0.315148
0.306973
0.31197
0.282
0.349712
0.351319
0.323478
0.327495
0.402722
0.408044
0.376105
0.364266
0.365574
0.383486
0.402052
0.393086
0.41602
0.390592
0.180397
0.191182
0.19019
0.204793
0.227172
0.223041
0.249076
0.236272
0.243143
0.207829
0.262009
0.26127
0.248724
0.237006
0.22482
0.235714
0.277784
0.264918
0.304884
0.304945
0.283848
0.271233
0.354954
0.350566
0.331727
0.315953
0.312855
0.323609
0.339168
0.368892
0.382366
0.372869
0.361838
0.362256
0.44656
0.432241
0.423377
0.410871
0.41421
0.425601
0.375051
0.398109
0.47082
0.461822
0.472487
0.459433
0.451046
0.444731
0.422763
0.445989
0.423334
0.4048
0.274547
0.284475
0.278457
0.260239
0.294146
0.286358
0.310287
0.30907
0.316262
0.325989
0.294391
0.321094
0.317782
0.320332
0.353186
0.355385
0.333017
0.33305
0.381177
0.368385
0.415808
0.409825
0.397275
0.379981
0.448166
0.432279
0.418753
0.410891
0.441645
0.461206
0.469756
0.466127
0.483217
0.47259
0.501688
0.504119
0.478269
0.504884
0.342834
0.335718
0.37173
0.379171
0.367275
0.352813
0.332659
0.354949
0.355252
0.339143
0.369426
0.378344
0.371125
0.362512
0.363643
0.339488
0.397099
0.409064
0.400739
0.375357
0.410723
0.422183
0.415
0.425671
0.448814
0.44885
0.440409
0.434807
0.422187
0.404717
0.454725
0.459437
0.475091
0.485716
0.443574
0.477575
0.519702
0.528098
0.517078
0.487781
0.512
0.526113
0.509363
0.521438
0.542623
0.542954
0.323102
0.33093
0.341888
0.357114
0.369336
0.360517
0.340778
0.350034
0.346801
0.360752
0.38077
0.373734
0.42469
0.413928
0.413948
0.402535
0.392168
0.39935
0.508047
0.497037
0.512172
0.500723
0.488136
0.49576
0.492008
0.469553
0.462714
0.47508
0.448012
0.425003
0.433952
0.466282
0.541187
0.553127
0.525293
0.52998
0.54821
0.542641
0.51681
0.509821
0.538854
0.522689
0.513158
0.541967
0.530898
0.515709
0.309154
0.30979
0.291634
0.278422
0.277886
0.292671
0.304194
0.301061
0.336761
0.328198
0.341191
0.321596
0.397829
0.37298
0.366297
0.379783
0.409083
0.447948
0.424002
0.408222
0.465489
0.481019
0.459834
0.497021
0.452677
0.423746
0.508385
0.492472
0.426233
0.407867
0.454408
0.453028
0.424672
0.410158
0.434688
0.470955
0.478714
0.468155
0.286008
0.274286
0.288879
0.275581
0.241689
0.24418
0.333932
0.347832
0.309111
0.313851
0.34495
0.354115
0.353548
0.337267
0.381904
0.377151
0.33553
0.323116
0.397436
0.364891
0.362204
0.394794
0.408745
0.401707
0.416386
0.452477
0.429708
0.412011
0.195714
0.206109
0.177985
0.179873
0.207761
0.216153
0.230954
0.280467
0.259505
0.244361
0.296223
0.304824
0.2976
0.266626
0.260338
0.304008
0.287845
0.276281
0.307
0.317635
0.288957
0.316423
0.355141
0.368667
0.329057
0.328383
0.361664
0.377
0.372076
0.381759
0.378753
0.395767
0.138164
0.140629
0.156945
0.165891
0.16806
0.162412
0.205206
0.215106
0.179188
0.178804
0.194573
0.205366
0.242573
0.242109
0.270566
0.279624
0.277695
0.267587
0.304985
0.285038
0.176612
0.20661
0.21706
0.206324
0.232416
0.246325
0.262301
0.27434
0.272229
0.284361
0.306697
0.305965
0.321546
0.308942
0.338664
0.344763
0.334415
0.317625
0.25494
0.249974
0.284272
0.293685
0.282226
0.268247
0.232789
0.230192
0.262866
0.271138
0.266931
0.256002
0.290175
0.284604
0.313965
0.321026
0.31361
0.301113
0.206522
0.207572
0.228556
0.239276
0.245389
0.233053
0.279409
0.27434
0.260811
0.248608
0.282759
0.295922
0.272422
0.281282
0.304129
0.308489
0.304937
0.316847
0.293412
0.301698
0.330847
0.337842
0.294827
0.264612
0.312028
0.300109
0.313429
0.278858
0.32466
0.323274
0.350579
0.35092
0.33884
0.354526
0.320743
0.363371
0.399902
0.412783
0.377795
0.37887
0.410538
0.419147
0.367508
0.369248
0.385734
0.414969
0.408605
0.398039
0.427052
0.386095
0.491434
0.476003
0.505031
0.500189
0.478156
0.470058
0.448501
0.447592
0.467201
0.462357
0.440027
0.435682
0.435726
0.426522
0.411688
0.416298
0.442131
0.411255
0.433832
0.4438
0.0643206
0.0574698
0.0504658
0.0373337
0.0138759
0.0193612
0.0194545
0.0530651
0.0695414
0.0712216
0.0587055
0.0155741
0.0408526
0.0499783
0.0729959
0.0597797
0.077546
0.0810067
0.0608224
0.0857455
0.0923678
0.0844535
0.251624
0.237205
0.259966
0.252655
0.226446
0.220709
0.0900732
0.0856491
0.0674646
0.0525639
0.0537392
0.0654696
0.100996
0.111983
0.0731638
0.105975
0.146049
0.149737
0.116661
0.105221
0.107103
0.120919
0.16573
0.176688
0.169362
0.189415
0.221167
0.212141
0.169447
0.218609
0.19702
0.18265
0.203096
0.235206
0.241224
0.232192
0.274902
0.275683
0.25623
0.250673
0.0483401
0.0619437
0.0187549
0.0188783
0.0535076
0.0656412
0.109577
0.0972397
0.130301
0.131532
0.110893
0.0954972
0.152739
0.16395
0.117315
0.147909
0.182074
0.155464
0.186333
0.196503
0.212036
0.240166
0.239371
0.193739
0.095971
0.112649
0.0730075
0.0747966
0.102623
0.116736
0.146969
0.119815
0.145317
0.156904
0.26127
0.282838
0.262164
0.28038
0.319186
0.319109
0.307576
0.327283
0.279045
0.334892
0.128119
0.127214
0.166259
0.182115
0.176024
0.158843
0.218136
0.226448
0.184768
0.182613
0.208716
0.221783
0.231929
0.257169
0.260988
0.242258
0.285251
0.286698
0.316674
0.327137
0.323221
0.316723
0.334472
0.337464
0.353477
0.365
0.374785
0.365736
0.247237
0.257897
0.224212
0.225056
0.244405
0.254399
0.259055
0.249121
0.266004
0.259606
0.24123
0.237131
0.219859
0.232085
0.227396
0.238336
0.253835
0.25454
0.268907
0.282269
0.267442
0.277018
0.300716
0.303918
0.28727
0.318496
0.331772
0.321466
0.277101
0.326785
0.307592
0.290694
0.339904
0.3485
0.354789
0.370366
0.385968
0.378957
0.341589
0.386747
0.369925
0.356615
0.374058
0.403325
0.41838
0.406235
0.412169
0.442172
0.452916
0.435226
0.268078
0.26764
0.2873
0.30209
0.300933
0.289964
0.276761
0.26643
0.292847
0.292708
0.274555
0.263786
0.310658
0.301365
0.391041
0.387357
0.413128
0.407585
0.377139
0.369232
0.447347
0.459385
0.429777
0.422624
0.421032
0.432379
0.385592
0.386136
0.410959
0.411581
0.415311
0.402846
0.253179
0.264626
0.230429
0.229911
0.247868
0.260057
0.250726
0.262152
0.234991
0.240799
0.269923
0.276277
0.304513
0.309607
0.298296
0.287539
0.30271
0.315043
0.36978
0.36757
0.349384
0.337014
0.33416
0.343828
0.379226
0.342609
0.36209
0.375387
0.32901
0.320571
0.329614
0.356789
0.363952
0.37743
0.361765
0.37181
0.39386
0.396236
0.272081
0.255895
0.280659
0.273575
0.241672
0.23371
0.220427
0.219662
0.210419
0.219627
0.18911
0.1868
0.211661
0.222908
0.235078
0.220468
0.255905
0.256172
0.235584
0.221961
0.265738
0.250646
0.276337
0.269027
0.239713
0.23029
0.185979
0.174678
0.20757
0.208381
0.180227
0.168584
0.168776
0.181618
0.164975
0.175889
0.204331
0.206483
0.20621
0.193215
0.21495
0.172371
0.263053
0.277447
0.257642
0.273245
0.312442
0.310008
0.0880999
0.0838565
0.116734
0.125895
0.124886
0.114437
0.138229
0.138441
0.157155
0.157175
0.151575
0.149767
0.131848
0.12037
0.117593
0.128407
0.159415
0.129718
0.153633
0.162751
0.193545
0.206632
0.175426
0.180004
0.202557
0.209941
0.256071
0.243057
0.255093
0.242101
0.220352
0.220873
0.305959
0.303265
0.271916
0.270383
0.207989
0.19928
0.210599
0.177116
0.219695
0.242173
0.261662
0.255245
0.0872153
0.0807234
0.1106
0.115468
0.115408
0.103144
0.1302
0.132506
0.149316
0.16466
0.180134
0.166635
0.210407
0.201004
0.1968
0.171121
0.205779
0.225574
0.242584
0.236703
0.191755
0.195844
0.168335
0.157541
0.165795
0.179488
0.134488
0.126544
0.161911
0.146413
0.189035
0.21352
0.217987
0.208924
0.242747
0.245669
0.218001
0.23027
0.249177
0.26233
0.25185
0.260587
0.283395
0.287207
0.301575
0.304653
0.294919
0.265568
0.316106
0.302197
0.341134
0.341296
0.306991
0.29189
0.337905
0.353076
0.305136
0.354864
0.428306
0.411193
0.433751
0.424156
0.395177
0.38869
0.3965
0.408873
0.386088
0.427598
0.38879
0.358558
0.350857
0.370459
0.432787
0.442945
0.410819
0.439719
0.0818105
0.105118
0.0994374
0.0621819
0.303737
0.319129
0.304135
0.338592
0.387334
0.394964
0.363111
0.357484
0.385151
0.398486
0.520397
0.546084
0.336416
0.340524
0.360342
0.376912
0.394978
0.383591
0.324922
0.38775
0.353046
0.331307
0.0880752
0.0943307
0.115287
0.125969
0.127512
0.119306
0.316967
0.30667
0.350706
0.355073
0.334777
0.318562
0.314379
0.306528
0.338135
0.342854
0.32975
0.318398
0.336783
0.332759
0.362292
0.373332
0.369526
0.354152
0.154463
0.154884
0.18286
0.195375
0.195865
0.185629
0.201362
0.191882
0.226644
0.229394
0.196512
0.184601
0.326015
0.336387
0.295365
0.289933
0.303232
0.316509
0.257816
0.276037
0.354526
0.354177
0.403417
0.431691
0.431067
0.41663
0.393779
0.391438
0.410348
0.422244
0.404839
0.395771
0.485825
0.501622
0.489407
0.508144
0.527635
0.53541
0.447018
0.448275
0.474829
0.473425
0.293729
0.290893
0.263191
0.26481
0.293863
0.273215
0.0583516
0.074085
0.0470056
0.058749
0.0851864
0.0877308
0.28856
0.30116
0.290146
0.255747
0.299212
0.309443
0.327324
0.310898
0.343931
0.340934
0.315255
0.297168
0.465792
0.483339
0.473618
0.439921
0.498324
0.469229
0.464621
0.468181
0.266655
0.284599
0.24053
0.284719
0.182046
0.225099
0.223928
0.209115
0.15792
0.169049
0.138838
0.170193
0.270291
0.274737
0.303964
0.302783
0.122445
0.085941
0.115749
0.127213
0.231953
0.235251
0.245134
0.25837
0.268832
0.259325
0.263306
0.287074
0.293507
0.280216
0.25644
0.272911
0.28886
0.294753
0.24163
0.233367
0.218774
0.193545
0.244151
0.271516
0.286233
0.280031
0.320847
0.330229
0.308934
0.292913
0.266705
0.256746
0.282413
0.278588
0.264153
0.241578
0.31815
0.3136
0.342983
0.342997
0.348396
0.356129
0.350478
0.363796
0.3843
0.380279
0.353642
0.364712
0.355804
0.369192
0.384371
0.382903
0.386504
0.3871
0.365211
0.367028
0.186894
0.147903
0.136114
0.15313
0.229272
0.266768
0.331255
0.30315
0.157238
0.132714
0.123739
0.137859
0.187203
0.17037
0.271394
0.278702
0.346173
0.357874
0.359026
0.379742
0.149316
0.165568
0.398084
0.376318
0.261293
0.284789
0.294322
0.28919
0.322059
0.306635
0.341296
0.314524
0.369257
0.36488
0.380327
0.400024
0.401159
0.375918
0.380271
0.403486
0.443341
0.431975
0.480722
0.458561
0.522891
0.502601
0.367702
0.371244
0.302858
0.337466
0.379761
0.368163
0.357858
0.366976
0.392564
0.385011
0.443128
0.418472
0.410877
0.427224
0.407562
0.44974
0.464062
0.489281
0.47522
0.463363
0.505204
0.47775
0.479095
0.503922
0.352967
0.341507
0.369021
0.39662
0.26655
0.240151
0.329495
0.305861
0.237878
0.211903
0.245569
0.23109
0.363147
0.384853
0.333042
0.392727
0.414603
0.401093
0.37154
0.358547
0.334162
0.341974
0.316898
0.319582
0.356668
0.335517
0.168786
0.163893
0.151902
0.135239
0.123662
0.125109
0.321124
0.322271
0.186003
0.234092
0.22227
0.206464
0.230496
0.195361
0.206274
0.218286
0.174734
0.183928
0.259271
0.24281
0.353915
0.325278
0.395291
0.363784
0.470822
0.449955
0.0154657
0.0437065
0.0528909
0.0508982
0.0667608
0.091004
0.109545
0.110502
0.0925825
0.103791
0.114719
0.134097
0.134204
0.12107
0.144067
0.151738
0.154942
0.175301
0.194695
0.206766
0.155206
0.124512
0.242826
0.258035
0.153766
0.15114
0.193558
0.175092
0.224756
0.209432
0.241255
0.255501
0.250004
0.217897
0.333931
0.327023
0.187561
0.200657
0.217942
0.214103
0.220267
0.215272
0.204994
0.184417
0.17974
0.190363
0.167889
0.203161
0.167946
0.179656
0.192006
0.208198
0.249558
0.28131
0.273828
0.287285
0.303898
0.324205
0.245133
0.230685
0.282772
0.260573
0.226082
0.215099
0.195437
0.219383
0.343486
0.354277
0.346124
0.313462
0.29842
0.286894
0.318285
0.324617
0.279247
0.299042
0.291153
0.277298
0.299965
0.288303
0.281659
0.300477
0.321594
0.325283
0.348377
0.328582
0.342717
0.349203
0.316642
0.330714
0.38126
0.354368
0.431502
0.450511
0.267018
0.293795
0.267515
0.274963
0.297031
0.273117
0.266311
0.277916
0.292114
0.304238
0.324693
0.298927
0.300036
0.323471
0.40999
0.417501
0.447809
0.419811
0.370602
0.39444
0.407344
0.405758
0.289511
0.306585
0.278955
0.305722
0.35236
0.326394
0.315032
0.323644
0.344363
0.35833
0.142509
0.167261
0.175826
0.138774
0.162124
0.174534
0.184137
0.210556
0.217414
0.249436
0.218474
0.24379
0.125781
0.113012
0.126043
0.0860004
0.135183
0.159065
0.0906812
0.109666
0.144343
0.156337
0.167753
0.180881
0.175805
0.134562
0.164648
0.178
0.240993
0.237143
0.223135
0.207608
0.201682
0.214327
0.231899
0.256111
0.273649
0.265907
0.216824
0.189265
0.225667
0.228508
0.258103
0.23386
0.398239
0.388925
0.374099
0.352084
0.343373
0.373663
0.398721
0.428675
0.092439
0.116783
0.108581
0.0972131
0.129772
0.106758
0.329574
0.298342
0.340836
0.329942
0.344526
0.38267
0.378399
0.379237
0.343096
0.345568
0.362556
0.357754
0.384585
0.363306
0.349548
0.345369
0.382011
0.364338
0.391961
0.36492
0.352188
0.35814
0.301846
0.341337
0.504159
0.475332
0.475993
0.507275
0.464014
0.463254
0.448342
0.422906
0.356672
0.394877
0.318522
0.318282
0.100807
0.137059
0.132019
0.119525
0.145205
0.16431
0.355241
0.366929
0.167655
0.144715
0.387831
0.359075
0.38904
0.369279
0.355723
0.347263
0.386412
0.372334
0.358406
0.351128
0.316037
0.341354
0.375479
0.406964
0.396001
0.407899
0.395915
0.430573
0.395872
0.389612
0.286048
0.272835
0.282005
0.307628
0.262204
0.253578
0.302571
0.340323
0.458004
0.459403
0.418335
0.445808
0.336943
0.308779
