# bob_500f_0
# Number of vertices: 250, Number of faces: 500
# Preprocessing time: 0.000401834
# Query time: 3.18907
0.262338
0.328474
0.232476
0.320734
0.0606617
0.330941
0.272052
0.285734
0.234071
0.223004
0.301041
0.136931
0.123112
0.213294
0.204237
0.291687
0.371921
0.351043
0.169829
0.196834
0.261128
0.27351
0.325533
0.416445
0.402545
0.19407
0.249405
0.22585
0.317093
0.370055
0.371097
0.417477
0.442395
0.302793
0.277248
0.29289
0.31882
0.390983
0.43447
0.464844
0.482477
0.364179
0.335606
0.326318
0.377327
0.364032
0.413636
0.452483
0.538627
0.511736
0.380747
0.374878
0.415704
0.425625
0.459825
0.49257
0.497398
0.514808
0.559633
0.530889
0.319993
0.364451
0.353817
0.40397
0.425225
0.464689
0.299745
0.309143
0.36075
0.378281
0.420475
0.481964
0.40892
0.208843
0.264902
0.320064
0.392878
0.286733
0.328547
0.373342
0.172701
0.169728
0.230354
0.209578
0.288893
0.329517
0.330732
0.222469
0.180561
0.2427
0.277074
0.280558
0.321656
0.245325
0.312565
0.293813
0.37423
0.374386
0.479156
0.446489
0
0.0505793
0.0478934
0.112333
0.0578524
0.101937
0.161664
0.191505
0.250463
0.104126
0.172138
0.234976
0.26521
0.12262
0.107719
0.175473
0.144132
0.17688
0.232929
0.207888
0.265718
0.345907
0.189109
0.328305
0.365795
0.255709
0.219507
0.234054
0.272826
0.229334
0.275978
0.298144
0.361592
0.394961
0.263692
0.307166
0.305389
0.318249
0.337764
0.356494
0.396074
0.414685
0.441231
0.27129
0.255773
0.321288
0.2755
0.352172
0.329324
0.385573
0.421861
0.227766
0.304115
0.280171
0.381853
0.176347
0.175268
0.23169
0.263818
0.127729
0.127422
0.173885
0.221006
0.220817
0.271279
0.0693901
0.0886939
0.125317
0.144142
0.175836
0.225882
0.275687
0.121503
0.164879
0.191247
0.175499
0.222954
0.255794
0.2119
0.262982
0.318405
0.293139
0.407458
0.386931
0.315822
0.309568
0.141694
0.0964282
0.353834
0.357909
0.403457
0.520104
0.541937
0.362387
0.475043
0.487554
0.293732
0.429745
0.387427
0.173848
0.130052
0.333761
0.373238
0.141781
0.201601
0.20162
0.25224
0.351215
0.401855
0.428834
0.398437
0.428419
0.483081
0.406147
0.29136
0.325048
0.430219
0.45826
0.501009
0.36407
0.304248
0.473398
0.289994
0.42281
0.227353
0.217338
0.347322
0.231423
0.172051
0.336809
0.129572
0.338419
0.0774915
0.0712193
0.279592
0.255251
0.187446
0.286475
0.269732
0.338022
0.305515
0.353307
0.395345
0.361575
0.366545
0.359364
0.397113
0.442519
0.386543
0.44151
