# bob_500f_2
# Number of vertices: 4000, Number of faces: 8000
# Preprocessing time: 4.2e-08
# Query time: 0.0158134
0.253084
0.314603
0.221433
0.305793
0.0611903
0.319581
0.266424
0.278489
0.22598
0.220835
0.283779
0.129822
0.121386
0.204666
0.201729
0.283097
0.362818
0.340135
0.163227
0.194242
0.257258
0.26567
0.313714
0.408785
0.385276
0.188042
0.242162
0.218974
0.307041
0.359049
0.358302
0.404329
0.424679
0.291513
0.270158
0.282266
0.315385
0.382157
0.419984
0.451426
0.469135
0.348936
0.322286
0.319418
0.368324
0.357301
0.406205
0.442301
0.525984
0.503904
0.370842
0.362178
0.406668
0.399546
0.44871
0.473942
0.483151
0.494452
0.53667
0.511799
0.311429
0.337736
0.329922
0.375077
0.405254
0.44544
0.278181
0.285693
0.345324
0.351333
0.401561
0.463367
0.390581
0.198804
0.245756
0.30912
0.372842
0.276091
0.311149
0.358467
0.166476
0.159416
0.220122
0.202084
0.271847
0.319661
0.318946
0.212495
0.170973
0.231299
0.263084
0.267543
0.305159
0.230599
0.304431
0.280775
0.358668
0.356597
0.457104
0.431209
0
0.0503613
0.0481049
0.111022
0.0577495
0.0966904
0.153928
0.181952
0.240931
0.0993468
0.17024
0.225876
0.254997
0.114646
0.108339
0.166206
0.13859
0.160919
0.228001
0.196923
0.264927
0.330478
0.185265
0.330397
0.3539
0.244729
0.208389
0.228144
0.2557
0.212414
0.263788
0.289991
0.355821
0.384425
0.251846
0.295822
0.28982
0.305738
0.327036
0.334712
0.37003
0.412122
0.411043
0.263668
0.250875
0.304487
0.259819
0.324845
0.30685
0.361268
0.392986
0.221575
0.280643
0.25683
0.349771
0.177579
0.168697
0.218186
0.251405
0.129143
0.120767
0.160114
0.198953
0.208655
0.249427
0.0704029
0.0856684
0.117031
0.135397
0.162655
0.208171
0.256659
0.120565
0.153723
0.182211
0.173454
0.210175
0.238586
0.195827
0.246239
0.301595
0.279921
0.391942
0.370269
0.296585
0.299321
0.136999
0.0928188
0.338636
0.339151
0.382655
0.497696
0.51325
0.346882
0.448783
0.458899
0.277772
0.403496
0.363819
0.164892
0.129127
0.316158
0.35464
0.133473
0.19188
0.190687
0.24285
0.338452
0.389064
0.410475
0.38526
0.411785
0.47062
0.390402
0.277091
0.31328
0.411918
0.442411
0.480835
0.353428
0.293002
0.444421
0.281359
0.398471
0.220482
0.218603
0.322926
0.220871
0.164885
0.314671
0.122781
0.316313
0.0770265
0.0707267
0.264148
0.243073
0.178112
0.27912
0.264963
0.329888
0.29282
0.340307
0.379535
0.347826
0.350102
0.3419
0.384034
0.426533
0.374817
0.428019
0.161897
0.123914
0.161419
0.184112
0.19969
0.171374
0.228979
0.220754
0.28752
0.295328
0.262869
0.321729
0.326283
0.326152
0.19807
0.164341
0.236348
0.201182
0.23796
0.300744
0.321139
0.331583
0.313989
0.339894
0.161108
0.148207
0.173825
0.201976
0.189494
0.208084
0.223626
0.238328
0.232032
0.262283
0.286302
0.283432
0.309294
0.291004
0.332126
0.334315
0.383785
0.35977
0.390619
0.398895
0.378585
0.178069
0.20801
0.199191
0.238856
0.216768
0.251648
0.227953
0.244947
0.286627
0.291383
0.265765
0.335368
0.307749
0.331571
0.367517
0.348632
0.356873
0.431104
0.406818
0.418435
0.38127
0.466063
0.45551
0.441013
0.427715
0.402114
0.274547
0.264327
0.294445
0.295692
0.29873
0.316177
0.315694
0.339743
0.338538
0.367134
0.400526
0.388041
0.431236
0.407437
0.456401
0.446994
0.478786
0.485859
0.480621
0.349567
0.362068
0.333377
0.338086
0.34001
0.365293
0.365838
0.347257
0.396718
0.38052
0.40814
0.42935
0.430115
0.423287
0.41165
0.448813
0.451611
0.472848
0.516896
0.492883
0.494818
0.519797
0.520732
0.324408
0.354856
0.337377
0.335218
0.363926
0.350922
0.411924
0.389251
0.399775
0.507319
0.482166
0.493942
0.470629
0.45589
0.430197
0.441691
0.526728
0.53539
0.54309
0.523056
0.507849
0.527372
0.504208
0.293064
0.27052
0.294659
0.307257
0.306598
0.321895
0.377885
0.363353
0.424317
0.401331
0.45195
0.480518
0.428387
0.494366
0.434406
0.431339
0.405295
0.448788
0.466295
0.278635
0.251764
0.252425
0.315654
0.323453
0.343825
0.357953
0.34764
0.321711
0.379046
0.371925
0.402476
0.427215
0.421207
0.183777
0.189301
0.206598
0.263294
0.231939
0.296728
0.278751
0.289835
0.263631
0.291203
0.310625
0.335441
0.33835
0.364942
0.370473
0.38958
0.143829
0.162529
0.14849
0.187545
0.182272
0.205136
0.253697
0.271988
0.250412
0.290299
0.186296
0.206617
0.233412
0.261828
0.288498
0.287148
0.328226
0.337322
0.304935
0.261972
0.278881
0.25036
0.239145
0.261674
0.237469
0.291905
0.306925
0.284411
0.211703
0.237526
0.216552
0.265052
0.253901
0.26876
0.285533
0.293508
0.293714
0.308685
0.322783
0.278501
0.306112
0.283721
0.330928
0.33055
0.320107
0.351002
0.381676
0.386403
0.407899
0.358392
0.388739
0.406941
0.389184
0.482825
0.475662
0.458641
0.444243
0.440905
0.426369
0.408415
0.416231
0.412266
0.431845
0.0539398
0.0257449
0.038287
0.036572
0.0673348
0.0289433
0.0503213
0.0665826
0.0757
0.0693585
0.0840263
0.246266
0.232958
0.219906
0.0775102
0.0493705
0.0710992
0.0860542
0.107937
0.124853
0.102208
0.131275
0.163871
0.199902
0.186375
0.200762
0.170504
0.230112
0.210342
0.258002
0.256852
0.0342835
0.0362855
0.0624001
0.114288
0.118763
0.0904206
0.132903
0.152386
0.167154
0.186277
0.220884
0.211766
0.0842784
0.0874896
0.113969
0.125568
0.145347
0.255315
0.2905
0.291434
0.285579
0.322972
0.145857
0.17723
0.139001
0.197599
0.190352
0.219429
0.236552
0.243557
0.298968
0.318007
0.296181
0.335128
0.359144
0.341071
0.230739
0.227799
0.247146
0.256992
0.247453
0.238142
0.216472
0.237422
0.23461
0.257651
0.276283
0.287778
0.314101
0.294193
0.306274
0.277139
0.341934
0.376109
0.357329
0.367237
0.342771
0.3989
0.378806
0.41492
0.43068
0.267994
0.292289
0.271978
0.275395
0.27693
0.255772
0.297268
0.388793
0.387478
0.371105
0.425037
0.411856
0.433177
0.389622
0.38729
0.401625
0.235599
0.23388
0.257059
0.238242
0.250452
0.263217
0.299882
0.291026
0.309529
0.35136
0.327044
0.34618
0.339025
0.364481
0.313167
0.332446
0.351409
0.369465
0.374259
0.27082
0.252443
0.239387
0.213582
0.198658
0.194864
0.215521
0.242918
0.242586
0.218514
0.263211
0.251153
0.234616
0.190827
0.190973
0.166813
0.165051
0.186863
0.191478
0.205589
0.178685
0.254715
0.283334
0.285904
0.102781
0.121205
0.0958201
0.143534
0.143747
0.140405
0.116845
0.13534
0.137158
0.155349
0.178379
0.188677
0.202806
0.246286
0.225595
0.222719
0.279531
0.279001
0.20299
0.18471
0.226214
0.25376
0.0985082
0.111848
0.0900014
0.136577
0.167033
0.145091
0.197932
0.181042
0.227429
0.216073
0.173725
0.155147
0.180188
0.146016
0.131987
0.199392
0.204944
0.219106
0.2291
0.24041
0.257831
0.26447
0.293211
0.275166
0.322482
0.318712
0.291851
0.314183
0.345813
0.421562
0.400344
0.38961
0.382067
0.409535
0.366311
0.35262
0.412496
0.432304
0.0896934
0.0774448
0.292794
0.32232
0.366981
0.361025
0.386526
0.520824
0.345163
0.378421
0.355287
0.363689
0.319369
0.0987569
0.124304
0.106768
0.321769
0.334441
0.303035
0.317235
0.325359
0.303199
0.338153
0.359371
0.331259
0.165978
0.193369
0.170054
0.211277
0.210752
0.186769
0.304703
0.293711
0.323033
0.26414
0.354063
0.428784
0.400766
0.392304
0.404623
0.385636
0.475994
0.511105
0.504901
0.449429
0.449856
0.267732
0.271176
0.273331
0.0488116
0.0699572
0.0783374
0.285939
0.269305
0.29086
0.327998
0.320623
0.295339
0.46129
0.445784
0.453552
0.470126
0.24757
0.277645
0.21905
0.19011
0.145009
0.165587
0.281743
0.282987
0.0990535
0.121307
0.232631
0.255577
0.242781
0.267075
0.278045
0.255722
0.283472
0.234095
0.202961
0.254778
0.296427
0.304512
0.27475
0.251781
0.275556
0.246439
0.315615
0.322656
0.339823
0.364416
0.359772
0.346634
0.369578
0.367692
0.366281
0.368512
0.164978
0.141113
0.245301
0.314398
0.125704
0.145892
0.175577
0.270382
0.346529
0.358498
0.152388
0.382579
0.264608
0.282692
0.307143
0.319638
0.363819
0.384791
0.385706
0.386925
0.431371
0.462916
0.505001
0.374656
0.317691
0.367236
0.352392
0.392267
0.421327
0.400105
0.43053
0.47136
0.459069
0.48224
0.483917
0.33622
0.373344
0.247536
0.30886
0.218119
0.233997
0.340903
0.381195
0.410531
0.341688
0.351377
0.311412
0.340654
0.163162
0.139879
0.120556
0.316497
0.219482
0.191394
0.195258
0.219125
0.173433
0.244752
0.329504
0.370754
0.448786
0.0293401
0.0492531
0.0753794
0.0976276
0.10338
0.11969
0.123753
0.14341
0.15588
0.193706
0.137022
0.24296
0.149182
0.180112
0.211283
0.242241
0.228978
0.31987
0.207193
0.198636
0.212126
0.188076
0.168102
0.192216
0.168734
0.194955
0.256296
0.27344
0.307935
0.235548
0.262714
0.215976
0.206513
0.340627
0.323054
0.298119
0.309903
0.285896
0.277945
0.290258
0.290574
0.322289
0.334646
0.349713
0.318271
0.359009
0.426398
0.273526
0.268486
0.280141
0.267927
0.293175
0.309886
0.304441
0.399043
0.420283
0.373022
0.396091
0.288198
0.282881
0.329557
0.308936
0.340919
0.154219
0.14735
0.171924
0.194489
0.226753
0.224748
0.122545
0.096804
0.144793
0.0980198
0.146117
0.169136
0.145914
0.17214
0.226504
0.199157
0.219221
0.258478
0.242303
0.197501
0.220477
0.239744
0.384457
0.355265
0.349644
0.402815
0.103379
0.0996629
0.114645
0.304396
0.327072
0.354624
0.352925
0.350582
0.359788
0.366452
0.337358
0.362875
0.372309
0.347471
0.314028
0.475756
0.478359
0.453455
0.423407
0.366514
0.313657
0.129859
0.106732
0.151291
0.34816
0.153949
0.360944
0.367608
0.337513
0.367937
0.342429
0.321128
0.383232
0.385957
0.407768
0.382136
0.271053
0.287358
0.251331
0.314496
0.447892
0.421189
0.312524
0.141913
0.142084
0.161837
0.190819
0.18651
0.176708
0.213352
0.210838
0.224385
0.290772
0.279548
0.274485
0.324266
0.33847
0.336785
0.181176
0.180511
0.162249
0.2199
0.220037
0.23671
0.308338
0.325966
0.316227
0.319903
0.326681
0.333608
0.15515
0.160473
0.167913
0.187857
0.181206
0.195691
0.217085
0.232059
0.223586
0.215468
0.228693
0.212215
0.250098
0.247141
0.23498
0.275561
0.286455
0.272163
0.297226
0.288041
0.299549
0.321446
0.321374
0.332867
0.372258
0.373612
0.385686
0.396411
0.38715
0.388533
0.192589
0.203874
0.188469
0.223769
0.211802
0.226769
0.239923
0.235486
0.247665
0.288549
0.278764
0.275378
0.320898
0.318883
0.332773
0.35116
0.357666
0.34136
0.344255
0.343383
0.330554
0.418884
0.420142
0.428771
0.395122
0.394387
0.383042
0.460797
0.445202
0.452272
0.442952
0.440049
0.42861
0.407518
0.400212
0.409815
0.268605
0.257305
0.263179
0.283799
0.295178
0.285442
0.297816
0.305643
0.307433
0.305084
0.293045
0.303658
0.327701
0.326445
0.338081
0.357745
0.353576
0.34331
0.383983
0.380216
0.393651
0.419425
0.416435
0.428333
0.443431
0.449403
0.43813
0.468166
0.483353
0.470654
0.471204
0.485101
0.477108
0.354296
0.347532
0.340451
0.337128
0.327649
0.328812
0.356759
0.34337
0.354238
0.350284
0.341978
0.354027
0.389427
0.37571
0.38122
0.417819
0.428767
0.418841
0.410122
0.404061
0.41895
0.436114
0.438614
0.42655
0.447562
0.458794
0.462221
0.505998
0.489077
0.501695
0.506423
0.517367
0.507261
0.339786
0.345726
0.330463
0.349555
0.35828
0.346648
0.399665
0.393772
0.406742
0.494297
0.48843
0.500399
0.462577
0.468804
0.476605
0.435173
0.452103
0.442935
0.531408
0.543192
0.535759
0.52586
0.52152
0.513346
0.522813
0.516784
0.515576
0.28132
0.281728
0.291298
0.323361
0.32084
0.308123
0.298876
0.30668
0.313867
0.369877
0.376523
0.381818
0.423852
0.410902
0.416377
0.461119
0.474373
0.468376
0.441411
0.430856
0.441474
0.488623
0.494053
0.504408
0.432968
0.419357
0.418097
0.456456
0.451046
0.440144
0.264981
0.250971
0.264948
0.316082
0.331168
0.330245
0.351078
0.336112
0.342923
0.369413
0.384304
0.388144
0.380407
0.377746
0.372506
0.412584
0.43006
0.411896
0.439585
0.427173
0.446924
0.186797
0.199742
0.195247
0.258413
0.248726
0.241388
0.28524
0.269365
0.276105
0.283846
0.276822
0.269979
0.291288
0.299781
0.300212
0.336705
0.352145
0.349412
0.376262
0.381349
0.379923
0.153939
0.153682
0.145056
0.184452
0.192153
0.197516
0.262707
0.261165
0.250021
0.281102
0.282046
0.290725
0.197408
0.194373
0.183823
0.219581
0.227354
0.214252
0.275615
0.288443
0.273587
0.332123
0.32098
0.315549
0.271416
0.265119
0.25676
0.249824
0.249404
0.236884
0.299889
0.295729
0.28746
0.224297
0.227324
0.214643
0.250897
0.247741
0.260419
0.276704
0.288053
0.281084
0.301926
0.316588
0.30805
0.271682
0.27948
0.286378
0.296313
0.284756
0.29462
0.31856
0.331146
0.318033
0.325393
0.340483
0.334534
0.384564
0.397788
0.395946
0.373391
0.38815
0.373189
0.404262
0.389809
0.397243
0.477405
0.466562
0.469336
0.451084
0.449659
0.442947
0.417915
0.412508
0.421596
0.414965
0.423273
0.42468
0.0373206
0.0271324
0.0450616
0.0510055
0.0527213
0.0349235
0.0278705
0.0383073
0.0425925
0.0584708
0.0700731
0.0630888
0.0772307
0.075476
0.0669453
0.238505
0.225725
0.233178
0.0623956
0.0605643
0.0732678
0.081644
0.0929527
0.0959365
0.113178
0.116378
0.127627
0.181253
0.19378
0.175624
0.194826
0.185321
0.178406
0.215867
0.219995
0.205409
0.243624
0.242534
0.255308
0.0332319
0.0493914
0.047526
0.114163
0.102861
0.101367
0.126082
0.135526
0.143316
0.160023
0.17526
0.170285
0.217486
0.198172
0.203396
0.0857545
0.100288
0.0981435
0.118618
0.13407
0.129113
0.272774
0.291312
0.275182
0.290868
0.309306
0.304807
0.162479
0.158312
0.142779
0.193017
0.203029
0.209646
0.241368
0.230356
0.228468
0.310637
0.307179
0.295528
0.346587
0.349983
0.338088
0.228426
0.237096
0.240083
0.250752
0.241478
0.247744
0.227217
0.237193
0.227148
0.266826
0.282407
0.272445
0.298936
0.30508
0.28784
0.301609
0.290662
0.288097
0.358359
0.365708
0.352146
0.362435
0.354138
0.349386
0.382146
0.388878
0.373206
0.422665
0.414666
0.407429
0.279434
0.281386
0.270724
0.27274
0.263967
0.26513
0.275244
0.28223
0.285716
0.393833
0.378241
0.386022
0.424559
0.42487
0.435598
0.399941
0.39983
0.38768
0.420027
0.405895
0.412984
0.235819
0.244926
0.245272
0.243635
0.256651
0.250624
0.295322
0.302467
0.306343
0.339231
0.336826
0.348841
0.342954
0.351797
0.355174
0.322323
0.335721
0.326075
0.359129
0.370287
0.362698
0.259558
0.244274
0.254299
0.224061
0.236286
0.225878
0.19577
0.205372
0.205981
0.235645
0.225464
0.226433
0.241663
0.230888
0.230783
0.256561
0.241823
0.249314
0.190244
0.177233
0.1788
0.176714
0.190504
0.177959
0.19758
0.18369
0.191812
0.269377
0.283821
0.270673
0.110761
0.109087
0.0970872
0.132461
0.142928
0.132542
0.12762
0.126355
0.137623
0.135113
0.146812
0.14474
0.183994
0.195154
0.190524
0.233709
0.222711
0.233539
0.26165
0.261607
0.278282
0.193878
0.183746
0.193604
0.213822
0.22379
0.212721
0.239586
0.229109
0.242062
0.103531
0.10153
0.0924321
0.151439
0.157524
0.141346
0.18261
0.174148
0.188593
0.212954
0.221823
0.20698
0.162472
0.167614
0.17373
0.150003
0.143143
0.136978
0.202353
0.192617
0.189856
0.209209
0.217229
0.220997
0.249715
0.261108
0.251906
0.283213
0.268798
0.278356
0.3212
0.304655
0.307989
0.316253
0.333106
0.330927
0.412649
0.395557
0.406264
0.390911
0.405086
0.396436
0.361262
0.368997
0.373776
0.412135
0.421572
0.423389
0.0835363
0.0648733
0.071843
0.306947
0.321847
0.307804
0.362415
0.375253
0.374879
0.52165
0.535668
0.531948
0.361162
0.370005
0.349299
0.359652
0.34093
0.337968
0.112379
0.114871
0.101998
0.32729
0.318444
0.311452
0.320582
0.314439
0.309598
0.347118
0.34478
0.333929
0.179615
0.181055
0.166232
0.212762
0.198225
0.200437
0.300765
0.308345
0.315745
0.285825
0.27901
0.270692
0.338374
0.33785
0.326221
0.419028
0.416139
0.410534
0.401665
0.39618
0.391909
0.492311
0.507123
0.489916
0.495348
0.516282
0.500882
0.462593
0.460341
0.447853
0.279641
0.26764
0.281275
0.26023
0.255917
0.269909
0.0580916
0.0719078
0.0635409
0.271785
0.27685
0.262724
0.262013
0.281502
0.273181
0.320661
0.304974
0.310804
0.457258
0.441454
0.44628
0.464201
0.462689
0.474536
0.248234
0.262921
0.262049
0.204178
0.204338
0.189698
0.14451
0.154267
0.155163
0.268216
0.283219
0.267548
0.288947
0.293549
0.278634
0.0970395
0.11042
0.108246
0.244032
0.249612
0.238385
0.272223
0.26678
0.261149
0.269613
0.273498
0.261306
0.218495
0.206672
0.223034
0.24932
0.258918
0.244251
0.300571
0.288588
0.286386
0.265008
0.253262
0.263546
0.260647
0.250441
0.264216
0.304222
0.319845
0.308535
0.352138
0.362585
0.350303
0.357965
0.366952
0.357418
0.335078
0.323221
0.335389
0.35646
0.35816
0.367859
0.377629
0.368174
0.376344
0.150444
0.15576
0.167714
0.182554
0.181416
0.162723
0.245747
0.253853
0.236021
0.317606
0.303056
0.310608
0.136961
0.134193
0.144625
0.160163
0.152676
0.169339
0.281692
0.285546
0.295158
0.254714
0.240123
0.257434
0.333442
0.315475
0.329272
0.360428
0.353432
0.348127
0.168568
0.164662
0.155935
0.198475
0.182641
0.191812
0.346174
0.347516
0.334887
0.361302
0.374805
0.369382
0.215398
0.221894
0.209193
0.255241
0.242101
0.2523
0.295417
0.29667
0.283874
0.369602
0.368873
0.380553
0.39516
0.397638
0.383651
0.264695
0.250818
0.252546
0.263192
0.271886
0.274203
0.300578
0.295316
0.290697
0.485996
0.474691
0.484484
0.311792
0.319956
0.325646
0.342603
0.351841
0.354821
0.384335
0.37393
0.373855
0.371991
0.383973
0.37562
0.396468
0.386443
0.39758
0.406634
0.416688
0.42186
0.457372
0.447171
0.442131
0.499698
0.488381
0.485922
0.523691
0.531522
0.531117
0.369065
0.369222
0.364417
0.319096
0.309189
0.302795
0.359984
0.368597
0.374831
0.36815
0.383094
0.37835
0.400024
0.394727
0.385917
0.430615
0.417423
0.425269
0.411471
0.425002
0.414512
0.472267
0.461866
0.458587
0.434405
0.445069
0.450084
0.478404
0.481573
0.46748
0.510251
0.522357
0.512213
0.482565
0.494868
0.495633
0.346479
0.336829
0.333222
0.343784
0.356149
0.349936
0.38931
0.387429
0.378665
0.489247
0.474848
0.479979
0.260806
0.248636
0.259721
0.309429
0.297587
0.292541
0.322239
0.328906
0.312784
0.304111
0.315503
0.306391
0.355948
0.358398
0.372197
0.224731
0.213082
0.217399
0.224896
0.219372
0.211446
0.257537
0.242872
0.249139
0.343263
0.364766
0.360511
0.339398
0.323975
0.323962
0.397069
0.402437
0.417213
0.399649
0.395446
0.385349
0.35536
0.345242
0.362072
0.171266
0.172659
0.181886
0.300213
0.289465
0.300002
0.335621
0.324721
0.322972
0.350149
0.358643
0.343812
0.150982
0.143776
0.154593
0.129626
0.129886
0.139556
0.175744
0.188217
0.174411
0.254491
0.247707
0.241019
0.301739
0.287099
0.301919
0.32591
0.331236
0.332219
0.209498
0.204746
0.194784
0.229461
0.23498
0.244162
0.285304
0.291432
0.297202
0.200738
0.206822
0.211631
0.190798
0.184324
0.180453
0.232289
0.22641
0.239735
0.27371
0.272786
0.283431
0.329145
0.317086
0.318806
0.256408
0.261239
0.248203
0.314725
0.300766
0.306442
0.343999
0.329794
0.343478
0.376035
0.35971
0.368488
0.433178
0.434032
0.441138
0.397837
0.405468
0.395092
0.439311
0.439598
0.447806
0.038358
0.0375477
0.0254533
0.0723217
0.0598515
0.0620539
0.0912273
0.0935635
0.0991417
0.121869
0.113432
0.111969
0.156507
0.162877
0.150235
0.215296
0.206434
0.201112
0.0418246
0.0260244
0.0351589
0.03982
0.0384443
0.0268874
0.0929062
0.0887431
0.0795831
0.136552
0.122451
0.120713
0.150712
0.147126
0.134723
0.121976
0.135019
0.131128
0.0743441
0.0845812
0.0807544
0.206549
0.227252
0.221043
0.264685
0.278442
0.256836
0.0889157
0.0750009
0.0768615
0.129158
0.130184
0.146862
0.13754
0.1273
0.139573
0.156888
0.162673
0.173295
0.200842
0.187033
0.204264
0.234074
0.220501
0.225507
0.224481
0.241073
0.238766
0.291084
0.305707
0.308512
0.345779
0.335535
0.331303
0.192803
0.203126
0.189172
0.202496
0.193204
0.206655
0.176901
0.188249
0.180425
0.155955
0.169515
0.155449
0.18303
0.192157
0.179293
0.259419
0.266138
0.251998
0.248336
0.266025
0.256942
0.290651
0.302163
0.285124
0.325796
0.330211
0.336512
0.373084
0.368838
0.38336
0.22099
0.223701
0.229523
0.257303
0.256799
0.267582
0.22753
0.22292
0.234212
0.204012
0.208852
0.197112
0.205681
0.197927
0.209614
0.246801
0.241861
0.250965
0.249896
0.234436
0.245502
0.33339
0.315149
0.323161
0.3321
0.325027
0.315032
0.395274
0.386701
0.381631
0.284356
0.305032
0.289451
0.301402
0.30724
0.294257
0.266825
0.264343
0.275163
0.283887
0.290539
0.297554
0.294461
0.287011
0.28174
0.305804
0.303957
0.315487
0.324226
0.342489
0.333357
0.33017
0.332602
0.32304
0.35612
0.349132
0.365754
0.354167
0.362992
0.352482
0.376905
0.375485
0.388042
0.440106
0.443707
0.430214
0.265971
0.279882
0.269327
0.276482
0.281537
0.26877
0.257977
0.245563
0.254138
0.278826
0.272632
0.284405
0.280139
0.286878
0.275144
0.305961
0.303447
0.315421
0.304953
0.315262
0.317371
0.386324
0.392877
0.381755
0.412607
0.408564
0.42249
0.384412
0.382356
0.3711
0.204238
0.20248
0.193206
0.254921
0.245425
0.260453
0.300571
0.307307
0.295355
0.272094
0.284391
0.275959
0.342768
0.330328
0.340271
0.283637
0.297903
0.295733
0.323232
0.331428
0.319324
0.159271
0.155
0.147255
0.150212
0.159724
0.162638
0.195252
0.183663
0.182803
0.206584
0.19311
0.205231
0.215143
0.229923
0.219915
0.214899
0.225651
0.212634
0.240117
0.225062
0.239042
0.301026
0.281928
0.299575
0.111759
0.0980334
0.109733
0.145893
0.135028
0.134001
0.0875151
0.0977498
0.0849083
0.14292
0.152556
0.154963
0.107251
0.107235
0.0987385
0.176597
0.166314
0.166632
0.141142
0.129328
0.134715
0.151469
0.16175
0.157514
0.176516
0.181151
0.188393
0.123127
0.121768
0.132555
0.219816
0.211282
0.224888
0.143855
0.15898
0.157189
0.211764
0.209254
0.223211
0.185434
0.18858
0.17519
0.242199
0.250789
0.233978
0.241533
0.233984
0.249887
0.199869
0.185029
0.187453
0.196307
0.209393
0.208182
0.230569
0.233175
0.242764
0.249875
0.240138
0.238765
0.230055
0.218446
0.229483
0.266388
0.281825
0.275129
0.370294
0.360201
0.375034
0.33965
0.351185
0.335941
0.399271
0.409479
0.394775
0.0958403
0.110959
0.106832
0.0898551
0.0843288
0.0722021
0.109586
0.11352
0.120916
0.30013
0.295528
0.310318
0.340517
0.358888
0.344585
0.34924
0.360173
0.367091
0.346782
0.337996
0.356652
0.327294
0.325861
0.315735
0.349585
0.348986
0.36007
0.360547
0.363702
0.374844
0.371361
0.378087
0.36967
0.314391
0.331911
0.331477
0.477001
0.494354
0.493874
0.479956
0.465473
0.467931
0.426895
0.442312
0.439126
0.2334
0.247075
0.233592
0.38545
0.383572
0.364478
0.329004
0.32734
0.34088
0.144874
0.134672
0.134511
0.102342
0.113015
0.111715
0.121841
0.11901
0.110559
0.141076
0.150093
0.139713
0.34065
0.349472
0.354368
0.331285
0.336391
0.343376
0.162268
0.167724
0.154983
0.160937
0.176998
0.170975
0.203631
0.205071
0.216057
0.356524
0.364127
0.37152
0.352422
0.349391
0.361989
0.374357
0.372431
0.379101
0.355438
0.351212
0.363602
0.330109
0.332406
0.318546
0.37529
0.389231
0.381368
0.391833
0.37671
0.386498
0.395573
0.406832
0.396997
0.416792
0.407535
0.418722
0.39375
0.408886
0.398265
0.3147
0.298314
0.309083
0.276945
0.289301
0.282235
0.247314
0.242648
0.236813
0.258849
0.260762
0.268234
0.295308
0.314922
0.295158
0.333767
0.312954
0.330783
0.460112
0.460504
0.473599
0.434666
0.433724
0.420069
0.40829
0.409194
0.421403
0.354435
0.369468
0.358228
0.177528
0.177132
0.190641
0.29687
0.280991
0.298888
0.081757
0.0968503
0.0835471
0.102474
0.0876105
0.0928702
0.289446
0.293731
0.281348
0.148926
0.133378
0.137038
0.285925
0.290383
0.302666
0.310583
0.321765
0.327952
0.297895
0.2975
0.312918
0.326648
0.328358
0.314924
0.365432
0.375931
0.375733
0.449792
0.435914
0.435327
0.36527
0.369672
0.351061
0.44196
0.440715
0.451936
0.181881
0.182007
0.142048
0.122511
0.126402
0.143704
0.1716
0.162632
0.195167
0.201424
0.200451
0.185235
0.240409
0.234932
0.217474
0.20908
0.271421
0.257463
0.303247
0.30642
0.287867
0.271417
0.335276
0.322198
0.309665
0.313079
0.338419
0.332425
0.145275
0.199994
0.195921
0.180883
0.251627
0.252768
0.219549
0.201751
0.202308
0.221612
0.308629
0.32222
0.291061
0.302553
0.340798
0.343586
0.345276
0.304282
0.324866
0.338213
0.174225
0.181465
0.148698
0.143274
0.155272
0.167464
0.209894
0.204599
0.195504
0.174922
0.214024
0.228528
0.201168
0.207623
0.239929
0.247197
0.218082
0.244661
0.264303
0.259137
0.271363
0.276447
0.296292
0.295439
0.311342
0.303072
0.307168
0.278621
0.34501
0.34628
0.31837
0.323061
0.396543
0.401063
0.371684
0.359918
0.359663
0.37811
0.391005
0.382302
0.404259
0.377993
0.174083
0.184029
0.182094
0.19663
0.219873
0.215151
0.240682
0.229874
0.235824
0.20245
0.259836
0.257564
0.24588
0.234166
0.223068
0.232233
0.273559
0.261716
0.299901
0.301604
0.280786
0.268174
0.347861
0.345028
0.324843
0.310023
0.306364
0.31885
0.332567
0.363859
0.373771
0.365248
0.357105
0.356592
0.433589
0.421403
0.417089
0.405662
0.407888
0.413808
0.369894
0.392705
0.461448
0.448931
0.463866
0.45161
0.439112
0.433129
0.416068
0.439341
0.412417
0.393143
0.272007
0.279158
0.274027
0.253536
0.288685
0.282478
0.306363
0.306138
0.309766
0.318325
0.289495
0.316349
0.314254
0.317153
0.349144
0.348878
0.329736
0.327358
0.373133
0.36143
0.409614
0.403133
0.389659
0.373422
0.440542
0.425083
0.411685
0.404457
0.434474
0.453694
0.461467
0.461687
0.475006
0.464627
0.493513
0.496145
0.466384
0.490518
0.335759
0.326508
0.36279
0.368396
0.354785
0.340362
0.329998
0.35097
0.350525
0.330413
0.362418
0.370647
0.364821
0.358785
0.359631
0.334475
0.388816
0.401511
0.393359
0.367892
0.407145
0.418407
0.40698
0.418065
0.43989
0.440373
0.433223
0.427093
0.414232
0.396779
0.445419
0.450925
0.46732
0.477706
0.436064
0.471636
0.511924
0.52087
0.508784
0.479115
0.499638
0.510784
0.495466
0.507665
0.528799
0.53089
0.315856
0.323135
0.335101
0.351029
0.361091
0.353204
0.334013
0.339618
0.338503
0.353383
0.37032
0.36286
0.41899
0.407782
0.405479
0.393443
0.381204
0.387361
0.498973
0.488246
0.501424
0.490601
0.476431
0.484932
0.481238
0.458179
0.449233
0.464238
0.436689
0.417579
0.424236
0.458488
0.534153
0.540774
0.516442
0.522807
0.538431
0.537717
0.510608
0.501047
0.530563
0.515773
0.504598
0.532994
0.520508
0.506748
0.302098
0.302682
0.284972
0.27251
0.272129
0.287056
0.292306
0.293112
0.322544
0.321434
0.329374
0.316407
0.389855
0.364699
0.358092
0.368708
0.400446
0.43591
0.41225
0.398625
0.457163
0.47229
0.450891
0.489478
0.444411
0.417372
0.502033
0.484505
0.421505
0.401387
0.446715
0.446911
0.414336
0.400197
0.4291
0.46399
0.473162
0.460821
0.27871
0.265166
0.284628
0.271605
0.236869
0.238636
0.326907
0.340596
0.302602
0.305531
0.337213
0.346926
0.34745
0.335006
0.374418
0.368668
0.327349
0.314417
0.387968
0.356659
0.357992
0.387445
0.40008
0.392827
0.410218
0.445149
0.422875
0.40591
0.191303
0.201621
0.174912
0.176625
0.203363
0.21304
0.225509
0.271923
0.252058
0.237635
0.286317
0.299905
0.295065
0.262203
0.255518
0.297838
0.282492
0.27038
0.300418
0.311038
0.283235
0.309968
0.347333
0.360837
0.322982
0.323691
0.354938
0.368886
0.365866
0.375753
0.371657
0.38734
0.136064
0.138942
0.154021
0.162651
0.164704
0.158016
0.201424
0.211537
0.176028
0.173714
0.19111
0.201082
0.238862
0.236878
0.266458
0.273911
0.271372
0.262258
0.300346
0.280533
0.172009
0.202324
0.211977
0.203328
0.226635
0.242351
0.258068
0.27137
0.266966
0.278648
0.30347
0.302568
0.311986
0.299406
0.3348
0.340924
0.326886
0.31023
0.247011
0.241392
0.276302
0.285085
0.272625
0.259034
0.225118
0.224558
0.253568
0.262965
0.2617
0.250554
0.280383
0.275361
0.303294
0.311109
0.305995
0.294016
0.201427
0.203467
0.221732
0.233328
0.241302
0.229308
0.273874
0.267255
0.256267
0.2412
0.274294
0.28735
0.2651
0.274582
0.296232
0.299612
0.300133
0.313254
0.287741
0.294559
0.323271
0.33204
0.292685
0.262689
0.306792
0.294658
0.306378
0.273401
0.316271
0.317602
0.344686
0.343686
0.329065
0.344185
0.311892
0.355953
0.393477
0.404797
0.370561
0.37218
0.399871
0.40996
0.358449
0.35736
0.372974
0.402013
0.396726
0.38721
0.414823
0.373089
0.477255
0.462055
0.491528
0.486821
0.465766
0.459689
0.436737
0.436303
0.45439
0.448749
0.42943
0.424717
0.424635
0.415433
0.40184
0.405429
0.431675
0.402551
0.421622
0.431282
0.0635865
0.0573927
0.0485205
0.0372715
0.0138759
0.0193612
0.0194545
0.0530497
0.0666692
0.0705514
0.0575387
0.0155741
0.0408483
0.0484274
0.071746
0.05773
0.0757776
0.0802104
0.0585015
0.0818951
0.0888502
0.0827967
0.242541
0.229398
0.251523
0.245508
0.220426
0.213051
0.0887265
0.0835449
0.0667411
0.0519349
0.0522599
0.063787
0.0991575
0.109426
0.072155
0.104816
0.139048
0.142775
0.111082
0.0992796
0.10618
0.11998
0.158767
0.169598
0.167568
0.185641
0.213632
0.204648
0.163128
0.21188
0.190844
0.176521
0.196
0.227606
0.234319
0.224989
0.267193
0.268212
0.248519
0.243405
0.0483247
0.0609287
0.0187549
0.0188783
0.0532394
0.0651486
0.105993
0.0950544
0.127023
0.129094
0.108981
0.09296
0.150077
0.16075
0.116084
0.144497
0.178825
0.15166
0.181885
0.191583
0.208277
0.235582
0.234169
0.191676
0.0957843
0.111299
0.0729673
0.0735559
0.101501
0.115091
0.141169
0.115676
0.140564
0.152628
0.255545
0.272742
0.259383
0.27516
0.308078
0.310324
0.299351
0.318667
0.270364
0.326419
0.126484
0.124353
0.164331
0.180173
0.172189
0.153079
0.211057
0.220064
0.183024
0.176971
0.201742
0.212971
0.223472
0.253468
0.253255
0.234967
0.283741
0.282564
0.314591
0.323844
0.315737
0.308596
0.326392
0.32986
0.344721
0.355831
0.363634
0.354833
0.241604
0.250714
0.219481
0.217677
0.238074
0.247604
0.254489
0.244705
0.260282
0.256531
0.238188
0.231585
0.216368
0.223447
0.221261
0.232092
0.246782
0.245494
0.262347
0.274953
0.256244
0.270424
0.29064
0.296026
0.278582
0.31052
0.325359
0.313219
0.268428
0.316284
0.2974
0.280789
0.33561
0.345207
0.348493
0.364945
0.379389
0.371478
0.336515
0.375912
0.359422
0.347357
0.364724
0.391052
0.405498
0.394056
0.401902
0.429674
0.43761
0.422838
0.260859
0.261685
0.279729
0.292454
0.293619
0.283324
0.270353
0.260166
0.282325
0.2832
0.265077
0.255528
0.297205
0.290348
0.379239
0.379225
0.400121
0.406708
0.371302
0.36354
0.433364
0.44705
0.422415
0.412322
0.414753
0.420536
0.376616
0.374626
0.402327
0.399837
0.407785
0.392258
0.247418
0.25902
0.224653
0.225475
0.242831
0.253732
0.246396
0.257626
0.230306
0.237084
0.263648
0.269824
0.293373
0.298895
0.291782
0.283011
0.296654
0.308781
0.360763
0.358245
0.342163
0.329807
0.325389
0.33456
0.367445
0.331014
0.349279
0.362575
0.319126
0.309242
0.319416
0.346017
0.355631
0.368637
0.348706
0.358868
0.380776
0.382133
0.266072
0.250136
0.275908
0.267225
0.23769
0.22943
0.215315
0.215073
0.209301
0.216123
0.188108
0.185391
0.207032
0.217077
0.231588
0.218607
0.252428
0.252535
0.232776
0.219782
0.259077
0.244847
0.270495
0.266022
0.235723
0.226754
0.182235
0.170995
0.203452
0.205152
0.177245
0.164951
0.167104
0.179801
0.163787
0.173139
0.20148
0.2049
0.201048
0.188162
0.211968
0.170135
0.255595
0.270324
0.253051
0.264908
0.303091
0.300126
0.0878346
0.0821396
0.116371
0.123263
0.12166
0.109733
0.133518
0.135236
0.153522
0.154563
0.150561
0.14859
0.130725
0.118582
0.115224
0.124095
0.156887
0.126012
0.150441
0.157609
0.187728
0.199842
0.172339
0.177322
0.199505
0.20585
0.247112
0.234759
0.247184
0.237334
0.215908
0.213335
0.296955
0.296108
0.263497
0.263414
0.204673
0.196207
0.2039
0.173769
0.216619
0.23708
0.255134
0.251854
0.0863148
0.0797039
0.109455
0.113966
0.11295
0.101669
0.126407
0.129096
0.145448
0.159756
0.174456
0.162597
0.203299
0.195265
0.191098
0.167249
0.201097
0.21846
0.235687
0.230022
0.184508
0.185349
0.1637
0.151812
0.163472
0.176863
0.132792
0.124898
0.15975
0.141869
0.186716
0.211146
0.214344
0.197167
0.229965
0.232093
0.207479
0.225944
0.242234
0.255034
0.239433
0.247288
0.269918
0.274008
0.28852
0.297696
0.289626
0.260453
0.310721
0.296862
0.335433
0.33463
0.300522
0.286635
0.328715
0.343608
0.298187
0.347377
0.418613
0.400674
0.424041
0.413803
0.38598
0.379464
0.388061
0.400382
0.377161
0.418159
0.380352
0.350069
0.342603
0.3616
0.422099
0.432209
0.401374
0.43041
0.0807146
0.103196
0.0971802
0.0603216
0.293305
0.309024
0.29526
0.332439
0.377313
0.38465
0.354849
0.347496
0.376774
0.388701
0.507284
0.534772
0.330942
0.334308
0.354975
0.369937
0.390093
0.377691
0.317254
0.382318
0.342771
0.322529
0.0872355
0.0936479
0.110959
0.123534
0.126138
0.118424
0.306839
0.296811
0.337791
0.34299
0.324532
0.308333
0.305878
0.29779
0.328042
0.331315
0.319911
0.30865
0.326057
0.321986
0.351564
0.361956
0.357459
0.342442
0.151611
0.153394
0.178905
0.191865
0.192588
0.183717
0.199392
0.19021
0.224795
0.226258
0.194456
0.182227
0.319898
0.332642
0.290762
0.286867
0.299966
0.313224
0.254659
0.273144
0.348324
0.346332
0.394409
0.419676
0.421273
0.407124
0.384306
0.382985
0.401816
0.412493
0.393401
0.387439
0.473901
0.488951
0.478615
0.496305
0.515856
0.523483
0.435939
0.438221
0.464569
0.462704
0.285285
0.280818
0.2544
0.256836
0.284643
0.264303
0.0578336
0.0730212
0.0455048
0.0575699
0.0825324
0.0855536
0.280788
0.290789
0.282659
0.248257
0.290393
0.301279
0.320402
0.304052
0.338048
0.335804
0.308152
0.291307
0.451858
0.472791
0.462427
0.429344
0.486841
0.454413
0.449024
0.455778
0.262058
0.277771
0.233623
0.279615
0.176301
0.218934
0.219759
0.205103
0.154928
0.165845
0.134444
0.164561
0.265899
0.267227
0.298007
0.29906
0.119264
0.0849732
0.114585
0.126049
0.226764
0.233148
0.237649
0.249732
0.259989
0.253236
0.255323
0.27899
0.283928
0.270864
0.248686
0.266087
0.281963
0.286447
0.238623
0.229775
0.215037
0.190638
0.240191
0.26783
0.279881
0.272548
0.313199
0.316243
0.293903
0.278509
0.261144
0.242623
0.278062
0.270177
0.255789
0.237352
0.311577
0.299374
0.332643
0.337325
0.339478
0.347625
0.340384
0.353554
0.375071
0.371641
0.347186
0.358425
0.347853
0.36113
0.376003
0.375418
0.376046
0.377347
0.354967
0.358806
0.184119
0.146382
0.134708
0.149255
0.226488
0.263472
0.327551
0.300373
0.15484
0.132072
0.122845
0.136149
0.185297
0.167721
0.2677
0.274159
0.341758
0.35351
0.349432
0.36901
0.144075
0.161379
0.392396
0.369991
0.252867
0.276889
0.286235
0.281601
0.312851
0.300091
0.333485
0.30617
0.366257
0.36032
0.375618
0.39521
0.395234
0.37186
0.37675
0.39578
0.437884
0.427826
0.472783
0.453851
0.514426
0.493818
0.360499
0.363353
0.301054
0.332869
0.373892
0.352572
0.344884
0.360438
0.382549
0.379158
0.434467
0.411033
0.402617
0.419341
0.400486
0.439933
0.45694
0.480192
0.465492
0.455222
0.4946
0.471542
0.471279
0.496583
0.344538
0.331668
0.362652
0.388448
0.260826
0.234897
0.320427
0.29683
0.230796
0.207473
0.240479
0.227091
0.357093
0.377411
0.323847
0.385828
0.408235
0.392355
0.366037
0.353348
0.329746
0.334901
0.310935
0.314374
0.349948
0.331599
0.165633
0.16136
0.149786
0.133374
0.122226
0.12326
0.317367
0.316803
0.181223
0.225516
0.2146
0.201655
0.223087
0.190147
0.201624
0.213524
0.17011
0.179374
0.252813
0.235401
0.342188
0.316781
0.384523
0.354074
0.459835
0.437933
0.0154657
0.0433382
0.0520247
0.0488569
0.0658758
0.0857075
0.106015
0.10818
0.0906681
0.101702
0.109604
0.128322
0.131275
0.118275
0.138716
0.144522
0.148693
0.168474
0.187231
0.200559
0.152916
0.122394
0.234995
0.249014
0.152319
0.149177
0.190725
0.170766
0.222609
0.203651
0.232909
0.250515
0.245965
0.212641
0.323295
0.319425
0.183727
0.196573
0.215843
0.21171
0.216867
0.208257
0.198043
0.177737
0.176346
0.185957
0.164998
0.199539
0.166704
0.175657
0.186564
0.204356
0.243128
0.272391
0.267952
0.281478
0.29808
0.319018
0.239523
0.227429
0.274993
0.252729
0.220607
0.211168
0.194806
0.217387
0.332161
0.347436
0.340494
0.306714
0.293659
0.279157
0.310115
0.316622
0.275594
0.29509
0.286873
0.271156
0.293052
0.283454
0.278206
0.295875
0.316346
0.315534
0.338243
0.321921
0.339175
0.346593
0.311296
0.32731
0.372096
0.341971
0.417168
0.435929
0.260902
0.287627
0.261726
0.270435
0.292233
0.268928
0.264902
0.275666
0.29185
0.299186
0.322441
0.297133
0.29311
0.315394
0.39486
0.404638
0.433647
0.406337
0.359229
0.38419
0.397094
0.393949
0.28321
0.296607
0.270395
0.294835
0.339475
0.31846
0.307122
0.313527
0.335007
0.345736
0.141744
0.16628
0.174442
0.137525
0.157894
0.170264
0.181436
0.207661
0.212149
0.241954
0.211378
0.238282
0.121978
0.109111
0.124794
0.0840239
0.132883
0.1566
0.0898652
0.108827
0.14141
0.153245
0.164918
0.173949
0.170605
0.131088
0.161844
0.17472
0.236549
0.232141
0.217938
0.202781
0.195903
0.207073
0.225921
0.251137
0.26841
0.259655
0.21201
0.1837
0.219006
0.222989
0.251774
0.229778
0.389136
0.379634
0.365211
0.343613
0.333352
0.363617
0.387815
0.416777
0.0912542
0.115517
0.108378
0.0951006
0.125825
0.103256
0.320902
0.289228
0.331245
0.32054
0.336189
0.37261
0.37048
0.37278
0.334147
0.334529
0.350953
0.347624
0.375647
0.357075
0.340361
0.336264
0.372936
0.354834
0.385468
0.35999
0.34656
0.350216
0.295752
0.333106
0.491496
0.461996
0.462882
0.495341
0.457787
0.450544
0.435812
0.41127
0.347636
0.383636
0.313504
0.313779
0.0985236
0.13284
0.128627
0.117048
0.141496
0.15976
0.342362
0.356535
0.165681
0.143282
0.372585
0.343794
0.378375
0.358711
0.343148
0.332232
0.375989
0.360666
0.347031
0.340072
0.307601
0.332879
0.368254
0.398144
0.386544
0.397224
0.385272
0.419375
0.386816
0.378003
0.279405
0.266345
0.274875
0.29898
0.257273
0.249771
0.295689
0.334847
0.446143
0.447472
0.406484
0.434203
0.32728
0.300469
