# bob_500f_2
# Number of vertices: 4000, Number of faces: 8000
# Preprocessing time: 22.6251
# Query time: 0.000509125
0.250502
0.315883
0.222166
0.30909
0.0612075
0.321337
0.268386
0.279059
0.227267
0.222508
0.293873
0.129863
0.122396
0.20522
0.201661
0.28443
0.363829
0.340447
0.163459
0.195308
0.257915
0.267243
0.314645
0.412358
0.386799
0.189307
0.24433
0.219277
0.306905
0.360282
0.359705
0.406268
0.426667
0.292833
0.270827
0.283816
0.315742
0.382213
0.422868
0.456748
0.471534
0.349323
0.325279
0.320271
0.369531
0.360201
0.406309
0.442777
0.528435
0.504499
0.371125
0.364133
0.40819
0.401832
0.45258
0.473645
0.486653
0.495955
0.540164
0.510501
0.313576
0.348224
0.331935
0.378621
0.409864
0.44803
0.284764
0.288466
0.345454
0.351891
0.403739
0.463191
0.391322
0.199094
0.248066
0.309192
0.372012
0.27669
0.311717
0.355929
0.168688
0.159773
0.220278
0.202398
0.272305
0.316164
0.319527
0.21342
0.171697
0.232428
0.26444
0.267925
0.306215
0.234372
0.298679
0.283286
0.359307
0.357719
0.460336
0.432983
0
0.0503726
0.0481768
0.111318
0.0581579
0.0967412
0.154572
0.182906
0.242472
0.0996365
0.170958
0.22685
0.254072
0.114799
0.108457
0.17031
0.139657
0.163386
0.227557
0.197609
0.265484
0.330423
0.185126
0.328845
0.356417
0.247068
0.214218
0.230003
0.261638
0.217399
0.2645
0.289729
0.357072
0.38752
0.257256
0.300932
0.296649
0.307136
0.328103
0.333567
0.372857
0.415097
0.413186
0.266181
0.253987
0.30557
0.260054
0.32757
0.309865
0.36577
0.398075
0.221953
0.280762
0.257036
0.354384
0.178292
0.16892
0.218065
0.251364
0.129464
0.121121
0.15988
0.200343
0.208186
0.251075
0.0704943
0.0833627
0.115648
0.136938
0.163736
0.208528
0.257767
0.12123
0.155121
0.18294
0.17499
0.210398
0.249323
0.201165
0.246767
0.302841
0.280351
0.392867
0.371168
0.297799
0.301901
0.137805
0.0937273
0.339073
0.341368
0.381222
0.501098
0.516087
0.34838
0.452446
0.460274
0.278959
0.405285
0.364871
0.166034
0.129278
0.316825
0.355925
0.134508
0.19285
0.19297
0.236993
0.342147
0.392527
0.411384
0.379938
0.407787
0.472838
0.391716
0.278306
0.316128
0.415012
0.44381
0.482721
0.354073
0.295578
0.450621
0.282981
0.40172
0.22014
0.219443
0.32784
0.22315
0.164444
0.316932
0.122869
0.317095
0.0772367
0.071274
0.264348
0.243442
0.178306
0.279344
0.269283
0.33826
0.292845
0.340101
0.380487
0.348812
0.351726
0.34293
0.385241
0.427024
0.377362
0.4318
0.162562
0.124707
0.162903
0.185291
0.199818
0.171415
0.229336
0.216463
0.287164
0.295746
0.263291
0.32382
0.330764
0.326571
0.199123
0.165665
0.236511
0.202722
0.239332
0.302364
0.322032
0.333367
0.317561
0.343855
0.162447
0.148446
0.173956
0.202136
0.189767
0.208209
0.224813
0.238704
0.23328
0.2622
0.286733
0.284642
0.31062
0.292485
0.332819
0.335359
0.385638
0.361498
0.393379
0.397799
0.380734
0.179253
0.209334
0.200387
0.240284
0.217994
0.251905
0.228253
0.24536
0.286857
0.291828
0.266216
0.337443
0.308703
0.331474
0.368211
0.34987
0.35756
0.434937
0.408762
0.417801
0.382597
0.465467
0.454159
0.443999
0.431454
0.404248
0.276483
0.266531
0.295123
0.297521
0.300865
0.320572
0.316348
0.340343
0.340868
0.368433
0.400436
0.389929
0.4348
0.410796
0.46002
0.44977
0.483968
0.488893
0.48085
0.353164
0.364297
0.336275
0.339041
0.343255
0.369164
0.362821
0.349326
0.396854
0.382075
0.40974
0.429951
0.431981
0.424624
0.413611
0.450292
0.454349
0.475631
0.520614
0.497227
0.49823
0.522141
0.521961
0.325097
0.356754
0.339962
0.337049
0.365699
0.354429
0.412488
0.389141
0.402179
0.509451
0.485017
0.495202
0.469916
0.45741
0.431104
0.446
0.525309
0.535958
0.545802
0.521619
0.508768
0.528686
0.505582
0.296267
0.272436
0.296021
0.316076
0.3085
0.326528
0.380108
0.363683
0.426601
0.400649
0.453176
0.481621
0.429528
0.494976
0.436097
0.432532
0.402726
0.448466
0.466594
0.280395
0.253507
0.257113
0.31613
0.323556
0.346188
0.357883
0.349818
0.324717
0.375065
0.373979
0.396651
0.42806
0.420377
0.184728
0.190328
0.208067
0.262412
0.232953
0.294127
0.277069
0.290009
0.26447
0.292277
0.311626
0.333653
0.339107
0.363049
0.370277
0.390791
0.145639
0.163986
0.150219
0.187786
0.183703
0.206864
0.253571
0.272931
0.251126
0.290759
0.18685
0.207616
0.233869
0.259281
0.285843
0.283824
0.330133
0.339032
0.306301
0.263179
0.280242
0.251692
0.240179
0.26207
0.238181
0.292924
0.30796
0.285446
0.214278
0.238547
0.217516
0.265401
0.257066
0.273041
0.288403
0.29794
0.292563
0.311143
0.319831
0.272704
0.307106
0.284479
0.331663
0.330999
0.324742
0.35338
0.382299
0.387592
0.408921
0.359424
0.389955
0.404318
0.390269
0.486534
0.479059
0.460895
0.44818
0.44443
0.428321
0.410231
0.418044
0.414969
0.434945
0.0540266
0.0257542
0.0382928
0.0365829
0.0673384
0.0289443
0.0503213
0.0670463
0.0757004
0.0697108
0.0840731
0.248077
0.233805
0.221877
0.0777058
0.0499349
0.0717121
0.0870887
0.108358
0.125184
0.102798
0.131926
0.164551
0.20123
0.186928
0.201137
0.170929
0.231327
0.21136
0.258361
0.257861
0.0342919
0.0363034
0.062501
0.115689
0.119717
0.09171
0.13323
0.153535
0.167287
0.186179
0.221645
0.212949
0.0843723
0.0879435
0.114799
0.126961
0.146817
0.25708
0.291098
0.292698
0.285923
0.323763
0.146606
0.178113
0.141643
0.197846
0.192927
0.216783
0.240301
0.245763
0.297705
0.318681
0.297759
0.337577
0.359996
0.342013
0.235758
0.23169
0.25109
0.258754
0.249416
0.239292
0.220365
0.242527
0.239401
0.261434
0.282158
0.284308
0.315707
0.295452
0.307986
0.276147
0.342259
0.373918
0.358574
0.370618
0.343657
0.400772
0.3797
0.415997
0.433366
0.271949
0.297461
0.278002
0.281133
0.279679
0.261526
0.299792
0.393371
0.387276
0.371958
0.427924
0.413771
0.437678
0.391329
0.391733
0.401251
0.238021
0.236988
0.257994
0.239743
0.251296
0.263518
0.306071
0.289859
0.314762
0.353752
0.329271
0.348907
0.343918
0.369005
0.316277
0.33662
0.352565
0.374488
0.377519
0.272476
0.252638
0.241744
0.216633
0.199413
0.195371
0.217893
0.242766
0.243636
0.219104
0.265941
0.249978
0.23627
0.193377
0.19032
0.169238
0.165687
0.186721
0.19205
0.205788
0.179091
0.253982
0.287015
0.285982
0.102868
0.122485
0.0960489
0.145993
0.14392
0.140879
0.116655
0.13511
0.137515
0.156202
0.17802
0.188201
0.202139
0.251051
0.225697
0.226729
0.284306
0.281394
0.20498
0.185405
0.227168
0.254394
0.0987452
0.112849
0.0902191
0.136878
0.167197
0.145598
0.198174
0.181375
0.228016
0.216663
0.17631
0.158994
0.185306
0.147254
0.134188
0.200994
0.211207
0.227689
0.236327
0.246681
0.268478
0.269475
0.296629
0.275682
0.323282
0.319449
0.292577
0.314716
0.346292
0.421917
0.400708
0.390956
0.382349
0.410481
0.367005
0.353015
0.414543
0.434035
0.089841
0.0784094
0.294808
0.324131
0.367809
0.362416
0.388721
0.523221
0.345702
0.37986
0.356881
0.364205
0.32261
0.0990071
0.125591
0.106971
0.322307
0.334467
0.303087
0.318454
0.328209
0.304709
0.339423
0.360252
0.33151
0.16717
0.193577
0.170893
0.205014
0.211289
0.187477
0.305609
0.292211
0.320903
0.264575
0.349543
0.425159
0.402263
0.386726
0.404535
0.386437
0.476646
0.514528
0.505795
0.450067
0.451115
0.269174
0.272859
0.27534
0.0492521
0.07075
0.0787417
0.287675
0.27081
0.291524
0.328483
0.322591
0.296163
0.463648
0.448054
0.459236
0.474348
0.248367
0.279033
0.219595
0.190773
0.145472
0.165868
0.282683
0.283544
0.0992088
0.121708
0.232838
0.256111
0.24351
0.266913
0.277737
0.256516
0.28429
0.23409
0.203688
0.254945
0.300796
0.316325
0.28488
0.259837
0.27686
0.248767
0.322242
0.324515
0.340689
0.361977
0.353466
0.347925
0.371018
0.367811
0.367274
0.369075
0.165255
0.142084
0.245929
0.314275
0.125816
0.146075
0.175688
0.271324
0.346997
0.362845
0.153285
0.383361
0.265981
0.284981
0.308236
0.320825
0.365407
0.386091
0.384662
0.388297
0.432605
0.465162
0.507957
0.375102
0.316617
0.378657
0.358994
0.393239
0.424927
0.403133
0.434672
0.471714
0.464485
0.483436
0.485618
0.338812
0.376241
0.248029
0.311252
0.220039
0.23487
0.342044
0.382255
0.41022
0.342721
0.35241
0.308867
0.337192
0.16346
0.140158
0.120736
0.313764
0.22078
0.192118
0.195886
0.219834
0.174104
0.246751
0.330335
0.373978
0.451948
0.0293662
0.0493155
0.0756906
0.0987275
0.10378
0.12011
0.124099
0.143824
0.157426
0.19486
0.137365
0.243397
0.146215
0.181323
0.211608
0.241065
0.229294
0.320551
0.207939
0.199401
0.214369
0.191343
0.16893
0.193128
0.171205
0.196447
0.257861
0.274671
0.309275
0.233654
0.265163
0.216904
0.206174
0.340618
0.324397
0.302084
0.311745
0.288786
0.281663
0.293091
0.292317
0.324961
0.336074
0.349595
0.318565
0.359289
0.433546
0.277503
0.266366
0.280667
0.267806
0.293384
0.308601
0.307555
0.405138
0.426019
0.375672
0.399297
0.290659
0.28421
0.330593
0.310358
0.344677
0.154901
0.14755
0.17229
0.194982
0.22742
0.224472
0.122764
0.0968784
0.145013
0.0985766
0.1467
0.169393
0.147048
0.173912
0.227146
0.198664
0.221633
0.259225
0.242594
0.200299
0.224228
0.244185
0.386062
0.356405
0.352177
0.406243
0.103546
0.0997342
0.115076
0.30571
0.327868
0.356543
0.353015
0.351618
0.358894
0.366776
0.337311
0.364009
0.37322
0.348417
0.314411
0.479531
0.481681
0.455888
0.427077
0.369755
0.314525
0.130453
0.107871
0.151312
0.352092
0.154386
0.368553
0.372212
0.346019
0.368732
0.342978
0.320976
0.384388
0.383504
0.401214
0.385144
0.272428
0.285232
0.252908
0.315049
0.451097
0.42434
0.313903
0.142055
0.143184
0.162
0.190087
0.186551
0.177089
0.21345
0.211025
0.224552
0.291442
0.279974
0.275105
0.326285
0.341076
0.338876
0.182206
0.181535
0.163264
0.220602
0.22154
0.238344
0.310867
0.328695
0.317933
0.322772
0.331249
0.336575
0.154394
0.160659
0.167395
0.188036
0.181452
0.195933
0.217209
0.232998
0.223776
0.216618
0.229763
0.213283
0.250262
0.248342
0.235144
0.274916
0.285442
0.273364
0.298402
0.289643
0.301086
0.320941
0.322855
0.334441
0.374087
0.376347
0.38856
0.39856
0.391014
0.389829
0.193892
0.204911
0.189426
0.225059
0.213711
0.228807
0.240164
0.235753
0.247949
0.289804
0.279181
0.276578
0.322108
0.319718
0.333246
0.352751
0.358749
0.342658
0.345091
0.344283
0.331492
0.42166
0.42362
0.431109
0.396891
0.394985
0.383634
0.459148
0.447222
0.454488
0.447672
0.444359
0.431979
0.407522
0.401211
0.411165
0.270162
0.257966
0.26424
0.284908
0.296195
0.287693
0.29951
0.307619
0.310684
0.305991
0.293915
0.30417
0.328428
0.328118
0.33988
0.359624
0.35318
0.343612
0.385064
0.378711
0.394884
0.422864
0.420605
0.432113
0.447649
0.452967
0.441367
0.471398
0.486333
0.473972
0.473224
0.484828
0.478858
0.358405
0.350413
0.344362
0.339103
0.330456
0.328297
0.3607
0.347465
0.356912
0.350929
0.342655
0.354586
0.38981
0.375499
0.383098
0.42057
0.431663
0.420551
0.41111
0.404984
0.419567
0.437331
0.439929
0.427648
0.450724
0.461537
0.465382
0.507813
0.492696
0.504654
0.51023
0.520779
0.509767
0.341212
0.348519
0.332588
0.351666
0.360407
0.347345
0.400401
0.394441
0.407294
0.497149
0.490854
0.503141
0.465429
0.471759
0.478777
0.436424
0.451472
0.444425
0.530611
0.544279
0.537068
0.527579
0.522352
0.514486
0.52459
0.516359
0.515101
0.283905
0.282906
0.293445
0.327668
0.322712
0.312068
0.305446
0.310605
0.320469
0.370614
0.376843
0.382819
0.425348
0.412201
0.415077
0.463814
0.475723
0.46872
0.442577
0.427219
0.438951
0.489058
0.495533
0.504191
0.434006
0.418519
0.419427
0.457002
0.451623
0.440438
0.266744
0.252544
0.266868
0.316641
0.334176
0.329819
0.353256
0.335876
0.339716
0.373751
0.388436
0.387257
0.382585
0.378408
0.36764
0.413725
0.430505
0.41287
0.43988
0.42462
0.443239
0.187802
0.200599
0.196205
0.257043
0.247493
0.2416
0.284701
0.270102
0.278415
0.285555
0.278107
0.270361
0.292118
0.300612
0.301278
0.335036
0.350626
0.347357
0.373729
0.379389
0.380593
0.154887
0.155567
0.14651
0.18637
0.194365
0.198783
0.263518
0.261864
0.250799
0.28226
0.283046
0.291958
0.197765
0.195419
0.184316
0.220659
0.223952
0.214496
0.272927
0.284413
0.269629
0.334177
0.322297
0.317591
0.272735
0.266472
0.258076
0.250921
0.250349
0.23773
0.299487
0.296764
0.288128
0.226287
0.228324
0.215829
0.251989
0.248397
0.261641
0.280431
0.292289
0.285455
0.303192
0.317182
0.306232
0.26791
0.279339
0.282606
0.296602
0.285235
0.295369
0.319152
0.332189
0.319223
0.328669
0.341883
0.338293
0.385291
0.39899
0.396284
0.374481
0.38893
0.374356
0.405352
0.390644
0.398569
0.48072
0.469668
0.472014
0.453068
0.451811
0.445519
0.419745
0.413083
0.422294
0.416137
0.425995
0.425814
0.0373206
0.0271324
0.0451258
0.0510931
0.0527213
0.0349235
0.0278705
0.0383073
0.0425925
0.0584708
0.069468
0.0630888
0.0777791
0.0752264
0.0669559
0.239892
0.227127
0.235025
0.0626751
0.060775
0.0733521
0.0817367
0.0931606
0.09638
0.11411
0.117027
0.128866
0.182517
0.194659
0.176863
0.195263
0.185736
0.17888
0.216437
0.220351
0.205769
0.244818
0.242863
0.25635
0.0332319
0.0493914
0.0476079
0.115043
0.103948
0.102289
0.126495
0.136455
0.143817
0.160825
0.175762
0.169502
0.217485
0.198888
0.203484
0.0865149
0.101031
0.0989106
0.120487
0.13541
0.131892
0.274215
0.291993
0.274557
0.290469
0.308952
0.305876
0.163337
0.160284
0.144547
0.193928
0.206778
0.208145
0.241254
0.231071
0.228115
0.309823
0.308107
0.295737
0.347237
0.350758
0.338276
0.233137
0.241062
0.244462
0.253478
0.244189
0.249116
0.231924
0.240509
0.229152
0.27198
0.284216
0.274219
0.299488
0.306066
0.288833
0.301805
0.291832
0.285642
0.358521
0.366285
0.350752
0.364715
0.355881
0.350441
0.384263
0.389962
0.37455
0.423799
0.416533
0.409293
0.283536
0.287286
0.275529
0.280446
0.270817
0.271082
0.280558
0.289269
0.291571
0.394188
0.379149
0.387273
0.426266
0.42455
0.4379
0.401935
0.401488
0.389633
0.423634
0.408781
0.415257
0.236649
0.247255
0.250187
0.243763
0.257437
0.251466
0.296858
0.302477
0.309423
0.341506
0.339899
0.351974
0.346283
0.356602
0.35849
0.326824
0.340956
0.330257
0.364674
0.376158
0.364326
0.260746
0.245472
0.255955
0.228866
0.239444
0.228649
0.196508
0.205744
0.207181
0.238276
0.22628
0.226734
0.242448
0.231772
0.231018
0.257178
0.241942
0.251196
0.191437
0.178164
0.181274
0.176155
0.189916
0.178541
0.196149
0.182235
0.191932
0.269418
0.287306
0.269909
0.112425
0.109972
0.0982591
0.134249
0.143831
0.132931
0.128208
0.125255
0.137433
0.135047
0.146049
0.145674
0.182139
0.194087
0.190199
0.237385
0.226617
0.238262
0.266058
0.265124
0.281522
0.196525
0.185844
0.194862
0.215165
0.225713
0.215816
0.240261
0.229673
0.24277
0.104223
0.102003
0.0929767
0.151517
0.15791
0.141503
0.182831
0.174371
0.189189
0.213223
0.222192
0.207452
0.167067
0.172084
0.179898
0.151375
0.146208
0.138124
0.204941
0.198338
0.192115
0.218984
0.223984
0.231734
0.258373
0.269201
0.25739
0.285716
0.271465
0.283325
0.321647
0.305034
0.308717
0.316773
0.333617
0.331487
0.41183
0.396442
0.408317
0.391199
0.405583
0.396484
0.359473
0.368556
0.374469
0.413769
0.423266
0.425351
0.0835506
0.0649276
0.0718923
0.309049
0.323583
0.30936
0.364361
0.376842
0.376789
0.525106
0.53888
0.535495
0.362951
0.370544
0.351087
0.361795
0.34325
0.340061
0.113046
0.115389
0.102408
0.328817
0.318451
0.312521
0.322736
0.316479
0.311595
0.348526
0.345125
0.33517
0.180554
0.18198
0.167267
0.212
0.198721
0.200718
0.300765
0.306563
0.316095
0.281849
0.278319
0.266905
0.333474
0.335004
0.320772
0.420483
0.418032
0.412277
0.395587
0.397038
0.38851
0.494812
0.509899
0.490555
0.49885
0.520343
0.504865
0.463241
0.462008
0.449356
0.281377
0.268932
0.282573
0.261617
0.257771
0.27172
0.0584608
0.0720622
0.0638591
0.27271
0.28009
0.265135
0.262784
0.282387
0.27419
0.323062
0.306744
0.311132
0.458794
0.442544
0.449543
0.466886
0.468179
0.476895
0.250244
0.264348
0.262363
0.204578
0.205146
0.190067
0.144677
0.154524
0.155661
0.268988
0.283946
0.268223
0.290637
0.295049
0.279746
0.0976113
0.110854
0.109216
0.244622
0.249972
0.238844
0.272593
0.266958
0.261518
0.270468
0.274254
0.261798
0.218695
0.207041
0.22313
0.249431
0.258953
0.24445
0.309698
0.3005
0.292471
0.276802
0.265099
0.271661
0.262469
0.25174
0.265595
0.309225
0.323263
0.310869
0.351542
0.356011
0.343867
0.359742
0.368606
0.35837
0.336372
0.324327
0.336946
0.357212
0.358855
0.368249
0.378505
0.369029
0.376843
0.150485
0.15614
0.16793
0.183556
0.18305
0.163526
0.246104
0.253753
0.235781
0.318556
0.303753
0.311036
0.137073
0.134815
0.144807
0.160271
0.153073
0.169697
0.28267
0.286993
0.296099
0.255691
0.241437
0.258983
0.334817
0.316808
0.329148
0.364428
0.356398
0.352785
0.170224
0.165613
0.157113
0.199024
0.183171
0.191922
0.347913
0.347933
0.335278
0.363451
0.373042
0.372371
0.215599
0.222541
0.208978
0.256099
0.242877
0.252786
0.296361
0.297887
0.284978
0.370308
0.370489
0.382473
0.396851
0.400823
0.386457
0.265829
0.251933
0.254061
0.265497
0.275656
0.276584
0.304348
0.296248
0.294468
0.488502
0.478486
0.487715
0.313882
0.321522
0.329367
0.343809
0.352544
0.357389
0.385179
0.372762
0.375839
0.374964
0.386874
0.377321
0.397804
0.387777
0.399091
0.406376
0.415908
0.422941
0.459653
0.449046
0.443429
0.502132
0.491212
0.486926
0.525252
0.533888
0.536431
0.372699
0.371392
0.365084
0.319955
0.309803
0.303651
0.369791
0.374984
0.378926
0.371026
0.386175
0.379641
0.397985
0.397884
0.387477
0.432258
0.41971
0.426868
0.414309
0.429083
0.418216
0.47433
0.463532
0.460575
0.439666
0.448712
0.454573
0.480251
0.483679
0.468482
0.51261
0.523978
0.514908
0.48394
0.495421
0.495379
0.34871
0.343236
0.332699
0.347338
0.359421
0.350801
0.390962
0.390727
0.378033
0.489546
0.475941
0.481141
0.263386
0.250431
0.26087
0.309482
0.296281
0.294388
0.325828
0.329234
0.315374
0.304651
0.318646
0.308326
0.358843
0.362224
0.375807
0.22584
0.214107
0.219487
0.227205
0.220333
0.213689
0.259073
0.243685
0.249367
0.344784
0.365906
0.362328
0.341206
0.325359
0.325855
0.396239
0.401419
0.416324
0.401452
0.396497
0.386822
0.356177
0.345905
0.360988
0.173152
0.174017
0.182822
0.297541
0.28763
0.298209
0.333056
0.322059
0.320979
0.346141
0.354482
0.34504
0.151202
0.144319
0.155731
0.129794
0.130231
0.13898
0.176001
0.188778
0.174584
0.255075
0.245652
0.241998
0.299832
0.283847
0.298545
0.326902
0.329502
0.329231
0.210806
0.20547
0.195586
0.230185
0.236381
0.24541
0.286827
0.292798
0.298732
0.204484
0.207471
0.215581
0.191451
0.184937
0.18111
0.232983
0.227572
0.241892
0.273571
0.273898
0.28407
0.330267
0.318159
0.319419
0.260589
0.265273
0.252156
0.318276
0.304395
0.310797
0.34521
0.330913
0.344203
0.378773
0.363495
0.367688
0.435563
0.436429
0.444085
0.399334
0.407797
0.397216
0.440849
0.442402
0.450633
0.0384167
0.0375477
0.0254533
0.0726507
0.0598656
0.0620937
0.0909777
0.0937123
0.0993293
0.120738
0.113826
0.110728
0.156863
0.163114
0.15076
0.21654
0.208137
0.202336
0.0418644
0.0260244
0.0351589
0.0398929
0.0384443
0.0268874
0.0930898
0.0892191
0.0797618
0.137472
0.123345
0.121037
0.151164
0.147748
0.135
0.12225
0.135416
0.131234
0.0752439
0.0857327
0.0817934
0.207581
0.228579
0.222083
0.265051
0.279455
0.257905
0.0890511
0.0751228
0.0768734
0.129898
0.130797
0.147506
0.136729
0.128668
0.139723
0.158099
0.1647
0.174699
0.196265
0.188244
0.20495
0.235013
0.218988
0.226615
0.224724
0.242398
0.23895
0.29285
0.307148
0.306955
0.347258
0.337047
0.332441
0.193536
0.203611
0.189984
0.205375
0.195176
0.208327
0.180474
0.191148
0.181524
0.157323
0.167118
0.156842
0.184267
0.194641
0.181661
0.260521
0.266791
0.251554
0.249532
0.264868
0.258096
0.292048
0.302689
0.28555
0.327536
0.330941
0.338273
0.374983
0.369677
0.385475
0.222372
0.22467
0.231803
0.261254
0.258813
0.269659
0.228552
0.226941
0.238365
0.204838
0.211349
0.19929
0.208201
0.200228
0.2113
0.252223
0.243989
0.253095
0.25105
0.238541
0.250492
0.332353
0.315141
0.324597
0.333318
0.325815
0.316214
0.394586
0.387892
0.379952
0.287948
0.308253
0.291116
0.304292
0.310582
0.294987
0.269297
0.268849
0.278437
0.28789
0.294081
0.297975
0.300051
0.292803
0.284708
0.311711
0.308094
0.320994
0.325308
0.343747
0.332554
0.330464
0.330074
0.324319
0.357299
0.349665
0.365347
0.355904
0.365567
0.354317
0.381483
0.380745
0.39334
0.445986
0.45023
0.43659
0.268478
0.281592
0.272177
0.279025
0.283278
0.271882
0.259881
0.247181
0.254328
0.278201
0.273616
0.285269
0.280018
0.287198
0.274641
0.306238
0.300018
0.31284
0.306607
0.317355
0.319062
0.39191
0.394689
0.382376
0.418983
0.415347
0.428371
0.387463
0.386122
0.374858
0.206537
0.204941
0.195536
0.254937
0.245304
0.25905
0.30333
0.309769
0.298217
0.273689
0.286284
0.278652
0.343479
0.330959
0.341308
0.283482
0.29881
0.296315
0.327667
0.336386
0.320519
0.161677
0.157638
0.149566
0.150886
0.159963
0.163366
0.19548
0.184207
0.183001
0.206855
0.193387
0.205826
0.216486
0.23186
0.220508
0.213747
0.224504
0.212379
0.240231
0.224851
0.238458
0.305434
0.285719
0.302241
0.112432
0.0988383
0.109866
0.146022
0.135253
0.134022
0.0876217
0.0978932
0.0851283
0.142982
0.153115
0.155117
0.106058
0.107823
0.0982364
0.177708
0.167268
0.166821
0.142708
0.130409
0.135099
0.151256
0.163291
0.158437
0.177174
0.181551
0.18873
0.123664
0.123302
0.133696
0.220546
0.211942
0.22548
0.146047
0.160482
0.159962
0.212523
0.209719
0.222768
0.18679
0.189216
0.176588
0.242966
0.251123
0.234335
0.242354
0.234619
0.250508
0.201353
0.187224
0.18874
0.200303
0.212821
0.212474
0.234588
0.236205
0.246737
0.251813
0.248194
0.240408
0.23415
0.223821
0.236653
0.267213
0.282753
0.275854
0.371202
0.360414
0.375959
0.340575
0.35279
0.337483
0.400957
0.412083
0.397381
0.096763
0.111
0.107313
0.089927
0.0844012
0.0722734
0.108143
0.113596
0.119797
0.302632
0.296056
0.311404
0.341233
0.360063
0.345687
0.34972
0.362286
0.366413
0.347167
0.338712
0.357998
0.328421
0.327096
0.317055
0.347563
0.350467
0.36016
0.361571
0.364406
0.376185
0.373058
0.379304
0.371443
0.315315
0.333167
0.332903
0.481399
0.498027
0.497465
0.482434
0.468408
0.470346
0.429637
0.444681
0.442511
0.234416
0.248262
0.234439
0.385217
0.385892
0.366797
0.329827
0.329193
0.342736
0.145603
0.136219
0.135118
0.103251
0.113536
0.112248
0.122831
0.119639
0.11093
0.141498
0.150687
0.140382
0.341359
0.349577
0.356044
0.333037
0.339638
0.345281
0.162854
0.169851
0.15704
0.161214
0.17728
0.171508
0.203167
0.205501
0.213055
0.367959
0.366597
0.380668
0.359129
0.35741
0.369285
0.374698
0.373147
0.379995
0.356194
0.351577
0.363774
0.330247
0.332927
0.319085
0.377157
0.390636
0.382746
0.392971
0.377265
0.386296
0.393897
0.402826
0.391098
0.412647
0.402342
0.413105
0.396721
0.411826
0.401185
0.31617
0.299416
0.310218
0.277444
0.289976
0.284431
0.247813
0.243216
0.237549
0.258057
0.261498
0.268862
0.296735
0.315415
0.296212
0.335216
0.314154
0.330409
0.463265
0.464845
0.478524
0.437852
0.437549
0.423908
0.411454
0.41199
0.424537
0.357082
0.372243
0.360546
0.17793
0.177518
0.19099
0.298487
0.282472
0.299093
0.0819224
0.0968885
0.0838266
0.103359
0.0887561
0.0935252
0.289521
0.29441
0.281882
0.149327
0.134028
0.137567
0.28893
0.291725
0.3053
0.320677
0.332694
0.334651
0.298841
0.298422
0.313801
0.328335
0.329113
0.315629
0.36662
0.377195
0.372916
0.450898
0.43723
0.435653
0.368118
0.371073
0.353909
0.444289
0.44235
0.454063
0.182265
0.18217
0.143077
0.122635
0.126618
0.144253
0.17257
0.163574
0.196044
0.201043
0.200808
0.185451
0.240548
0.231563
0.217726
0.204507
0.269941
0.257834
0.303388
0.307161
0.288182
0.271439
0.335946
0.323039
0.311196
0.316944
0.343969
0.333404
0.146426
0.200908
0.197108
0.182498
0.252348
0.254304
0.219712
0.201897
0.203258
0.222519
0.309413
0.32272
0.293291
0.3035
0.341587
0.346429
0.34978
0.30885
0.327016
0.340979
0.175381
0.181095
0.149858
0.142348
0.155507
0.167745
0.210148
0.204886
0.1951
0.175175
0.214613
0.229196
0.20151
0.209148
0.240702
0.248599
0.218671
0.245765
0.264301
0.260388
0.272467
0.27731
0.296579
0.295733
0.312824
0.304048
0.308051
0.280158
0.346592
0.347583
0.319308
0.324255
0.399457
0.404049
0.372345
0.360512
0.362425
0.38017
0.391551
0.382613
0.406408
0.382989
0.175272
0.185336
0.184277
0.198784
0.220924
0.216362
0.242562
0.231877
0.236858
0.20363
0.260421
0.258109
0.246559
0.235089
0.223343
0.232572
0.273554
0.263108
0.300323
0.30288
0.281661
0.269064
0.348861
0.345242
0.326035
0.311141
0.307417
0.31873
0.333961
0.363682
0.375362
0.366546
0.358659
0.357843
0.433798
0.421557
0.419394
0.406903
0.410632
0.415989
0.371247
0.3942
0.461352
0.452816
0.46979
0.456737
0.439403
0.435423
0.418779
0.444178
0.41455
0.395043
0.272959
0.281572
0.276161
0.255293
0.291244
0.283192
0.307034
0.307093
0.312444
0.322906
0.292002
0.318708
0.315654
0.318122
0.350873
0.351399
0.330605
0.328906
0.37437
0.362978
0.411327
0.40535
0.390812
0.375509
0.444097
0.42786
0.414595
0.407518
0.437391
0.457035
0.465685
0.462145
0.478625
0.469941
0.498024
0.501459
0.46937
0.492654
0.338993
0.330358
0.366848
0.373064
0.357705
0.343243
0.329823
0.350842
0.353941
0.334283
0.365224
0.374362
0.366514
0.35973
0.361808
0.335296
0.390115
0.403544
0.3947
0.370182
0.408509
0.419926
0.409547
0.418403
0.441574
0.443393
0.433979
0.428296
0.416113
0.398377
0.447381
0.452315
0.470222
0.480623
0.438916
0.473137
0.516782
0.523904
0.512455
0.483333
0.500752
0.512975
0.499436
0.512364
0.532211
0.531044
0.317596
0.325721
0.336044
0.351338
0.364033
0.355973
0.334218
0.341853
0.342612
0.35661
0.372555
0.366391
0.41944
0.410638
0.407548
0.395251
0.38224
0.390585
0.502333
0.491337
0.501257
0.489472
0.477968
0.486463
0.483934
0.460055
0.453545
0.465767
0.438909
0.42229
0.428687
0.459926
0.533726
0.542003
0.517613
0.523614
0.540113
0.5406
0.507729
0.502827
0.534234
0.516569
0.506299
0.534369
0.523291
0.508316
0.304684
0.304821
0.289975
0.275713
0.272635
0.287913
0.299741
0.29668
0.332351
0.322047
0.336815
0.318016
0.392164
0.36735
0.358372
0.371303
0.404718
0.438322
0.414428
0.400047
0.458181
0.473184
0.449678
0.489908
0.445368
0.41465
0.502688
0.483215
0.422008
0.40332
0.448694
0.446568
0.416702
0.402533
0.429079
0.459852
0.473095
0.462522
0.281636
0.271577
0.282789
0.269491
0.238355
0.241548
0.329818
0.342907
0.301974
0.305544
0.33749
0.348725
0.349919
0.334096
0.373282
0.369808
0.328291
0.316885
0.38926
0.361262
0.358785
0.390975
0.399592
0.393968
0.410663
0.445517
0.423329
0.406269
0.192759
0.203154
0.175755
0.177483
0.204945
0.21477
0.227088
0.274068
0.255145
0.23978
0.289726
0.300287
0.292613
0.263552
0.256391
0.298391
0.282558
0.272235
0.301679
0.312235
0.284025
0.310869
0.345115
0.35845
0.321407
0.324187
0.35414
0.367996
0.366984
0.377273
0.369086
0.385452
0.137663
0.139568
0.155568
0.164461
0.165593
0.159685
0.202049
0.211747
0.177229
0.175411
0.192037
0.202354
0.238692
0.237378
0.266514
0.274693
0.272486
0.263288
0.300887
0.281008
0.172683
0.20213
0.212377
0.204507
0.227183
0.238174
0.25415
0.26781
0.265429
0.276813
0.298415
0.299434
0.313541
0.301415
0.331354
0.337611
0.327919
0.311376
0.248178
0.242707
0.277478
0.286417
0.274026
0.260053
0.226215
0.225791
0.254348
0.264
0.262411
0.251343
0.28089
0.276395
0.304527
0.31119
0.306454
0.295127
0.203708
0.204659
0.224896
0.235721
0.239865
0.225999
0.274928
0.269713
0.25265
0.244381
0.277887
0.29105
0.268171
0.276905
0.299424
0.303794
0.295997
0.308135
0.288931
0.297043
0.32603
0.331941
0.286956
0.256749
0.306626
0.295055
0.307809
0.274189
0.318928
0.31824
0.345536
0.34496
0.333655
0.348618
0.315652
0.356576
0.392415
0.405817
0.371313
0.373294
0.401055
0.411168
0.359823
0.358451
0.374041
0.403029
0.393262
0.387851
0.414592
0.373998
0.479806
0.464039
0.493855
0.49031
0.468784
0.459734
0.438913
0.437492
0.457878
0.452303
0.430185
0.426372
0.426814
0.417611
0.401979
0.407191
0.433727
0.403661
0.424594
0.434432
0.0636764
0.057433
0.0495247
0.0372981
0.0138759
0.0193612
0.0194545
0.0530601
0.0673127
0.0707632
0.0577413
0.0155741
0.0408526
0.048891
0.0718176
0.0579724
0.0761253
0.0802104
0.0590499
0.0820251
0.0892025
0.0832604
0.244278
0.230651
0.252567
0.246635
0.221247
0.213822
0.0887897
0.0840158
0.0667684
0.0519443
0.052727
0.0644571
0.100137
0.110318
0.0728697
0.104912
0.139602
0.144062
0.111374
0.09967
0.106385
0.120201
0.159952
0.170196
0.168491
0.186823
0.214068
0.205713
0.163633
0.212657
0.191237
0.176872
0.197044
0.228614
0.235221
0.226
0.268387
0.269092
0.250226
0.244176
0.0483382
0.0613845
0.0187549
0.0188783
0.0533149
0.0652793
0.107145
0.096128
0.127946
0.130221
0.109595
0.0938558
0.151026
0.161649
0.116252
0.146616
0.179455
0.153714
0.182978
0.192234
0.208251
0.236774
0.233898
0.192314
0.0959514
0.11205
0.0730037
0.0742375
0.101788
0.11548
0.144708
0.117465
0.143957
0.155178
0.256142
0.273845
0.259567
0.27611
0.309314
0.310693
0.300456
0.320163
0.270634
0.326763
0.127287
0.126368
0.164935
0.180791
0.174621
0.156271
0.213113
0.221245
0.180816
0.179541
0.204862
0.217113
0.227256
0.250206
0.254249
0.237093
0.282042
0.283238
0.31318
0.323551
0.318027
0.311019
0.329247
0.329665
0.347195
0.356587
0.36541
0.356361
0.246896
0.254882
0.223891
0.220955
0.240436
0.249209
0.258902
0.248973
0.263143
0.258494
0.240168
0.234376
0.218488
0.228432
0.22336
0.23427
0.251128
0.250809
0.261994
0.27518
0.262081
0.271756
0.29323
0.295673
0.279575
0.310146
0.322092
0.312039
0.270457
0.317965
0.298836
0.282429
0.335772
0.344911
0.349282
0.365366
0.380443
0.372557
0.337087
0.378798
0.362071
0.349693
0.365637
0.394659
0.408514
0.396742
0.403361
0.430905
0.439495
0.42423
0.265063
0.267262
0.282054
0.296013
0.300207
0.289647
0.272521
0.262293
0.289657
0.288721
0.271358
0.26105
0.302359
0.298132
0.382505
0.380825
0.405384
0.401706
0.372359
0.364564
0.435171
0.448133
0.421004
0.413447
0.412733
0.424341
0.377411
0.378835
0.402947
0.404165
0.407826
0.395394
0.252222
0.26191
0.230048
0.227795
0.246457
0.256958
0.248708
0.260134
0.230407
0.237468
0.265543
0.27213
0.30015
0.305198
0.293129
0.2841
0.297517
0.30985
0.364015
0.360977
0.343855
0.331486
0.328408
0.337286
0.37069
0.33426
0.354879
0.367946
0.321904
0.312918
0.323075
0.350586
0.356546
0.370532
0.355087
0.363816
0.385795
0.388553
0.269493
0.253308
0.277234
0.268382
0.237373
0.230591
0.216406
0.217724
0.210114
0.21919
0.188806
0.186209
0.207121
0.218425
0.231604
0.218164
0.252074
0.252024
0.233341
0.219893
0.260354
0.246453
0.27215
0.265479
0.234784
0.226765
0.184555
0.17329
0.204526
0.204734
0.176665
0.166013
0.167205
0.179882
0.162921
0.172951
0.201301
0.204279
0.202211
0.189489
0.210852
0.169245
0.255612
0.270191
0.253134
0.268584
0.307049
0.304541
0.0879188
0.0830058
0.116517
0.125036
0.121922
0.109898
0.133683
0.137187
0.154712
0.153752
0.150395
0.14665
0.131053
0.11914
0.115176
0.125195
0.156772
0.126199
0.149964
0.157797
0.188299
0.199608
0.16993
0.176845
0.199062
0.20579
0.250563
0.237549
0.250875
0.237228
0.215729
0.217248
0.300418
0.298286
0.267459
0.265676
0.205604
0.196875
0.207194
0.175085
0.217288
0.238553
0.256358
0.252854
0.0865915
0.0800418
0.109872
0.114787
0.113165
0.101718
0.126476
0.129429
0.14608
0.160077
0.175024
0.163302
0.20412
0.195642
0.19169
0.167885
0.201604
0.219245
0.235958
0.230494
0.188396
0.192931
0.165056
0.155055
0.165105
0.178793
0.133759
0.125862
0.161181
0.144004
0.188293
0.212776
0.217279
0.205878
0.239753
0.243587
0.214478
0.22948
0.245734
0.257571
0.248504
0.258027
0.280709
0.281898
0.295147
0.299555
0.290292
0.260945
0.311633
0.297863
0.336092
0.335475
0.301179
0.286973
0.329637
0.34453
0.298564
0.348114
0.418816
0.402816
0.423847
0.415242
0.386336
0.380509
0.387843
0.401306
0.377264
0.419412
0.380895
0.350413
0.343025
0.362279
0.424893
0.434931
0.403094
0.43155
0.0808782
0.103264
0.0981845
0.0609562
0.295355
0.310733
0.296607
0.332205
0.378799
0.386784
0.355161
0.349602
0.376384
0.389802
0.511034
0.537756
0.332517
0.33645
0.356414
0.371705
0.390387
0.379027
0.319573
0.383356
0.346012
0.325195
0.0876168
0.0937515
0.111097
0.123994
0.126929
0.11864
0.307268
0.297342
0.338702
0.34476
0.325234
0.30902
0.307113
0.299111
0.329578
0.334147
0.321507
0.310168
0.327327
0.322923
0.352834
0.363493
0.358101
0.343351
0.152636
0.154342
0.180642
0.192856
0.193536
0.184661
0.193536
0.190551
0.218813
0.224815
0.194678
0.182757
0.32124
0.332649
0.291269
0.28642
0.295993
0.309052
0.251735
0.272525
0.348326
0.350375
0.396008
0.420823
0.418018
0.409107
0.37762
0.383044
0.397161
0.405857
0.394538
0.387947
0.475457
0.490453
0.480447
0.499021
0.51812
0.526237
0.437726
0.439661
0.46593
0.463988
0.287227
0.282629
0.255755
0.258374
0.285952
0.266368
0.0578735
0.0731714
0.0458185
0.0576423
0.0829041
0.0857142
0.281639
0.294716
0.283454
0.249353
0.292621
0.302607
0.320583
0.304158
0.339527
0.337575
0.308706
0.293274
0.453829
0.474652
0.464496
0.430689
0.489309
0.455682
0.454714
0.459695
0.2627
0.27863
0.23434
0.279422
0.176563
0.219233
0.220171
0.205932
0.155535
0.166248
0.134642
0.164872
0.267002
0.268727
0.298901
0.30001
0.120588
0.0849977
0.115424
0.126205
0.227595
0.23321
0.238182
0.250204
0.26058
0.253828
0.255384
0.278833
0.284303
0.271307
0.24919
0.266553
0.282503
0.287154
0.23887
0.230312
0.215927
0.191281
0.241182
0.268326
0.284211
0.277304
0.318785
0.327596
0.305241
0.290347
0.264026
0.254412
0.279145
0.273537
0.259566
0.23815
0.312252
0.307768
0.336081
0.337023
0.332735
0.343454
0.341538
0.354856
0.368395
0.365881
0.34825
0.358911
0.348881
0.362268
0.37762
0.375672
0.37716
0.377827
0.355872
0.359629
0.184668
0.146598
0.135713
0.150074
0.227037
0.264326
0.327865
0.300299
0.155478
0.131073
0.122826
0.136359
0.18562
0.168389
0.269159
0.275854
0.341725
0.354963
0.351581
0.373882
0.145016
0.162279
0.394774
0.371905
0.254779
0.278076
0.287578
0.283364
0.316732
0.29989
0.334403
0.307294
0.3675
0.362028
0.377169
0.396527
0.396927
0.373601
0.378078
0.398233
0.43809
0.427176
0.475873
0.453111
0.518378
0.497125
0.361359
0.363646
0.29892
0.333017
0.376128
0.363763
0.353482
0.365258
0.385862
0.379817
0.437504
0.411828
0.406106
0.421927
0.401919
0.443495
0.457674
0.481879
0.469832
0.458016
0.497441
0.471525
0.473258
0.497754
0.344652
0.334958
0.3631
0.392378
0.261682
0.235924
0.322252
0.300118
0.233039
0.208582
0.241783
0.227928
0.358333
0.376645
0.326025
0.387069
0.408778
0.391466
0.362712
0.354474
0.330484
0.33584
0.309249
0.310976
0.347298
0.326745
0.167209
0.161118
0.149176
0.133917
0.122664
0.123883
0.313814
0.315816
0.181947
0.226857
0.215747
0.202407
0.227489
0.193302
0.202286
0.214278
0.170778
0.181901
0.255669
0.239571
0.343404
0.318007
0.388432
0.357894
0.46189
0.441278
0.0154657
0.0434191
0.0522121
0.0494183
0.0660702
0.0858985
0.106499
0.108403
0.0904914
0.100128
0.109898
0.129867
0.130483
0.118972
0.139164
0.145896
0.149128
0.16925
0.189144
0.201183
0.153347
0.122771
0.235473
0.250054
0.154618
0.149645
0.189377
0.172237
0.219256
0.204744
0.23423
0.251575
0.246208
0.213576
0.324765
0.319224
0.18597
0.19712
0.216038
0.212063
0.21768
0.212045
0.202908
0.181524
0.176139
0.18763
0.168741
0.202921
0.166551
0.177191
0.188914
0.206041
0.242657
0.273738
0.268269
0.281944
0.299423
0.319832
0.24081
0.227988
0.277627
0.255201
0.223345
0.214963
0.194466
0.218405
0.334214
0.349031
0.3406
0.307165
0.294918
0.282316
0.312962
0.319049
0.276526
0.295963
0.289074
0.274318
0.293871
0.284307
0.280332
0.297978
0.317615
0.316397
0.338543
0.319079
0.337157
0.345669
0.312435
0.32519
0.374225
0.343746
0.423263
0.441613
0.264529
0.290912
0.262611
0.271523
0.293056
0.269491
0.263119
0.272755
0.286594
0.300033
0.321194
0.29554
0.294856
0.318908
0.402214
0.408931
0.439676
0.411719
0.362987
0.386877
0.399781
0.397765
0.285131
0.299624
0.271116
0.297128
0.345945
0.319053
0.307821
0.317653
0.337982
0.350368
0.142274
0.167017
0.175239
0.138199
0.157963
0.170336
0.181736
0.208078
0.213303
0.242565
0.21138
0.237329
0.121652
0.109331
0.125471
0.0845923
0.133103
0.156831
0.0896492
0.108882
0.140525
0.154365
0.165407
0.175652
0.173964
0.132779
0.162504
0.175873
0.236698
0.233838
0.218271
0.203376
0.198315
0.2109
0.226145
0.251816
0.268732
0.260064
0.213466
0.187419
0.223545
0.225067
0.256271
0.232252
0.390236
0.381682
0.36694
0.344307
0.33608
0.366157
0.390605
0.420434
0.0913795
0.11644
0.108012
0.0951257
0.126427
0.103638
0.321772
0.29043
0.332954
0.322459
0.33735
0.374529
0.370775
0.370758
0.333405
0.335544
0.353618
0.34916
0.377406
0.358902
0.342253
0.337483
0.372953
0.356253
0.385938
0.360019
0.347471
0.350733
0.296549
0.334495
0.49528
0.465481
0.466555
0.4983
0.458409
0.453866
0.440427
0.414582
0.350303
0.386877
0.31501
0.314991
0.0987001
0.133738
0.13058
0.118239
0.143536
0.160354
0.346337
0.358678
0.165889
0.143559
0.379768
0.355635
0.381838
0.362174
0.347958
0.344176
0.376285
0.361346
0.347676
0.340492
0.307476
0.332735
0.368872
0.400036
0.380071
0.391508
0.386773
0.412768
0.388279
0.380957
0.281529
0.267075
0.274166
0.299079
0.258002
0.249376
0.296792
0.334552
0.449972
0.451414
0.410334
0.437821
0.328124
0.301169
