# bob_500f_2
# Number of vertices: 4000, Number of faces: 8000
# Preprocessing time: 0.00734021
# Query time: 10.196
0.258262
0.320183
0.225265
0.313079
0.0612094
0.32355
0.268906
0.282351
0.229904
0.223264
0.295617
0.132936
0.123488
0.208434
0.204222
0.287745
0.367652
0.344424
0.166322
0.196779
0.260141
0.27038
0.318842
0.415682
0.392608
0.19164
0.246772
0.222134
0.311445
0.364346
0.364102
0.41015
0.432393
0.296415
0.273654
0.286671
0.318119
0.385925
0.426654
0.457318
0.474344
0.353393
0.327297
0.323106
0.371956
0.361024
0.409448
0.447385
0.530844
0.509144
0.375111
0.366657
0.410398
0.404667
0.455827
0.478333
0.489967
0.500139
0.546118
0.517925
0.31643
0.350029
0.333939
0.381589
0.412329
0.451801
0.287913
0.290969
0.3481
0.356113
0.407655
0.470908
0.39649
0.202284
0.250543
0.313211
0.381309
0.279799
0.317645
0.366224
0.170358
0.16354
0.223297
0.206797
0.278175
0.32508
0.324169
0.216996
0.175475
0.235942
0.269146
0.272548
0.311292
0.237859
0.308716
0.287286
0.364037
0.363264
0.465478
0.438679
0
0.050374
0.0482124
0.112759
0.0584453
0.0998548
0.15816
0.186572
0.24619
0.102369
0.172438
0.230975
0.258103
0.117227
0.10853
0.171191
0.142382
0.165792
0.229877
0.199835
0.266831
0.335542
0.186192
0.330077
0.358674
0.248743
0.213329
0.230473
0.261237
0.218427
0.268108
0.291776
0.358797
0.389749
0.256855
0.300451
0.294383
0.308783
0.329603
0.340743
0.379627
0.416182
0.41837
0.266397
0.255584
0.309993
0.264546
0.334377
0.314128
0.368658
0.402008
0.225285
0.287956
0.263673
0.358866
0.178564
0.171964
0.223336
0.255661
0.129698
0.123951
0.164712
0.205774
0.212013
0.256767
0.0705797
0.086248
0.118849
0.139853
0.16701
0.213225
0.26268
0.121959
0.158324
0.185562
0.175726
0.214342
0.251046
0.204015
0.25196
0.307181
0.284352
0.397902
0.376185
0.302887
0.305633
0.140079
0.0954901
0.344944
0.346358
0.386715
0.505247
0.522383
0.352069
0.457398
0.467205
0.282952
0.412194
0.371336
0.168226
0.130049
0.320882
0.360576
0.138071
0.196339
0.196426
0.247211
0.345481
0.396389
0.417072
0.389756
0.418213
0.478992
0.397434
0.283085
0.320491
0.418879
0.447852
0.488585
0.356917
0.296944
0.452984
0.285062
0.40698
0.223121
0.219739
0.331613
0.226002
0.167035
0.322551
0.125072
0.323092
0.0773682
0.0715571
0.267649
0.246878
0.181916
0.283014
0.269819
0.338868
0.296798
0.344203
0.385279
0.352756
0.356532
0.347088
0.388834
0.433376
0.381787
0.436531
0.164615
0.127502
0.165484
0.189176
0.20403
0.175678
0.233271
0.225005
0.292848
0.299897
0.267423
0.328097
0.335043
0.330735
0.200886
0.1668
0.239706
0.205379
0.242171
0.306103
0.325844
0.337265
0.321599
0.349056
0.164419
0.150701
0.176351
0.204551
0.192623
0.210585
0.226297
0.240908
0.235358
0.265397
0.290929
0.287812
0.31463
0.29617
0.337162
0.339823
0.389606
0.365502
0.397034
0.404303
0.386474
0.182318
0.212484
0.203841
0.243464
0.220498
0.254597
0.230713
0.248229
0.289185
0.294071
0.268415
0.340417
0.311816
0.33612
0.37264
0.3531
0.362117
0.437679
0.412815
0.424506
0.387084
0.471783
0.456964
0.449886
0.433555
0.410165
0.278381
0.268674
0.297992
0.299779
0.303493
0.320381
0.31854
0.34266
0.342168
0.370869
0.404705
0.394062
0.438041
0.413424
0.462705
0.45329
0.484186
0.490828
0.486982
0.3545
0.368145
0.339504
0.341885
0.344156
0.370506
0.365204
0.350996
0.400387
0.384264
0.410828
0.432323
0.432778
0.428038
0.417321
0.45341
0.458283
0.47943
0.52142
0.499674
0.504715
0.528713
0.528057
0.329198
0.360287
0.343654
0.339807
0.367682
0.356776
0.416651
0.392288
0.405703
0.512544
0.488657
0.498748
0.474979
0.463312
0.434633
0.448492
0.532885
0.542114
0.54997
0.525578
0.516165
0.534803
0.512323
0.300155
0.27566
0.29936
0.318424
0.31133
0.330077
0.383206
0.367825
0.430319
0.404907
0.458374
0.487634
0.434305
0.502708
0.443529
0.437868
0.408552
0.455268
0.474575
0.283225
0.256097
0.260177
0.319319
0.32586
0.348956
0.36298
0.353481
0.327856
0.379355
0.377147
0.401443
0.434992
0.429638
0.187334
0.192819
0.21069
0.2657
0.235318
0.297461
0.282115
0.293662
0.268803
0.297215
0.31676
0.34263
0.345156
0.37243
0.37749
0.39769
0.147184
0.166012
0.150774
0.190557
0.185665
0.209444
0.256637
0.27795
0.256237
0.296693
0.189935
0.211868
0.239235
0.268474
0.295365
0.292303
0.335895
0.344551
0.311747
0.266694
0.284168
0.25564
0.244472
0.266758
0.242456
0.29733
0.313169
0.290366
0.218188
0.24304
0.221862
0.270613
0.260817
0.276695
0.292505
0.301476
0.29921
0.315186
0.327839
0.282882
0.311994
0.289266
0.336977
0.335583
0.328069
0.357363
0.387162
0.393158
0.414543
0.364775
0.395454
0.412001
0.39339
0.491664
0.483272
0.465454
0.452494
0.448936
0.433609
0.415512
0.423709
0.41994
0.439404
0.056731
0.0257661
0.0382944
0.0365873
0.0687177
0.0289443
0.0528226
0.0685744
0.078339
0.0715648
0.0867845
0.252219
0.238763
0.225564
0.0799666
0.0524331
0.0748901
0.0874059
0.109799
0.128805
0.105257
0.134366
0.167071
0.20459
0.190645
0.205113
0.174835
0.235085
0.214999
0.263198
0.262048
0.0342938
0.0363399
0.0640025
0.119154
0.122377
0.0947102
0.134775
0.154918
0.169958
0.187841
0.223013
0.216353
0.0843919
0.0898011
0.11659
0.129582
0.150301
0.259812
0.294571
0.297118
0.290847
0.328653
0.148526
0.17997
0.142427
0.200824
0.195523
0.221245
0.242095
0.248291
0.298892
0.320665
0.300257
0.339983
0.364525
0.346473
0.235749
0.232854
0.253187
0.261199
0.249992
0.241925
0.221932
0.243261
0.240595
0.263543
0.282986
0.289056
0.318726
0.297563
0.309791
0.277713
0.344001
0.374675
0.359889
0.372556
0.345547
0.403838
0.384149
0.41953
0.437483
0.274047
0.298307
0.276965
0.281305
0.278455
0.261692
0.29963
0.398897
0.388316
0.374206
0.430522
0.417912
0.441637
0.395496
0.395063
0.403567
0.238785
0.237027
0.258302
0.241362
0.25426
0.266371
0.305907
0.294345
0.315664
0.360197
0.335893
0.355738
0.349057
0.374547
0.323073
0.339834
0.357765
0.378507
0.38201
0.274698
0.255563
0.243247
0.217671
0.199714
0.19738
0.21796
0.248113
0.247443
0.223259
0.271672
0.256663
0.242014
0.194255
0.192889
0.170168
0.169586
0.191797
0.196136
0.211814
0.184821
0.259215
0.291008
0.29011
0.103049
0.123739
0.0977527
0.146712
0.146254
0.144521
0.120207
0.139451
0.141028
0.1608
0.183585
0.191971
0.207256
0.254555
0.229553
0.23035
0.287633
0.286974
0.209313
0.189468
0.232273
0.259975
0.0994734
0.114543
0.092093
0.139652
0.170248
0.148229
0.201283
0.18505
0.23126
0.219744
0.179425
0.16002
0.186525
0.147984
0.135521
0.201736
0.212488
0.229762
0.23752
0.249874
0.270167
0.27337
0.30127
0.280556
0.328157
0.323442
0.297383
0.318898
0.350521
0.428068
0.406466
0.395809
0.388299
0.415558
0.37245
0.358233
0.419492
0.439347
0.092704
0.0793328
0.299079
0.329561
0.37402
0.36758
0.39355
0.527793
0.35189
0.386623
0.363262
0.369992
0.327929
0.100622
0.126612
0.107601
0.326905
0.338668
0.307234
0.323129
0.331971
0.308735
0.343736
0.365127
0.33697
0.17126
0.197864
0.174605
0.215247
0.214823
0.190862
0.307914
0.297905
0.326984
0.268322
0.35752
0.43443
0.407244
0.398435
0.409452
0.390399
0.482237
0.51832
0.511669
0.455768
0.456833
0.273233
0.276609
0.280487
0.0518554
0.0718764
0.0815198
0.292009
0.274951
0.296202
0.331526
0.325907
0.299252
0.468989
0.453461
0.462805
0.477215
0.251417
0.28203
0.222516
0.193391
0.147828
0.16857
0.288359
0.289479
0.102296
0.124649
0.236037
0.259818
0.246601
0.270798
0.281854
0.26029
0.288146
0.238094
0.206804
0.258012
0.301306
0.317548
0.285901
0.260645
0.279008
0.250694
0.325674
0.329225
0.344743
0.369819
0.362894
0.352858
0.375956
0.372566
0.371432
0.373077
0.168368
0.145356
0.249226
0.318624
0.128191
0.148457
0.178087
0.274942
0.351369
0.367479
0.156281
0.387474
0.269335
0.287993
0.311333
0.32494
0.366708
0.388502
0.387181
0.389626
0.436862
0.468498
0.510632
0.379206
0.32067
0.38056
0.362286
0.3951
0.427827
0.407147
0.436959
0.475609
0.466787
0.489836
0.493398
0.342225
0.380219
0.252204
0.314106
0.222258
0.238669
0.347716
0.388758
0.416544
0.349109
0.358812
0.318426
0.347291
0.166172
0.142739
0.123431
0.321846
0.224623
0.195803
0.199677
0.223593
0.177917
0.250579
0.335616
0.377265
0.456214
0.0294536
0.0519509
0.0783361
0.100826
0.106061
0.123468
0.126452
0.147547
0.160394
0.198454
0.138847
0.247831
0.147585
0.183328
0.213566
0.243271
0.230941
0.324974
0.21035
0.201457
0.216111
0.193138
0.171588
0.195528
0.173278
0.199161
0.259609
0.276359
0.310983
0.235982
0.266696
0.219529
0.207227
0.34303
0.326184
0.302989
0.313797
0.288331
0.282635
0.293596
0.292644
0.326834
0.339684
0.350884
0.325075
0.361375
0.43566
0.276999
0.270377
0.28538
0.273955
0.300045
0.315713
0.313267
0.40806
0.429238
0.378685
0.402936
0.297603
0.289896
0.335725
0.315266
0.348976
0.155136
0.149498
0.174262
0.198055
0.233596
0.229774
0.1247
0.0990524
0.148015
0.101289
0.148968
0.172681
0.149133
0.175974
0.232054
0.203192
0.226074
0.264022
0.246583
0.201821
0.225192
0.244547
0.391061
0.360651
0.3567
0.41092
0.106366
0.101971
0.11756
0.310947
0.332954
0.361543
0.356423
0.355886
0.364276
0.370002
0.340892
0.368537
0.376921
0.352325
0.318684
0.484257
0.487662
0.462129
0.432383
0.375036
0.320415
0.133979
0.110295
0.155109
0.356214
0.157816
0.369622
0.376097
0.348549
0.37373
0.347843
0.325047
0.389766
0.391565
0.41256
0.389837
0.275303
0.289488
0.255213
0.318241
0.454662
0.427939
0.31767
0.144844
0.145936
0.16479
0.194375
0.190763
0.181297
0.217403
0.215504
0.229102
0.295474
0.284108
0.279219
0.330656
0.345332
0.343093
0.183856
0.183148
0.164846
0.223435
0.224232
0.240975
0.314604
0.332435
0.321832
0.327312
0.335768
0.341215
0.156726
0.162965
0.169726
0.190431
0.184189
0.198675
0.219101
0.234738
0.226108
0.218489
0.231689
0.215059
0.253503
0.250985
0.237881
0.278685
0.289006
0.276508
0.30266
0.293328
0.305121
0.325365
0.327201
0.33867
0.378051
0.380144
0.392243
0.403984
0.395863
0.395377
0.197042
0.208356
0.19284
0.228256
0.216487
0.231461
0.242686
0.238513
0.250783
0.291615
0.281424
0.278404
0.325395
0.323626
0.337444
0.356432
0.362247
0.345545
0.349506
0.349055
0.3361
0.425119
0.427372
0.436223
0.400971
0.39942
0.388045
0.464411
0.453066
0.460512
0.448677
0.446427
0.43473
0.413845
0.407018
0.416973
0.27176
0.260654
0.266567
0.287527
0.298913
0.28952
0.301311
0.309788
0.311448
0.308375
0.296297
0.306405
0.330603
0.329584
0.341194
0.362021
0.356167
0.346083
0.388708
0.383389
0.399108
0.425947
0.422868
0.434617
0.450158
0.456115
0.444125
0.472582
0.487109
0.476318
0.479281
0.489943
0.480238
0.360954
0.353816
0.346867
0.341797
0.331845
0.330618
0.362242
0.348708
0.357119
0.353615
0.345086
0.357268
0.392329
0.378574
0.385703
0.421708
0.432637
0.421521
0.414505
0.408631
0.423289
0.44085
0.442808
0.430965
0.454255
0.46538
0.468913
0.510202
0.495153
0.505933
0.516373
0.527167
0.516375
0.34484
0.351455
0.335805
0.353795
0.36237
0.349341
0.404336
0.398762
0.410849
0.500654
0.495942
0.507545
0.4692
0.476431
0.481835
0.440556
0.456168
0.449338
0.538028
0.551098
0.544767
0.533687
0.529774
0.520632
0.531132
0.523021
0.522345
0.287382
0.286539
0.296634
0.329442
0.325561
0.314198
0.308068
0.314485
0.323851
0.374569
0.380228
0.386875
0.431095
0.417786
0.419639
0.467506
0.480742
0.473098
0.447343
0.43211
0.44384
0.496595
0.502155
0.511816
0.440317
0.42418
0.426117
0.464874
0.459849
0.448461
0.269496
0.255724
0.270191
0.320667
0.336418
0.333605
0.357727
0.337833
0.34442
0.376341
0.391232
0.391205
0.387446
0.382072
0.369961
0.418797
0.435505
0.418037
0.445396
0.432717
0.451294
0.190123
0.203095
0.198811
0.259991
0.249743
0.24426
0.289178
0.273023
0.281667
0.289285
0.282038
0.275365
0.296116
0.30461
0.306231
0.34378
0.359502
0.356608
0.384143
0.389506
0.387612
0.156527
0.157495
0.14772
0.188069
0.196844
0.200678
0.267579
0.267084
0.254957
0.287655
0.28803
0.297319
0.201975
0.199611
0.188274
0.224968
0.232592
0.21949
0.282449
0.293841
0.278982
0.339847
0.327797
0.323233
0.276379
0.270402
0.26172
0.255362
0.254475
0.241977
0.304585
0.301767
0.293076
0.230157
0.232958
0.219913
0.256503
0.25236
0.265596
0.284506
0.296113
0.289078
0.307422
0.322094
0.313452
0.276246
0.285001
0.290959
0.301497
0.290394
0.300453
0.323945
0.336829
0.323898
0.332711
0.346693
0.34242
0.390718
0.404598
0.401338
0.379853
0.394502
0.379765
0.409123
0.396283
0.402838
0.485059
0.473714
0.476755
0.45869
0.456444
0.450123
0.425058
0.418685
0.427896
0.421421
0.430933
0.431105
0.0397173
0.0291447
0.0470214
0.0521267
0.0536771
0.0358434
0.0295799
0.0402406
0.0443815
0.0610051
0.0721604
0.0657289
0.0796146
0.0771491
0.0685239
0.244357
0.23149
0.238852
0.0652737
0.0640729
0.0766442
0.0833136
0.0950431
0.0976244
0.116989
0.119456
0.13161
0.184967
0.198021
0.179732
0.199145
0.189658
0.182697
0.220367
0.224567
0.209931
0.249339
0.247418
0.260756
0.0342931
0.0504851
0.0488708
0.118401
0.107098
0.105733
0.128653
0.138531
0.145421
0.163262
0.178157
0.171378
0.2198
0.200256
0.20551
0.0874952
0.102809
0.0999074
0.123246
0.138875
0.134257
0.27736
0.296209
0.278006
0.295469
0.314079
0.310502
0.165199
0.161466
0.145356
0.197305
0.208591
0.211101
0.244472
0.23446
0.231515
0.31041
0.30916
0.296841
0.351202
0.355384
0.34227
0.233855
0.24298
0.244647
0.255222
0.245961
0.251722
0.232939
0.241441
0.230606
0.273703
0.285921
0.275885
0.303378
0.308089
0.292895
0.303228
0.293438
0.287356
0.35963
0.367487
0.35231
0.366511
0.358631
0.352299
0.387556
0.394127
0.378353
0.428352
0.420985
0.41244
0.285559
0.286747
0.275588
0.278605
0.269608
0.271038
0.280239
0.288339
0.291476
0.395619
0.381167
0.389028
0.430601
0.429924
0.442825
0.406
0.406278
0.394095
0.425352
0.41141
0.417329
0.236957
0.247167
0.248862
0.246646
0.259968
0.253758
0.299851
0.30646
0.31093
0.348076
0.346149
0.35817
0.352925
0.361845
0.365145
0.331098
0.34451
0.336076
0.367927
0.379247
0.369649
0.263005
0.247595
0.258177
0.228658
0.240472
0.229612
0.197316
0.207935
0.207764
0.23805
0.22765
0.229101
0.246782
0.235726
0.235603
0.263819
0.248454
0.257272
0.193448
0.180302
0.182191
0.180712
0.194551
0.182515
0.202079
0.188165
0.197958
0.273867
0.291288
0.274871
0.112613
0.111313
0.0987698
0.135328
0.145745
0.135134
0.132031
0.129533
0.1417
0.139057
0.150406
0.149931
0.186639
0.198443
0.19544
0.241159
0.229951
0.241661
0.269898
0.270036
0.286712
0.199875
0.189211
0.199175
0.220107
0.230868
0.219723
0.245667
0.234863
0.248141
0.105443
0.103916
0.0942062
0.154527
0.160708
0.144258
0.185942
0.177789
0.192571
0.21641
0.225309
0.210426
0.169129
0.173234
0.18174
0.152592
0.147298
0.139342
0.205888
0.199602
0.193194
0.220718
0.225256
0.233368
0.260708
0.271897
0.261058
0.290193
0.27601
0.286943
0.326064
0.309444
0.313527
0.320815
0.337711
0.335635
0.416657
0.401361
0.412425
0.39712
0.411428
0.402393
0.36512
0.373843
0.380069
0.41885
0.428234
0.430397
0.0863428
0.0676489
0.0746631
0.313307
0.327903
0.313552
0.370152
0.381966
0.382616
0.52902
0.543528
0.541661
0.369009
0.377147
0.357149
0.367675
0.348868
0.345848
0.114436
0.116204
0.103233
0.332926
0.322652
0.316586
0.327118
0.320435
0.315306
0.352928
0.350258
0.339662
0.18475
0.185857
0.17143
0.217024
0.202395
0.204656
0.304483
0.312413
0.319355
0.290211
0.283235
0.275085
0.342437
0.3418
0.330023
0.42614
0.422914
0.416938
0.406919
0.400617
0.396613
0.499707
0.514695
0.496221
0.504075
0.525122
0.509627
0.46888
0.46808
0.455523
0.285711
0.27327
0.286912
0.266069
0.26195
0.27611
0.0609463
0.0748866
0.0665995
0.277398
0.283504
0.268794
0.267038
0.286726
0.278534
0.325967
0.310063
0.314415
0.463583
0.446918
0.453908
0.47087
0.471003
0.482235
0.252169
0.267163
0.266163
0.207352
0.207743
0.192843
0.14725
0.157224
0.158092
0.274603
0.289862
0.274041
0.295775
0.300556
0.284943
0.0992547
0.113617
0.110573
0.248159
0.253584
0.242168
0.276518
0.270871
0.265275
0.274224
0.277938
0.265485
0.22252
0.210766
0.22696
0.253323
0.262605
0.248312
0.310575
0.301134
0.293677
0.278285
0.266576
0.272537
0.26448
0.254196
0.268092
0.313306
0.328026
0.315661
0.357388
0.367413
0.355127
0.36433
0.373067
0.363291
0.341026
0.32922
0.341493
0.361491
0.362853
0.372248
0.382149
0.373106
0.381278
0.154204
0.159903
0.171627
0.186481
0.185609
0.166514
0.250247
0.257512
0.239514
0.32212
0.307432
0.315186
0.13947
0.136795
0.147493
0.162681
0.154848
0.171514
0.286399
0.290508
0.300054
0.259022
0.244359
0.262113
0.338653
0.320364
0.333473
0.370403
0.361701
0.358129
0.172871
0.168708
0.159898
0.201462
0.185618
0.194319
0.35186
0.3523
0.339507
0.368781
0.379306
0.377373
0.218062
0.224945
0.211464
0.258451
0.245247
0.254942
0.299503
0.300516
0.287778
0.374735
0.374815
0.386799
0.400448
0.4041
0.389976
0.26932
0.255425
0.257239
0.268491
0.278075
0.279734
0.306809
0.299104
0.295928
0.495139
0.483964
0.493435
0.317607
0.325129
0.331801
0.346074
0.354785
0.358267
0.387168
0.375324
0.377019
0.375613
0.387771
0.378403
0.399714
0.389698
0.400272
0.4108
0.420744
0.426744
0.463419
0.452851
0.447381
0.504827
0.494746
0.489659
0.529584
0.539614
0.536626
0.375566
0.375041
0.369532
0.324117
0.313922
0.307813
0.371694
0.377889
0.379996
0.373862
0.388365
0.381479
0.400599
0.400773
0.390219
0.435836
0.422519
0.429553
0.418312
0.432375
0.421574
0.477902
0.466298
0.464341
0.442128
0.452296
0.45757
0.483718
0.487148
0.472593
0.516411
0.526617
0.518561
0.490761
0.502674
0.502058
0.352712
0.346179
0.336812
0.350259
0.362487
0.355114
0.39417
0.394483
0.381293
0.497148
0.484049
0.488678
0.267002
0.253776
0.264527
0.311406
0.298519
0.297218
0.328288
0.333597
0.318063
0.307381
0.321995
0.312447
0.362735
0.364712
0.378951
0.22839
0.216666
0.222457
0.229683
0.223438
0.216167
0.262255
0.247441
0.254144
0.349726
0.371293
0.367607
0.346485
0.330726
0.330425
0.405533
0.409529
0.424598
0.407487
0.403503
0.392928
0.363143
0.352578
0.36777
0.175551
0.176142
0.185274
0.307137
0.29647
0.30701
0.343166
0.331788
0.330096
0.355628
0.364554
0.350877
0.153913
0.145972
0.157189
0.133222
0.132747
0.142
0.178753
0.191412
0.177391
0.260803
0.253997
0.246718
0.307123
0.291744
0.306974
0.33238
0.337029
0.33759
0.21452
0.209429
0.19923
0.234395
0.240244
0.249478
0.290841
0.296735
0.302751
0.207727
0.211202
0.219076
0.195488
0.188794
0.185127
0.236913
0.231666
0.245648
0.278105
0.278728
0.28915
0.335683
0.323436
0.324798
0.263877
0.268781
0.255848
0.322114
0.308094
0.314436
0.350578
0.336339
0.349653
0.382717
0.367564
0.372416
0.440755
0.441542
0.448769
0.404843
0.413011
0.402693
0.446245
0.447419
0.455072
0.0406334
0.0396765
0.0275746
0.0753327
0.0624567
0.0649319
0.092897
0.0961199
0.101664
0.123415
0.11613
0.113428
0.160776
0.167266
0.154524
0.220257
0.211959
0.206092
0.0439661
0.0281709
0.0377168
0.0421605
0.0406009
0.0288563
0.0951132
0.0917508
0.0817852
0.138485
0.124315
0.122581
0.153226
0.150225
0.137034
0.125742
0.139059
0.135069
0.0770166
0.0873307
0.0848372
0.210809
0.232618
0.225824
0.269736
0.283814
0.261896
0.091075
0.0770046
0.0786551
0.13178
0.133179
0.149911
0.138096
0.128734
0.141899
0.160756
0.167288
0.176501
0.198872
0.191398
0.206718
0.236661
0.221194
0.228217
0.226751
0.243638
0.241232
0.295336
0.310346
0.310855
0.351893
0.341613
0.336702
0.196015
0.206066
0.19197
0.205109
0.196753
0.209211
0.180835
0.192279
0.183703
0.159284
0.168251
0.159332
0.186981
0.196486
0.183505
0.262675
0.268499
0.25342
0.251132
0.266996
0.259458
0.293752
0.304223
0.287301
0.330246
0.332922
0.340982
0.379532
0.374211
0.389944
0.223869
0.226467
0.233534
0.263351
0.260564
0.27138
0.231177
0.227236
0.238525
0.207462
0.213122
0.201145
0.21068
0.202787
0.214213
0.2527
0.245986
0.255054
0.252865
0.240793
0.251703
0.334428
0.317492
0.326503
0.335186
0.327776
0.318354
0.395805
0.389351
0.381538
0.288694
0.309353
0.293335
0.305208
0.312773
0.29559
0.271295
0.268513
0.279143
0.287587
0.295249
0.300629
0.300049
0.293043
0.286559
0.312475
0.3077
0.320847
0.329337
0.345552
0.334755
0.336959
0.33329
0.329514
0.358974
0.351956
0.367521
0.362075
0.371398
0.355957
0.387
0.384373
0.396958
0.449239
0.45278
0.439259
0.268373
0.282214
0.272495
0.279222
0.284918
0.272153
0.262283
0.249958
0.258895
0.282155
0.278002
0.289778
0.286941
0.292701
0.280232
0.312801
0.307083
0.3199
0.313007
0.324112
0.325402
0.394832
0.40026
0.387467
0.421859
0.41802
0.431904
0.391102
0.390041
0.378816
0.207044
0.206029
0.195933
0.261003
0.251587
0.265844
0.310297
0.316712
0.30433
0.280181
0.29273
0.284909
0.348577
0.336095
0.346406
0.289141
0.303727
0.301362
0.331747
0.340191
0.325612
0.161939
0.158354
0.14981
0.151584
0.161925
0.164064
0.198095
0.18617
0.185615
0.210764
0.197264
0.209912
0.222194
0.237224
0.226693
0.218704
0.229459
0.217664
0.246006
0.231146
0.243893
0.309464
0.289379
0.307275
0.113116
0.0993925
0.111915
0.148596
0.137173
0.136603
0.090382
0.100325
0.0873646
0.14675
0.157058
0.158803
0.109707
0.111013
0.101205
0.183008
0.172359
0.172013
0.144603
0.132703
0.137448
0.154231
0.166094
0.160622
0.180482
0.185319
0.192716
0.12614
0.124825
0.136095
0.223547
0.214755
0.22852
0.14742
0.162503
0.161219
0.217091
0.214314
0.227674
0.190705
0.193376
0.180389
0.247752
0.255511
0.238691
0.245881
0.238209
0.254167
0.203781
0.189125
0.191244
0.201029
0.213916
0.213004
0.235447
0.237736
0.24758
0.252986
0.2492
0.241318
0.238099
0.227083
0.239436
0.272145
0.287641
0.280667
0.375853
0.365777
0.380994
0.345227
0.357414
0.342103
0.406062
0.416772
0.40172
0.0990966
0.114073
0.110176
0.0916206
0.0864017
0.0739444
0.110243
0.115975
0.1221
0.306803
0.301295
0.316562
0.346538
0.364943
0.350916
0.354628
0.367835
0.371895
0.350308
0.342083
0.361326
0.332942
0.331163
0.320636
0.351629
0.354178
0.364174
0.365426
0.368684
0.379861
0.376911
0.383783
0.375725
0.318953
0.336672
0.336095
0.486192
0.50384
0.502493
0.488919
0.474248
0.476231
0.435274
0.45022
0.447484
0.237021
0.251635
0.237594
0.390548
0.39143
0.372369
0.335802
0.335243
0.348885
0.14761
0.137372
0.13729
0.104205
0.114969
0.114617
0.12515
0.122809
0.113701
0.144873
0.154281
0.144051
0.34563
0.353783
0.360346
0.337093
0.343721
0.349337
0.16665
0.173504
0.160494
0.16496
0.181036
0.174959
0.208555
0.209913
0.221015
0.367157
0.370339
0.381593
0.362198
0.358894
0.371932
0.380407
0.377767
0.38494
0.361113
0.356561
0.369072
0.33514
0.337677
0.323345
0.381772
0.395722
0.387761
0.398369
0.382452
0.391235
0.401024
0.411956
0.402039
0.422048
0.412356
0.423289
0.401715
0.416933
0.405936
0.321236
0.304142
0.314501
0.281009
0.292962
0.286411
0.250813
0.245617
0.240647
0.260652
0.264969
0.2711
0.29962
0.318684
0.29969
0.337712
0.316671
0.331786
0.466684
0.468669
0.481525
0.441438
0.441448
0.427848
0.41509
0.417196
0.429594
0.360585
0.377246
0.364745
0.18067
0.180202
0.193908
0.304147
0.288151
0.305045
0.0833889
0.0987262
0.0851965
0.106565
0.0910617
0.0962425
0.293631
0.298712
0.286262
0.152644
0.136403
0.140731
0.290403
0.293869
0.306826
0.322281
0.333731
0.337544
0.302788
0.30228
0.317822
0.332031
0.332882
0.319373
0.370869
0.38135
0.381233
0.456055
0.442351
0.440684
0.373001
0.376341
0.358348
0.448907
0.447633
0.458841
0.184634
0.184963
0.144676
0.125425
0.129773
0.147295
0.176457
0.167099
0.200068
0.205331
0.204467
0.189102
0.245158
0.239642
0.221475
0.213574
0.27643
0.262217
0.308562
0.311083
0.291969
0.275241
0.340345
0.326789
0.3156
0.320423
0.348652
0.336977
0.147537
0.202883
0.198663
0.183561
0.255678
0.257337
0.222589
0.204746
0.206237
0.225623
0.313583
0.326767
0.29703
0.307248
0.345399
0.350177
0.354192
0.312865
0.331896
0.345702
0.177721
0.183418
0.151875
0.14465
0.158234
0.170442
0.212891
0.207742
0.197458
0.178032
0.217039
0.231601
0.203367
0.210492
0.242591
0.250131
0.221029
0.247909
0.26797
0.262869
0.275107
0.281165
0.30079
0.299671
0.316919
0.30825
0.312681
0.283659
0.350795
0.351978
0.323916
0.328352
0.40312
0.407775
0.376686
0.364849
0.366243
0.384033
0.397717
0.388719
0.412307
0.387548
0.178411
0.188799
0.18672
0.201323
0.224369
0.219795
0.245397
0.234277
0.240337
0.206062
0.263181
0.260958
0.249217
0.237502
0.226094
0.235432
0.275702
0.264689
0.302631
0.304688
0.284033
0.271418
0.352281
0.349925
0.329045
0.313908
0.311094
0.323237
0.336085
0.367778
0.378699
0.369698
0.362922
0.362474
0.440357
0.428001
0.42287
0.411018
0.414579
0.421283
0.375702
0.398524
0.468043
0.45767
0.469356
0.457962
0.445842
0.441809
0.421893
0.445206
0.420501
0.400482
0.275593
0.282425
0.278519
0.258112
0.292062
0.286023
0.309943
0.309956
0.314693
0.322909
0.294013
0.320332
0.317382
0.32049
0.352258
0.352591
0.333122
0.330751
0.377864
0.365162
0.415093
0.40944
0.394837
0.379103
0.446445
0.431613
0.418243
0.410893
0.44104
0.458953
0.468165
0.464492
0.481137
0.470465
0.497473
0.502001
0.475787
0.498491
0.340778
0.332851
0.368371
0.375249
0.360881
0.346419
0.33251
0.352801
0.354064
0.335439
0.366849
0.376131
0.368541
0.362486
0.363938
0.338227
0.393454
0.40586
0.397049
0.371701
0.410355
0.421591
0.410874
0.421075
0.443731
0.44421
0.43746
0.432613
0.418797
0.40176
0.451007
0.454903
0.474058
0.484416
0.442721
0.475841
0.516551
0.525898
0.515029
0.485526
0.506849
0.51881
0.504698
0.516471
0.539024
0.53765
0.321034
0.32855
0.339963
0.355178
0.367061
0.35955
0.336435
0.344715
0.344536
0.359297
0.375372
0.369231
0.422711
0.411687
0.410233
0.39855
0.38676
0.393735
0.505815
0.494846
0.506241
0.4941
0.483811
0.491192
0.487575
0.46268
0.4569
0.470627
0.444163
0.424001
0.431735
0.464053
0.540533
0.548023
0.525417
0.531141
0.546567
0.541733
0.512843
0.50737
0.536582
0.523814
0.513914
0.541048
0.529133
0.514779
0.30816
0.307849
0.293293
0.279808
0.27681
0.291481
0.302834
0.299103
0.3343
0.323875
0.339992
0.321756
0.395027
0.370153
0.361496
0.374689
0.407316
0.442093
0.418146
0.405083
0.463742
0.480561
0.454392
0.494087
0.451271
0.419173
0.510238
0.490651
0.42961
0.409603
0.455841
0.452881
0.422408
0.407984
0.437006
0.468106
0.480392
0.470496
0.284415
0.273931
0.285413
0.272284
0.241264
0.245288
0.333429
0.347267
0.305196
0.309916
0.341238
0.351944
0.352684
0.336958
0.378224
0.375066
0.33261
0.32039
0.394692
0.363309
0.361679
0.393793
0.404092
0.399042
0.41634
0.452774
0.430387
0.413397
0.195537
0.205866
0.178078
0.179993
0.207418
0.216624
0.229712
0.276573
0.257107
0.24189
0.292308
0.304495
0.296919
0.266319
0.260146
0.302043
0.286228
0.275276
0.307039
0.317673
0.288082
0.315213
0.355024
0.368549
0.330056
0.330208
0.362276
0.376921
0.3737
0.383492
0.379165
0.395288
0.13799
0.140371
0.157289
0.166666
0.166989
0.161141
0.204842
0.215334
0.178951
0.177201
0.194629
0.204574
0.241713
0.241937
0.269703
0.278793
0.277875
0.268656
0.30681
0.286878
0.175884
0.205245
0.21656
0.208579
0.231564
0.247638
0.263448
0.276347
0.273752
0.285653
0.307839
0.307839
0.319211
0.307032
0.340208
0.346465
0.333672
0.316961
0.251692
0.246351
0.281023
0.290063
0.278077
0.264202
0.230239
0.229226
0.258782
0.268593
0.267069
0.256035
0.28534
0.281168
0.308844
0.31598
0.311699
0.300323
0.207491
0.209052
0.228659
0.239852
0.246311
0.234277
0.279261
0.273935
0.260765
0.248303
0.281724
0.294688
0.27243
0.281168
0.303429
0.30772
0.304739
0.317782
0.293199
0.300993
0.32999
0.337497
0.297097
0.266958
0.311529
0.299976
0.312536
0.279052
0.322992
0.323609
0.350732
0.349509
0.336806
0.352082
0.319802
0.361375
0.397054
0.410506
0.376165
0.378672
0.406614
0.416941
0.365037
0.3639
0.379571
0.408567
0.402241
0.39297
0.419311
0.37966
0.48475
0.469662
0.498962
0.49429
0.473607
0.464277
0.444657
0.443011
0.462693
0.456405
0.435787
0.432198
0.432207
0.423005
0.407565
0.412829
0.438716
0.408929
0.42969
0.439342
0.0655235
0.0574698
0.0507707
0.0373337
0.0138759
0.0193612
0.0194545
0.0530651
0.0679357
0.0716039
0.0592643
0.0155741
0.0408526
0.0501685
0.0735546
0.0587971
0.0782408
0.0828907
0.0598162
0.0846885
0.0914725
0.0854991
0.248286
0.234464
0.257386
0.251499
0.225879
0.218441
0.0915348
0.0872432
0.068505
0.0538832
0.0547341
0.0663497
0.100931
0.111289
0.0731638
0.107063
0.143199
0.146827
0.11473
0.102828
0.108419
0.122235
0.162819
0.17383
0.170534
0.189655
0.21811
0.209153
0.167418
0.216373
0.195365
0.180995
0.200654
0.232652
0.239302
0.22975
0.273356
0.273617
0.25407
0.248432
0.0483401
0.0624523
0.0187549
0.0188783
0.0535076
0.0664059
0.109783
0.0978065
0.13143
0.132873
0.112297
0.0970043
0.152041
0.162903
0.118402
0.148043
0.181661
0.155422
0.184914
0.193898
0.209898
0.240172
0.237125
0.194628
0.095971
0.113063
0.0730075
0.0752186
0.104014
0.1179
0.145918
0.118206
0.145629
0.157045
0.259308
0.278062
0.261077
0.278607
0.313864
0.315857
0.305137
0.324753
0.275582
0.332178
0.128439
0.12655
0.167384
0.18324
0.175682
0.157488
0.21547
0.224746
0.185291
0.182185
0.207317
0.219049
0.229834
0.254749
0.258021
0.238903
0.283176
0.284748
0.314573
0.324372
0.320361
0.313315
0.33092
0.333418
0.349601
0.360551
0.369987
0.361053
0.246615
0.255119
0.224476
0.22319
0.241735
0.25096
0.258743
0.248999
0.264689
0.259067
0.240694
0.236068
0.219435
0.229527
0.225579
0.236281
0.251593
0.251306
0.265379
0.278619
0.262169
0.271679
0.295265
0.29915
0.28243
0.31369
0.323978
0.313422
0.272285
0.319515
0.300436
0.28416
0.336826
0.345107
0.351407
0.366767
0.382455
0.374743
0.338383
0.381305
0.364564
0.352306
0.369586
0.396649
0.411489
0.400899
0.40466
0.434039
0.443849
0.429518
0.265264
0.266689
0.283793
0.297765
0.299002
0.288239
0.274575
0.264253
0.288219
0.286752
0.270083
0.260799
0.304002
0.296295
0.389192
0.382633
0.409033
0.402431
0.37388
0.36634
0.43867
0.450956
0.423076
0.418773
0.41784
0.428857
0.382783
0.382307
0.407809
0.407608
0.409712
0.397071
0.25162
0.262475
0.228348
0.227797
0.246925
0.256765
0.2491
0.260352
0.233289
0.2408
0.267369
0.273295
0.299049
0.303689
0.296081
0.287302
0.301995
0.313983
0.370097
0.367821
0.350153
0.337828
0.334705
0.344118
0.377409
0.340914
0.358096
0.371392
0.328852
0.317954
0.326781
0.353418
0.361499
0.374513
0.35739
0.367915
0.389814
0.391294
0.270405
0.254437
0.279479
0.270741
0.240354
0.232714
0.218896
0.21822
0.21041
0.218175
0.18911
0.186911
0.210003
0.220268
0.236923
0.222922
0.257144
0.256649
0.237106
0.223991
0.266904
0.252416
0.278331
0.271682
0.241371
0.23265
0.184952
0.173664
0.206656
0.207303
0.1793
0.167911
0.170948
0.183781
0.167503
0.17804
0.206468
0.208985
0.207958
0.194993
0.216893
0.174809
0.261237
0.275808
0.257337
0.272463
0.310663
0.308242
0.0880999
0.0836577
0.116734
0.125328
0.124009
0.111843
0.136032
0.13756
0.156482
0.156344
0.154529
0.151719
0.134544
0.12239
0.11861
0.128372
0.161953
0.129499
0.153302
0.162278
0.194069
0.205725
0.174499
0.180286
0.202833
0.209614
0.255387
0.24254
0.254626
0.241334
0.219692
0.220068
0.305244
0.30408
0.270836
0.271201
0.210168
0.201006
0.210265
0.178518
0.222115
0.243803
0.2615
0.258356
0.0872153
0.0813047
0.1106
0.116005
0.11558
0.104007
0.129144
0.131974
0.149098
0.163201
0.177875
0.165903
0.207494
0.199358
0.194541
0.171358
0.204427
0.22266
0.239376
0.233724
0.191428
0.194659
0.168332
0.157187
0.166311
0.179959
0.134488
0.127081
0.161911
0.146177
0.189035
0.21352
0.218029
0.207647
0.241672
0.245084
0.216928
0.229752
0.249879
0.262433
0.250671
0.259705
0.282096
0.284516
0.298527
0.304276
0.294941
0.265982
0.3166
0.302712
0.340522
0.339448
0.305174
0.291382
0.333764
0.348699
0.302669
0.352056
0.424477
0.407186
0.430686
0.420659
0.391476
0.385487
0.393761
0.406342
0.382432
0.424508
0.386612
0.356269
0.348005
0.36738
0.429601
0.439691
0.407967
0.436611
0.0830376
0.106038
0.099277
0.0616531
0.299895
0.315809
0.300954
0.338074
0.384598
0.392667
0.361166
0.355243
0.38162
0.394915
0.514328
0.543867
0.338371
0.342343
0.362945
0.377719
0.397537
0.385694
0.325192
0.389737
0.351331
0.330224
0.0884314
0.0942961
0.113079
0.125933
0.127677
0.11927
0.311414
0.30138
0.343347
0.349102
0.329518
0.313321
0.311339
0.302872
0.334508
0.338842
0.325564
0.314212
0.331641
0.32752
0.357149
0.367808
0.363696
0.348867
0.156613
0.158011
0.18441
0.1973
0.197409
0.188209
0.203816
0.194399
0.229025
0.230561
0.198556
0.186364
0.322794
0.334988
0.29425
0.29037
0.304308
0.317551
0.259044
0.276482
0.353728
0.351098
0.400766
0.42643
0.427759
0.413846
0.390284
0.387715
0.408132
0.418063
0.398213
0.391205
0.481644
0.496802
0.485558
0.504198
0.523814
0.531087
0.443359
0.44514
0.471087
0.469661
0.291027
0.287377
0.260059
0.262111
0.291158
0.270739
0.059971
0.0756588
0.0477594
0.0587604
0.0849043
0.0885385
0.286802
0.298202
0.28808
0.253478
0.2967
0.306972
0.323784
0.307358
0.343261
0.341416
0.311535
0.296035
0.458076
0.47944
0.470143
0.436599
0.494063
0.46036
0.458019
0.463727
0.266272
0.282094
0.237244
0.282959
0.179363
0.222228
0.223287
0.208525
0.158153
0.168987
0.136951
0.167571
0.272784
0.273881
0.304716
0.306047
0.121866
0.0872127
0.118522
0.129822
0.230572
0.236262
0.241476
0.253775
0.264675
0.257152
0.259105
0.282718
0.288228
0.275343
0.252769
0.270416
0.286359
0.290887
0.242926
0.233593
0.218669
0.194471
0.244
0.271509
0.284735
0.27844
0.319208
0.328243
0.306638
0.291645
0.265117
0.255898
0.281766
0.274809
0.260519
0.240516
0.317332
0.310487
0.340671
0.341964
0.344158
0.35155
0.345813
0.358994
0.379898
0.375699
0.352665
0.363431
0.354013
0.367363
0.382155
0.380325
0.381108
0.381673
0.360147
0.363613
0.187882
0.14974
0.138493
0.153535
0.23026
0.267717
0.332161
0.304318
0.157793
0.133376
0.124763
0.138184
0.187477
0.170691
0.272348
0.279516
0.346331
0.358787
0.357255
0.379193
0.147781
0.165562
0.398777
0.376102
0.257614
0.281746
0.291564
0.286555
0.319192
0.303876
0.338802
0.311852
0.369602
0.363668
0.379303
0.398926
0.398831
0.376208
0.380016
0.399658
0.442485
0.431247
0.479266
0.45781
0.520601
0.500398
0.365857
0.368103
0.302905
0.337069
0.378492
0.365384
0.356055
0.368637
0.388254
0.382285
0.441758
0.41496
0.409279
0.425637
0.405559
0.447072
0.461603
0.485994
0.472319
0.46144
0.503364
0.478258
0.480808
0.505579
0.347813
0.337698
0.367123
0.395023
0.2657
0.239667
0.325033
0.302617
0.235518
0.211132
0.244693
0.231463
0.36474
0.384781
0.330308
0.39278
0.415569
0.401007
0.372451
0.360838
0.336919
0.342217
0.317955
0.320318
0.357381
0.336764
0.168579
0.164026
0.152092
0.135386
0.125448
0.125256
0.322678
0.322416
0.185649
0.230486
0.219573
0.206072
0.230814
0.196656
0.206323
0.218335
0.174784
0.185467
0.259472
0.243121
0.34878
0.323188
0.392373
0.361449
0.467063
0.445931
0.0154657
0.0437065
0.0542654
0.0507389
0.0680881
0.0889939
0.109351
0.111203
0.0930872
0.102828
0.113069
0.132453
0.133109
0.121523
0.142904
0.148989
0.152918
0.173043
0.192226
0.205408
0.154877
0.124212
0.239817
0.254437
0.155542
0.151956
0.191639
0.174713
0.221426
0.206431
0.236028
0.253002
0.24795
0.215224
0.329339
0.323091
0.187219
0.199669
0.218683
0.213878
0.220008
0.213619
0.203081
0.182727
0.178517
0.189596
0.168822
0.203728
0.168223
0.179674
0.191476
0.208252
0.244532
0.275338
0.270208
0.28376
0.301122
0.320802
0.242608
0.230446
0.278937
0.256737
0.225033
0.215452
0.195774
0.219092
0.335894
0.350839
0.342905
0.309026
0.29724
0.283582
0.314858
0.320762
0.278077
0.297455
0.29088
0.275365
0.296145
0.286887
0.280457
0.298497
0.321885
0.31797
0.340098
0.323729
0.344254
0.352814
0.317676
0.33225
0.376689
0.345672
0.426124
0.44519
0.264976
0.29057
0.26701
0.274726
0.297642
0.273933
0.268324
0.279613
0.293667
0.305378
0.328371
0.302607
0.301024
0.32467
0.40423
0.413089
0.442406
0.415376
0.36728
0.392016
0.40492
0.401714
0.291667
0.305167
0.277292
0.301989
0.348185
0.324198
0.312838
0.321731
0.34196
0.354469
0.142509
0.167261
0.175936
0.138885
0.160601
0.173008
0.184847
0.21123
0.218971
0.248804
0.217514
0.242345
0.124381
0.11203
0.126153
0.0854134
0.13608
0.15983
0.0925041
0.112025
0.143249
0.156797
0.168628
0.178819
0.174974
0.134138
0.165345
0.178362
0.241913
0.238642
0.222643
0.207435
0.202184
0.214474
0.230088
0.256791
0.273142
0.264065
0.215802
0.18828
0.223894
0.227162
0.256669
0.233082
0.395255
0.386198
0.371551
0.349376
0.340474
0.370626
0.395371
0.425212
0.0930698
0.118773
0.109669
0.0975204
0.128823
0.106053
0.327398
0.295603
0.338614
0.3271
0.342297
0.37975
0.374705
0.375829
0.338481
0.339816
0.358998
0.354499
0.380601
0.362124
0.346185
0.342054
0.377791
0.360677
0.389735
0.364382
0.351176
0.354826
0.300314
0.337879
0.49979
0.470439
0.472252
0.504204
0.464577
0.459673
0.444733
0.420034
0.355332
0.392197
0.320786
0.321234
0.101543
0.136336
0.13394
0.121655
0.146866
0.164369
0.350982
0.362741
0.169511
0.147305
0.382529
0.355815
0.385536
0.366878
0.35215
0.344734
0.38156
0.366668
0.352772
0.345215
0.311551
0.336776
0.373899
0.404781
0.391479
0.401959
0.390587
0.423447
0.393551
0.385713
0.283205
0.270561
0.278046
0.30314
0.260593
0.251407
0.299441
0.338436
0.453861
0.455728
0.41429
0.44247
0.332451
0.304913
