# M1_reordered
# Number of vertices: 883, Number of faces: 1762
# Preprocessing time: 0.00264729
# Query time: 0.000633917
0.23394
0.268298
0.172047
0.28993
0.348382
0.33113
0.228363
0.280882
0.295745
0.236056
0.295836
0.214565
0.116235
0.0673458
0.244103
0.381336
0
0.272302
0.199415
0.30511
0.341543
0.284378
0.379961
0.328589
0.413585
0.429734
0.376577
0.348419
0.218645
0.324211
0.328379
0.353961
0.388499
0.384433
0.301356
0.414078
0.307551
0.117283
0.0531135
0.0694646
0.065805
0.399275
0.374543
0.288695
0.375003
0.337552
0.382939
0.36739
0.212028
0.341075
0.338303
0.366239
0.366206
0.316082
0.171616
0.109668
0.254758
0.203681
0.139816
0.149195
0.0873375
0.0667341
0.0474316
0.342144
0.393635
0.409473
0.326191
0.421635
0.328431
0.476459
0.467679
0.403166
0.419441
0.444625
0.363138
0.324676
0.433804
0.4338
0.450534
0.405772
0.453477
0.433438
0.448276
0.446239
0.373954
0.444433
0.449378
0.26101
0.0323347
0.452693
0.451278
0.450043
0.539096
0.5518
0.597341
0.572743
0.646229
0.716119
0.64469
0.623303
0.713021
0.639375
0.592017
0.609678
0.651602
0.630787
0.627042
0.580838
0.542198
0.518568
0.684699
0.728606
0.743947
0.670464
0.654075
0.672652
0.745163
0.655759
0.611815
0.658833
0.630448
0.608922
0.722571
0.701294
0.685147
0.584292
0.592207
0.692913
0.709838
0.749427
0.690718
0.637607
0.555653
0.764265
0.702773
0.748969
0.663527
0.79645
0.743828
0.612171
0.765896
0.708598
0.684521
0.750511
0.654504
0.666532
0.778387
0.783445
0.551691
0.756039
0.528906
0.620816
0.577703
0.731516
0.640034
0.600034
0.745964
0.716037
0.692346
0.722558
0.658521
0.807443
0.703995
0.783002
0.664879
0.582493
0.84813
0.878166
0.934865
0.800445
0.742874
0.739931
0.789197
0.761343
0.893862
0.887847
0.905678
0.737026
0.791773
0.881947
0.867292
0.91693
0.863032
0.87566
0.84581
0.845431
0.778954
0.763777
0.864203
0.897809
0.798375
0.834822
0.89428
0.826615
0.756913
0.782598
0.734109
0.808446
0.783957
0.857069
0.811771
0.826442
0.846763
0.82657
0.86104
0.860778
0.815014
0.812824
0.744615
0.718764
0.706714
0.658349
0.771375
0.727591
0.438551
0.528115
0.531147
0.478426
0.498839
0.556852
0.540002
0.546333
0.259821
0.272901
0.310723
0.209478
0.258661
0.251178
0.27664
0.320741
0.198843
0.197581
0.236653
0.253177
0.239886
0.140901
0.273651
0.387569
0.108653
0.301708
0.316603
0.264118
0.31555
0.327531
0.290798
0.308283
0.249668
0.295752
0.280185
0.307131
0.170212
0.144208
0.17896
0.0262711
0.0319628
0.357054
0.340656
0.350089
0.241843
0.139116
0.112325
0.158249
0.0756938
0.0563958
0.335367
0.322676
0.27589
0.262229
0.236157
0.293714
0.177291
0.211273
0.290656
0.401612
0.369641
0.33888
0.335001
0.313809
0.0501443
0.0812838
0.0246725
0.0543211
0.0512214
0.0484784
0.126101
0.140041
0.132405
0.335497
0.315297
0.216874
0.333264
0.289469
0.376968
0.35593
0.367614
0.434714
0.319066
0.390737
0.338588
0.433867
0.371922
0.469436
0.396215
0.391515
0.296287
0.314776
0.347886
0.31291
0.32551
0.240756
0.319462
0.350585
0.372178
0.461603
0.383963
0.411323
0.39931
0.370239
0.384253
0.350836
0.328372
0.314972
0.434283
0.306798
0.401262
0.399286
0.418974
0.317935
0.12873
0.0884526
0.0936608
0.0628725
0.0997936
0.0419121
0.0473613
0.0609303
0.332048
0.283431
0.285482
0.162546
0.128688
0.2723
0.352079
0.357558
0.419761
0.342575
0.434177
0.338244
0.303873
0.321545
0.338273
0.408136
0.414475
0.360075
0.404513
0.37517
0.326362
0.388614
0.352506
0.377654
0.263034
0.281433
0.35829
0.313851
0.336722
0.296159
0.334449
0.343211
0.461577
0.324521
0.405605
0.346902
0.328245
0.308016
0.292897
0.3074
0.242002
0.284039
0.235937
0.202184
0.17396
0.181413
0.140369
0.165136
0.170375
0.408516
0.0904222
0.0792737
0.0784338
0.0920088
0.0664068
0.0633127
0.0576595
0.0752405
0.0496014
0.0543967
0.061176
0.0172995
0.0266225
0.413237
0.433451
0.349343
0.351046
0.465818
0.410645
0.458372
0.232671
0.287879
0.28958
0.446863
0.401359
0.426816
0.371754
0.338426
0.409581
0.473118
0.433886
0.362675
0.349661
0.394321
0.35596
0.41162
0.426059
0.442025
0.497467
0.490159
0.471555
0.488966
0.450582
0.47611
0.40419
0.457513
0.469965
0.324312
0.457445
0.476825
0.316715
0.364275
0.457529
0.442443
0.404345
0.45354
0.406396
0.382572
0.377917
0.45039
0.321643
0.504633
0.394241
0.406528
0.376133
0.402159
0.45509
0.415359
0.404079
0.383519
0.368127
0.349747
0.41578
0.477202
0.471349
0.453289
0.515809
0.436151
0.490043
0.49142
0.517935
0.497965
0.493539
0.465257
0.46514
0.471095
0.504346
0.423992
0.339667
0.290926
0.0733908
0.0503688
0.376282
0.443491
0.263517
0.335627
0.385616
0.433797
0.447836
0.549617
0.581747
0.690592
0.711542
0.582261
0.541774
0.564449
0.671131
0.598611
0.624482
0.655932
0.64049
0.710968
0.56731
0.565345
0.670097
0.62055
0.646207
0.625591
0.688311
0.636329
0.55217
0.568372
0.666604
0.648918
0.598095
0.563999
0.528112
0.697034
0.667832
0.650187
0.632052
0.716601
0.577939
0.617597
0.600436
0.674089
0.598697
0.674274
0.64442
0.668772
0.606437
0.695622
0.672086
0.602396
0.619948
0.52832
0.524493
0.591069
0.594398
0.652212
0.622784
0.639621
0.782351
0.615284
0.537351
0.537424
0.591754
0.586717
0.65138
0.65261
0.672822
0.670846
0.642488
0.744305
0.717912
0.685532
0.671267
0.72043
0.689518
0.7483
0.693022
0.67867
0.632366
0.695469
0.792208
0.663489
0.69268
0.706448
0.712104
0.763505
0.777613
0.707767
0.723863
0.636918
0.503054
0.570298
0.776281
0.730287
0.784047
0.644837
0.706288
0.717026
0.599484
0.722663
0.795723
0.61477
0.569545
0.537092
0.581871
0.555641
0.713299
0.800242
0.687515
0.747419
0.774743
0.68144
0.56313
0.587296
0.667963
0.671996
0.574941
0.567681
0.585031
0.508066
0.666286
0.585406
0.597752
0.564409
0.63623
0.782878
0.594918
0.673915
0.642822
0.692812
0.664574
0.693294
0.714141
0.716162
0.754668
0.625808
0.564551
0.61142
0.732258
0.708077
0.678425
0.649986
0.664817
0.676454
0.76113
0.807339
0.703517
0.785455
0.732692
0.678209
0.649308
0.614606
0.787653
0.766171
0.742501
0.738408
0.687743
0.686472
0.655927
0.798206
0.669662
0.661245
0.775098
0.679621
0.713581
0.741907
0.808982
0.791713
0.790588
0.749987
0.74107
0.656897
0.728943
0.694409
0.678157
0.672407
0.749081
0.770238
0.751047
0.746104
0.70253
0.751224
0.777823
0.762438
0.747142
0.678476
0.65182
0.667397
0.659412
0.687559
0.710064
0.827511
0.598223
0.603766
0.73298
0.590177
0.559122
0.584326
0.656012
0.802694
0.644285
0.669812
0.597807
0.628456
0.738062
0.745804
0.768956
0.57391
0.642155
0.636087
0.648233
0.754704
0.737869
0.809628
0.719811
0.694656
0.732425
0.68768
0.629869
0.692442
0.701594
0.709459
0.806435
0.678844
0.664164
0.632228
0.623498
0.670335
0.68318
0.739339
0.76736
0.656668
0.68096
0.634861
0.747358
0.729346
0.651165
0.594126
0.89113
0.891328
0.860756
0.887016
0.756403
0.833523
0.848622
0.864778
0.842429
0.736272
0.769416
0.752449
0.757428
0.767297
0.769846
0.7447
0.828684
0.940225
0.876707
0.753991
0.775492
0.837391
0.741112
0.77428
0.734889
0.817505
0.742788
0.787604
0.759052
0.826164
0.861014
0.796785
0.817781
0.876176
0.853592
0.805543
0.750773
0.896333
0.884878
0.827097
0.871655
0.804971
0.84219
0.829782
0.834547
0.885478
0.783063
0.755155
0.809593
0.792939
0.847544
0.806313
0.831251
0.827284
0.848692
0.790514
0.862333
0.826807
0.879138
0.890539
0.89794
0.728197
0.881581
0.915981
0.870486
0.922955
0.882561
0.974484
0.818239
0.76144
0.770023
0.73806
0.723964
0.826525
0.860208
0.770289
0.927904
0.838151
0.85941
0.989155
0.886934
0.872936
0.912645
0.852027
0.86809
0.829664
0.844127
0.828366
0.857293
0.806308
0.809772
0.827755
0.846493
0.836347
0.831522
0.798255
0.868001
0.937033
0.953208
0.895004
0.809802
0.803666
0.856366
0.815545
0.848878
0.794501
0.816488
0.811884
0.856878
0.792992
0.853572
0.780319
0.81493
0.791982
0.807003
0.793278
0.88721
0.873758
0.947537
0.950732
0.931174
0.916801
0.729031
0.793138
0.603973
0.641369
0.57523
0.605115
0.665617
0.674441
0.68256
0.710122
0.628813
0.741626
0.733138
0.447845
0.450264
0.481995
0.529945
0.476291
0.49954
0.527048
0.529418
0.505615
0.490564
0.51541
0.493482
0.499817
0.517294
0.446548
0.519183
0.558971
0.512645
0.578965
0.587338
0.572858
0.552611
0.573625
0.575015
0.560193
0.533113
0.545578
0.572688
0.548887
0.555988
