# M1_reordered
# Number of vertices: 883, Number of faces: 1762
# Preprocessing time: 0.000211041
# Query time: 6.9584e-05
0.237446
0.279232
0.175039
0.293329
0.3589
0.331676
0.228909
0.289372
0.30198
0.240424
0.3007
0.217557
0.116235
0.0673458
0.245034
0.386617
0
0.289473
0.199415
0.314181
0.354215
0.284924
0.382412
0.345258
0.434327
0.45425
0.387213
0.361958
0.22958
0.333676
0.345546
0.371561
0.409017
0.39562
0.31074
0.422264
0.318486
0.120682
0.0531135
0.0694646
0.065805
0.403829
0.386643
0.293397
0.383166
0.34613
0.392011
0.372355
0.213502
0.350146
0.363347
0.3844
0.37076
0.321263
0.175649
0.117349
0.264223
0.20923
0.139816
0.152594
0.103742
0.0667341
0.0698838
0.371828
0.4262
0.43346
0.350178
0.432358
0.346236
0.488333
0.475813
0.413511
0.427117
0.455348
0.382476
0.33561
0.447826
0.451605
0.472286
0.427357
0.461153
0.444174
0.462375
0.454068
0.379135
0.445131
0.453903
0.270394
0.0323347
0.47668
0.487743
0.487244
0.553819
0.564252
0.617476
0.591453
0.665305
0.735195
0.676036
0.646181
0.738668
0.651828
0.611093
0.622131
0.670678
0.649614
0.637591
0.604709
0.568532
0.530668
0.710417
0.752794
0.763636
0.705606
0.698773
0.685116
0.760665
0.671262
0.639312
0.67858
0.654458
0.62417
0.74626
0.719692
0.705037
0.603641
0.611765
0.710313
0.730626
0.784312
0.715875
0.657166
0.568106
0.78729
0.722478
0.764471
0.682938
0.83426
0.776398
0.626405
0.781398
0.724101
0.700023
0.793303
0.680486
0.700011
0.815597
0.81869
0.563791
0.769866
0.541359
0.640375
0.601714
0.747018
0.662132
0.612134
0.763044
0.747852
0.704446
0.734659
0.675374
0.831777
0.724486
0.798504
0.683671
0.605371
0.868346
0.90281
0.960542
0.823175
0.762931
0.752396
0.801662
0.773807
0.908197
0.900311
0.921344
0.757706
0.814504
0.897004
0.888453
0.929394
0.891389
0.894581
0.874211
0.87915
0.8253
0.796346
0.890378
0.91673
0.810839
0.847286
0.91397
0.854973
0.782532
0.808217
0.756839
0.831804
0.804173
0.869534
0.826828
0.853841
0.872073
0.863011
0.877185
0.873243
0.830071
0.85917
0.777184
0.751333
0.719179
0.675815
0.786432
0.768497
0.455812
0.536849
0.54547
0.494307
0.523386
0.567829
0.554194
0.55511
0.263646
0.277765
0.322823
0.21418
0.272805
0.26434
0.300575
0.325605
0.203727
0.20098
0.240052
0.256576
0.242827
0.1443
0.276592
0.392124
0.108653
0.302254
0.329275
0.268485
0.334263
0.350657
0.299205
0.317667
0.260602
0.314466
0.284553
0.331065
0.174914
0.147607
0.182359
0.0262711
0.0362596
0.369155
0.348819
0.358667
0.248285
0.139116
0.112325
0.161648
0.0756938
0.0563958
0.338308
0.325617
0.280592
0.26867
0.240427
0.298416
0.180527
0.212204
0.293754
0.406894
0.372583
0.341265
0.335547
0.316193
0.0501443
0.0812838
0.0246725
0.0550133
0.0512214
0.056902
0.126101
0.140164
0.135804
0.340187
0.319664
0.22746
0.342336
0.302141
0.384372
0.356629
0.370065
0.467279
0.336327
0.41713
0.35585
0.454609
0.389183
0.498632
0.416788
0.409677
0.312956
0.324241
0.365691
0.326007
0.346403
0.245458
0.335356
0.374573
0.396165
0.48752
0.401563
0.429484
0.41691
0.379623
0.393637
0.36022
0.337756
0.324356
0.445006
0.324603
0.414922
0.399985
0.421425
0.326341
0.132129
0.0964976
0.0936608
0.0709175
0.0997936
0.0419121
0.0516582
0.0636464
0.348309
0.294365
0.288423
0.165945
0.128688
0.276667
0.361216
0.370821
0.435414
0.354676
0.455641
0.350345
0.308575
0.326247
0.343136
0.420236
0.428879
0.371015
0.416306
0.402593
0.331064
0.401286
0.364243
0.382021
0.266132
0.293795
0.362658
0.328482
0.354657
0.30465
0.343136
0.360473
0.496224
0.335898
0.410159
0.349844
0.335012
0.313121
0.302281
0.323557
0.252936
0.293504
0.241486
0.209252
0.17396
0.186962
0.144403
0.165136
0.170921
0.418445
0.0978634
0.086715
0.0818329
0.0963127
0.0664068
0.0669848
0.0674705
0.0752405
0.0496014
0.0893832
0.061176
0.0172995
0.0266225
0.437753
0.463546
0.367516
0.374387
0.490892
0.431214
0.472683
0.237373
0.303773
0.306747
0.479132
0.425346
0.469829
0.395741
0.362413
0.446046
0.499877
0.459803
0.372059
0.359045
0.405045
0.366683
0.422343
0.430868
0.456673
0.51965
0.495341
0.476736
0.499381
0.46268
0.483786
0.417289
0.473035
0.486224
0.340774
0.463415
0.491274
0.326098
0.367216
0.470918
0.450323
0.418203
0.470546
0.425561
0.396111
0.395722
0.470669
0.339603
0.515047
0.399975
0.418628
0.389396
0.416966
0.463224
0.422721
0.411533
0.393199
0.381844
0.354929
0.437533
0.495007
0.486539
0.458775
0.530258
0.451803
0.502097
0.495964
0.529809
0.505695
0.506928
0.481776
0.475217
0.47562
0.517735
0.429174
0.348441
0.30031
0.0835384
0.052071
0.408847
0.468007
0.272008
0.345011
0.395
0.457784
0.484301
0.568327
0.600458
0.717628
0.736941
0.599377
0.559384
0.583525
0.690207
0.613155
0.639026
0.680903
0.652943
0.731037
0.589705
0.579017
0.689173
0.634695
0.667662
0.638043
0.719658
0.652843
0.572794
0.588996
0.69323
0.663462
0.61704
0.579879
0.540565
0.71611
0.686908
0.669263
0.651128
0.735677
0.593843
0.632141
0.612889
0.693165
0.617773
0.69335
0.663496
0.687848
0.625229
0.718353
0.691832
0.61907
0.636301
0.542627
0.538046
0.604978
0.618269
0.675519
0.650281
0.667118
0.805596
0.630786
0.553119
0.549524
0.616027
0.600177
0.675612
0.668088
0.692381
0.686297
0.653037
0.778385
0.752796
0.70705
0.695278
0.73951
0.714351
0.779025
0.712102
0.69775
0.648752
0.715027
0.811945
0.685587
0.721223
0.74159
0.724204
0.775605
0.812858
0.733311
0.74392
0.649019
0.516606
0.589857
0.791783
0.745886
0.799549
0.660339
0.738347
0.749084
0.621946
0.748382
0.842069
0.63878
0.592131
0.557833
0.603025
0.576796
0.74418
0.819931
0.703017
0.77009
0.794432
0.703538
0.578633
0.602798
0.698682
0.691849
0.590065
0.586473
0.597483
0.520519
0.693783
0.599713
0.612059
0.578716
0.655789
0.815447
0.613603
0.691315
0.655317
0.710278
0.679631
0.710852
0.748455
0.728263
0.789914
0.651955
0.576651
0.635291
0.760214
0.736032
0.703582
0.664394
0.684375
0.70658
0.784155
0.830364
0.723206
0.80321
0.755717
0.704191
0.682786
0.633955
0.820222
0.79874
0.779465
0.753019
0.7078
0.700739
0.668028
0.810307
0.684469
0.680146
0.78746
0.698523
0.73727
0.75741
0.825147
0.814738
0.80609
0.765489
0.775955
0.684394
0.764085
0.726468
0.705653
0.708027
0.786431
0.811595
0.786189
0.778673
0.739494
0.783793
0.811963
0.801243
0.759242
0.700977
0.667068
0.682645
0.678239
0.703009
0.731581
0.86008
0.61232
0.616219
0.779326
0.602629
0.571575
0.596779
0.673516
0.821513
0.664138
0.692026
0.615236
0.640556
0.776061
0.762408
0.786595
0.58601
0.655615
0.66032
0.667791
0.785428
0.753371
0.827433
0.756775
0.729798
0.769389
0.719494
0.641969
0.707624
0.720276
0.724961
0.825814
0.698549
0.686664
0.651304
0.642574
0.689894
0.70687
0.777179
0.790664
0.67217
0.698426
0.658732
0.759458
0.741446
0.678662
0.613862
0.916788
0.91213
0.875813
0.89948
0.768867
0.868471
0.871353
0.888015
0.877378
0.748373
0.789473
0.772506
0.769893
0.78771
0.789903
0.7568
0.851415
0.95269
0.902973
0.775223
0.798223
0.866839
0.764772
0.79794
0.749946
0.837867
0.775134
0.805956
0.785518
0.846379
0.881954
0.809249
0.830245
0.89656
0.873808
0.818007
0.762873
0.908798
0.913309
0.854047
0.887321
0.827702
0.888304
0.855653
0.857278
0.91388
0.79812
0.767256
0.855939
0.839285
0.883985
0.851588
0.87059
0.864634
0.880298
0.82166
0.882975
0.844712
0.907804
0.911181
0.926372
0.740298
0.895916
0.943108
0.88295
0.94679
0.895026
0.986949
0.830703
0.807786
0.795642
0.763678
0.746695
0.849883
0.882938
0.786497
0.957494
0.858367
0.889
1.01821
0.899398
0.892756
0.926828
0.872669
0.8973
0.844721
0.859184
0.843423
0.872959
0.821364
0.824829
0.845699
0.882933
0.861433
0.861933
0.844601
0.896403
0.96416
0.982799
0.924594
0.830017
0.823881
0.86883
0.840855
0.874393
0.814862
0.831545
0.838833
0.87804
0.839337
0.876929
0.809983
0.829998
0.826321
0.827218
0.815775
0.899674
0.886222
0.960002
0.96611
0.943639
0.929265
0.7616
0.815869
0.616073
0.654112
0.587331
0.623684
0.683083
0.686936
0.697616
0.730179
0.642273
0.764357
0.76828
0.460945
0.47265
0.49976
0.544043
0.488391
0.517743
0.546626
0.544578
0.531949
0.507825
0.533615
0.511687
0.512917
0.528981
0.458648
0.526001
0.567704
0.529906
0.587699
0.601321
0.588284
0.566708
0.583643
0.594364
0.579542
0.547997
0.580444
0.592037
0.568464
0.564765
