# M2_reordered
# Number of vertices: 3527, Number of faces: 7050
# Preprocessing time: 0.00540462
# Query time: 3.44186
0.23427
0.271233
0.171223
0.288937
0.34663
0.328775
0.225684
0.279501
0.29252
0.231858
0.292025
0.21157
0.116044
0.0692412
0.244007
0.376316
0
0.271078
0.196418
0.299864
0.335589
0.281662
0.379701
0.32748
0.408004
0.431184
0.378764
0.351371
0.220966
0.324817
0.323739
0.348992
0.384385
0.384314
0.303718
0.415558
0.310445
0.119135
0.0530412
0.0702753
0.0661636
0.385598
0.371631
0.287024
0.374461
0.336329
0.37788
0.364751
0.212155
0.337768
0.334949
0.364491
0.362054
0.313991
0.173469
0.111785
0.253061
0.204649
0.140894
0.137728
0.0919561
0.0666973
0.0544493
0.34071
0.393649
0.41088
0.324606
0.420798
0.325509
0.477743
0.469912
0.401813
0.417916
0.440491
0.361825
0.328137
0.43115
0.431437
0.444801
0.400223
0.452524
0.431539
0.448676
0.448927
0.37345
0.444528
0.447958
0.263955
0.0324137
0.45334
0.447392
0.447099
0.533954
0.549711
0.593351
0.572265
0.652792
0.717346
0.645869
0.625151
0.714238
0.640809
0.59386
0.607812
0.653253
0.632601
0.628668
0.578521
0.541632
0.517789
0.685783
0.728552
0.741249
0.667608
0.653028
0.667621
0.742474
0.652021
0.607739
0.658608
0.630221
0.606673
0.718955
0.697792
0.683972
0.587061
0.593043
0.690508
0.704742
0.743915
0.692377
0.640539
0.553771
0.76179
0.698334
0.742131
0.6686
0.79058
0.734845
0.609824
0.762826
0.705974
0.681555
0.739928
0.655851
0.671951
0.765129
0.767229
0.549684
0.754298
0.525919
0.62165
0.577358
0.723554
0.639652
0.5969
0.742652
0.712167
0.687754
0.716279
0.657252
0.802514
0.707425
0.782239
0.660717
0.583994
0.845412
0.875872
0.919847
0.804415
0.736723
0.738118
0.784656
0.766202
0.876206
0.878727
0.905327
0.73521
0.796328
0.881993
0.862337
0.91876
0.869001
0.875264
0.851444
0.842168
0.781266
0.759969
0.846863
0.899298
0.796124
0.824915
0.888486
0.832621
0.760551
0.787131
0.738753
0.816281
0.780516
0.848686
0.811365
0.834144
0.854376
0.838493
0.858876
0.849095
0.818212
0.809018
0.742429
0.712974
0.702272
0.651503
0.769319
0.724304
0.439245
0.530186
0.530128
0.477342
0.498109
0.558182
0.540744
0.543915
0.260114
0.27121
0.309406
0.209634
0.25308
0.249438
0.280661
0.319881
0.197132
0.197146
0.234571
0.251234
0.234964
0.133478
0.269479
0.387135
0.108411
0.299263
0.316456
0.258887
0.313987
0.322351
0.295425
0.311383
0.252112
0.295342
0.278523
0.310028
0.170955
0.144057
0.178726
0.026464
0.0337485
0.354855
0.338595
0.338891
0.238981
0.138275
0.108628
0.151354
0.0762742
0.0562813
0.332823
0.318274
0.275411
0.259178
0.233662
0.290962
0.176097
0.210035
0.289463
0.396027
0.363642
0.330391
0.33087
0.305916
0.0497794
0.0812742
0.0244929
0.053868
0.0512772
0.0486933
0.125396
0.134833
0.120573
0.333644
0.31476
0.216041
0.32715
0.288028
0.377276
0.354241
0.366307
0.43067
0.315557
0.38463
0.334407
0.425587
0.367737
0.467538
0.393404
0.390074
0.295848
0.313818
0.34574
0.317495
0.329214
0.240504
0.315164
0.352525
0.373561
0.463099
0.386391
0.410072
0.401484
0.364636
0.384926
0.351863
0.329251
0.315949
0.431847
0.304034
0.401391
0.398775
0.413805
0.323024
0.129601
0.088642
0.0973265
0.0675357
0.099382
0.0419912
0.0490349
0.0615918
0.333008
0.286605
0.281376
0.163971
0.128168
0.265282
0.352845
0.35542
0.4194
0.341492
0.433408
0.336426
0.302092
0.319635
0.34374
0.407871
0.410256
0.356245
0.398468
0.378138
0.325221
0.382822
0.355295
0.37401
0.262988
0.285342
0.355835
0.31584
0.336731
0.294393
0.330001
0.339051
0.459736
0.321861
0.393475
0.34118
0.326831
0.306371
0.296109
0.311851
0.245085
0.283203
0.237081
0.202266
0.173868
0.182813
0.139445
0.162977
0.16737
0.393764
0.0904747
0.0794073
0.077933
0.0913934
0.0663849
0.0629219
0.0557145
0.0750072
0.0495547
0.0630251
0.061045
0.0171736
0.0264287
0.415273
0.433741
0.343325
0.350355
0.466395
0.409889
0.457677
0.232658
0.286506
0.283431
0.445892
0.399879
0.423803
0.37049
0.336751
0.407756
0.469314
0.435584
0.367472
0.351758
0.393647
0.355633
0.407275
0.426932
0.440388
0.499253
0.491111
0.472217
0.491575
0.448053
0.472815
0.404062
0.449794
0.463615
0.328299
0.451524
0.474981
0.319443
0.363365
0.455617
0.438994
0.400287
0.448959
0.405235
0.384847
0.376083
0.449429
0.323872
0.502767
0.391826
0.403494
0.37386
0.405268
0.45575
0.41438
0.404207
0.38219
0.366462
0.349649
0.410117
0.474738
0.465432
0.4534
0.514083
0.4384
0.492944
0.485595
0.5201
0.495721
0.491266
0.468561
0.466789
0.467291
0.500398
0.424242
0.339854
0.293875
0.0703549
0.0509584
0.376939
0.445306
0.263548
0.337826
0.387826
0.434597
0.446095
0.549307
0.581284
0.693322
0.715062
0.577873
0.540386
0.564928
0.671459
0.597405
0.623041
0.660668
0.638143
0.713331
0.565731
0.563685
0.671374
0.618319
0.647582
0.623138
0.689708
0.631803
0.553804
0.569888
0.667752
0.647417
0.599785
0.559976
0.526185
0.697828
0.667791
0.650668
0.634859
0.718137
0.577084
0.616206
0.598638
0.674758
0.599726
0.675754
0.646654
0.670828
0.602325
0.703268
0.671764
0.604776
0.612538
0.527609
0.523854
0.595515
0.588461
0.651477
0.618628
0.635853
0.780026
0.611604
0.536645
0.535896
0.589631
0.584537
0.647688
0.643844
0.684059
0.673627
0.6442
0.744402
0.712585
0.684555
0.669929
0.717177
0.687889
0.749339
0.690395
0.676491
0.629325
0.688346
0.788334
0.662188
0.689795
0.698069
0.708502
0.758837
0.755762
0.701046
0.720589
0.634265
0.50135
0.571294
0.773679
0.726793
0.778578
0.640529
0.698386
0.706331
0.598365
0.72044
0.79383
0.61256
0.567475
0.534365
0.581399
0.55482
0.709643
0.797897
0.685942
0.741664
0.771809
0.680063
0.562232
0.58593
0.665267
0.673734
0.572812
0.563942
0.582934
0.505824
0.662473
0.590211
0.600769
0.569118
0.639099
0.767859
0.58823
0.672349
0.638819
0.68589
0.659691
0.686621
0.710066
0.71456
0.737902
0.617771
0.55543
0.608872
0.732816
0.709405
0.68138
0.650889
0.666485
0.678887
0.759006
0.804549
0.700742
0.780244
0.729145
0.680959
0.656447
0.617338
0.777913
0.757025
0.738654
0.733221
0.681169
0.682334
0.651153
0.794967
0.664204
0.655497
0.77005
0.673881
0.708716
0.738992
0.805621
0.789367
0.786262
0.739977
0.734414
0.654947
0.727755
0.687553
0.67482
0.670852
0.733188
0.759063
0.732097
0.744265
0.701259
0.745183
0.776409
0.758561
0.743668
0.674879
0.649864
0.665328
0.663434
0.687477
0.708584
0.812438
0.590535
0.602609
0.733851
0.589224
0.557349
0.582235
0.654073
0.796409
0.646296
0.668847
0.595219
0.625118
0.735754
0.743779
0.76637
0.570978
0.635738
0.632723
0.657198
0.755696
0.73484
0.806015
0.718415
0.689244
0.730579
0.684209
0.626385
0.686471
0.698485
0.707214
0.804982
0.674579
0.660671
0.633014
0.624173
0.672847
0.677439
0.736117
0.766834
0.652269
0.675348
0.631494
0.746589
0.726933
0.647463
0.593819
0.890203
0.888444
0.860107
0.884647
0.755062
0.839237
0.850155
0.866412
0.848012
0.73335
0.763485
0.746228
0.754841
0.751059
0.760784
0.74003
0.83297
0.942411
0.876751
0.752389
0.779395
0.84784
0.743448
0.776612
0.733161
0.819829
0.739244
0.78114
0.750589
0.822493
0.857807
0.796356
0.817108
0.867772
0.848867
0.802572
0.749035
0.887002
0.881808
0.829074
0.870001
0.814069
0.839288
0.835094
0.837701
0.89662
0.783311
0.738968
0.806552
0.794305
0.859314
0.797892
0.814365
0.810349
0.836928
0.784484
0.862999
0.817485
0.866106
0.880729
0.895154
0.725002
0.864063
0.907065
0.851885
0.910713
0.869659
0.97642
0.818074
0.76209
0.771012
0.742445
0.729143
0.834228
0.864508
0.759672
0.922135
0.832294
0.858281
0.976004
0.89143
0.86094
0.909241
0.85662
0.865721
0.82948
0.843263
0.827022
0.855743
0.805719
0.80852
0.83062
0.844388
0.844374
0.824252
0.800667
0.874633
0.92681
0.945445
0.889621
0.806965
0.801378
0.853408
0.821857
0.858411
0.796339
0.816569
0.815973
0.852014
0.792932
0.861509
0.774876
0.808713
0.78273
0.797901
0.785179
0.883958
0.871017
0.95073
0.954445
0.932934
0.919817
0.723097
0.79941
0.600443
0.636339
0.570948
0.601438
0.658718
0.671586
0.677546
0.704624
0.628494
0.731176
0.714318
0.446776
0.448191
0.479487
0.52817
0.473857
0.500288
0.528197
0.529199
0.505125
0.490405
0.518841
0.494247
0.499071
0.515213
0.443608
0.512847
0.559656
0.511162
0.579009
0.590086
0.570021
0.550862
0.567603
0.574779
0.563137
0.531992
0.543554
0.575539
0.555658
0.552107
0.23061
0.281076
0.223262
0.285653
0.275447
0.239538
0.211011
0.223923
0.238728
0.205464
0.250871
0.289561
0.266905
0.285171
0.269846
0.268373
0.2636
0.28556
0.286149
0.273625
0.277929
0.273509
0.26859
0.2301
0.198328
0.186625
0.216124
0.208807
0.2418
0.200275
0.195489
0.193627
0.304259
0.328485
0.202535
0.247059
0.328301
0.295554
0.183208
0.309464
0.324606
0.250908
0.242121
0.265419
0.145513
0.243336
0.277578
0.214087
0.238867
0.28305
0.250807
0.275474
0.261395
0.312921
0.383926
0.20672
0.151461
0.121994
0.114029
0.0944752
0.333346
0.37029
0.339565
0.295092
0.362857
0.307664
0.311265
0.320494
0.262402
0.182281
0.270114
0.355406
0.345382
0.305727
0.286032
0.20035
0.303458
0.319564
0.321704
0.323468
0.338047
0.358715
0.373315
0.29258
0.31278
0.3161
0.31435
0.424328
0.317341
0.300483
0.298491
0.304057
0.296743
0.279254
0.342865
0.323315
0.314674
0.232876
0.320374
0.308926
0.3138
0.312172
0.313843
0.302432
0.291275
0.305137
0.303571
0.294985
0.299711
0.247715
0.234893
0.300169
0.234761
0.216755
0.263011
0.259089
0.300231
0.304196
0.213899
0.218302
0.239482
0.427089
0.399621
0.426288
0.400339
0.428566
0.405339
0.402038
0.41454
0.391583
0.403391
0.430368
0.300002
0.28269
0.198952
0.332708
0.29774
0.264866
0.238986
0.174171
0.182204
0.187462
0.162172
0.178154
0.20472
0.18959
0.155415
0.170639
0.167728
0.157113
0.391136
0.0818335
0.0745269
0.0204659
0.361229
0.350055
0.353833
0.291332
0.217197
0.2091
0.175711
0.296622
0.336489
0.327168
0.164284
0.162171
0.158824
0.327052
0.154647
0.277698
0.141529
0.303411
0.131742
0.126145
0.118249
0.1185
0.140302
0.292066
0.291104
0.303761
0.307078
0.0904463
0.0880243
0.321619
0.0806105
0.344032
0.0811098
0.0804359
0.375101
0.0604562
0.0626012
0.0563942
0.339447
0.303352
0.323404
0.299063
0.323059
0.314047
0.292448
0.296768
0.294935
0.269638
0.258361
0.270077
0.338998
0.322015
0.258539
0.274085
0.115951
0.266899
0.192726
0.291919
0.226413
0.187633
0.252822
0.233522
0.220372
0.185049
0.265039
0.28615
0.192892
0.264132
0.250029
0.220598
0.3269
0.393979
0.386879
0.391776
0.438212
0.407973
0.409263
0.373227
0.363543
0.357114
0.341075
0.376815
0.355058
0.365613
0.386552
0.313036
0.300973
0.162436
0.196651
0.186565
0.227947
0.244877
0.214353
0.208844
0.0716325
0.0712616
0.06591
0.0521004
0.0735901
0.0803208
0.0956964
0.0281972
0.154659
0.134415
0.138796
0.128789
0.120925
0.138972
0.106286
0.112478
0.132394
0.10222
0.086323
0.15571
0.345025
0.357704
0.395827
0.34536
0.360367
0.314962
0.31723
0.308149
0.316162
0.311477
0.298837
0.320275
0.260004
0.325212
0.308787
0.336535
0.340586
0.246811
0.3173
0.317189
0.272688
0.317918
0.276963
0.364704
0.205182
0.189558
0.365372
0.343509
0.376254
0.353718
0.351672
0.311299
0.301347
0.291067
0.336787
0.296957
0.295147
0.330667
0.375687
0.369708
0.338474
0.29266
0.358961
0.346762
0.341083
0.363426
0.374476
0.32466
0.32195
0.31428
0.306983
0.457831
0.436781
0.445917
0.440736
0.390491
0.409839
0.456773
0.425861
0.403221
0.457014
0.333811
0.352397
0.377128
0.445691
0.344975
0.341019
0.458704
0.440988
0.452682
0.354912
0.368155
0.41852
0.381788
0.451776
0.397524
0.46473
0.444389
0.406033
0.383633
0.390029
0.429816
0.399169
0.39071
0.306312
0.293144
0.304001
0.321297
0.373803
0.36748
0.360147
0.386772
0.355829
0.311499
0.300169
0.263817
0.243303
0.346898
0.313536
0.253752
0.24512
0.242317
0.301755
0.204062
0.262724
0.328911
0.424386
0.336146
0.451552
0.38727
0.336477
0.346058
0.361986
0.390956
0.406734
0.420627
0.431988
0.413764
0.450177
0.363763
0.412022
0.385478
0.404748
0.367544
0.366337
0.369998
0.385219
0.376482
0.437393
0.379113
0.402802
0.301983
0.370772
0.358487
0.365551
0.37137
0.371058
0.352911
0.358443
0.348455
0.381104
0.402339
0.367827
0.360484
0.344657
0.336471
0.389855
0.41877
0.403729
0.31175
0.457372
0.446358
0.418134
0.410982
0.432057
0.433019
0.399385
0.406977
0.41886
0.416486
0.343139
0.332756
0.331814
0.328367
0.319489
0.317534
0.319045
0.314516
0.314278
0.329534
0.324775
0.299428
0.305036
0.307045
0.301997
0.307409
0.222693
0.17784
0.178584
0.300986
0.159818
0.141397
0.139464
0.121365
0.121109
0.147025
0.115653
0.122315
0.110018
0.102695
0.0785776
0.0650695
0.0652862
0.0533458
0.0843997
0.0713727
0.0731619
0.0450385
0.0713112
0.0858277
0.0770644
0.0604556
0.0411337
0.0580353
0.0507357
0.0452803
0.0605687
0.0392236
0.0396046
0.0349616
0.0462808
0.0282019
0.0435584
0.0468182
0.0581584
0.044168
0.0575519
0.0753232
0.058894
0.0715829
0.0594501
0.294468
0.282576
0.409012
0.263426
0.353076
0.344513
0.253349
0.369433
0.18135
0.0100932
0.215689
0.248605
0.197772
0.261313
0.409971
0.389881
0.42424
0.413009
0.323582
0.347975
0.396117
0.322164
0.373862
0.28623
0.280012
0.431077
0.393296
0.437687
0.407675
0.421794
0.426604
0.420223
0.369934
0.388728
0.341449
0.338143
0.324514
0.343284
0.297548
0.306668
0.421446
0.361737
0.356854
0.386793
0.338999
0.413323
0.321845
0.413835
0.30204
0.413707
0.372914
0.396417
0.384914
0.376275
0.369152
0.364533
0.312163
0.296257
0.331887
0.339494
0.38586
0.397156
0.350006
0.37139
0.393328
0.367051
0.307509
0.337361
0.317139
0.384864
0.37751
0.380766
0.362203
0.369794
0.299183
0.380571
0.351671
0.239653
0.373569
0.333463
0.36771
0.334591
0.298379
0.325366
0.277738
0.350841
0.237112
0.361865
0.358579
0.185486
0.336226
0.304347
0.35292
0.252853
0.346991
0.290686
0.330068
0.347527
0.342557
0.278531
0.259062
0.304769
0.337377
0.338005
0.33399
0.332473
0.285445
0.329652
0.327517
0.332193
0.442794
0.325807
0.411629
0.45418
0.378723
0.370873
0.372825
0.36479
0.38778
0.316655
0.340447
0.34246
0.338398
0.337069
0.334902
0.335401
0.33156
0.312088
0.310928
0.299675
0.29622
0.294114
0.258779
0.25722
0.319017
0.322153
0.314112
0.291218
0.261746
0.234076
0.28548
0.208396
0.243549
0.218805
0.179909
0.12682
0.142413
0.182997
0.143315
0.135932
0.236414
0.124989
0.103539
0.256287
0.108708
0.144046
0.101918
0.104071
0.153748
0.0961607
0.0931944
0.309482
0.305594
0.241282
0.2446
0.237984
0.228509
0.226647
0.216134
0.219527
0.209267
0.206539
0.179613
0.187583
0.188058
0.175506
0.166885
0.163229
0.18014
0.16563
0.160198
0.165783
0.16706
0.162032
0.164127
0.146341
0.133063
0.389219
0.15607
0.344683
0.384139
0.375734
0.382106
0.094168
0.0792504
0.0858209
0.0819038
0.075564
0.0642288
0.0846539
0.0645341
0.044652
0.0802622
0.0457122
0.0435775
0.0344778
0.0963575
0.0316892
0.0216102
0.0214685
0.0459932
0.0515804
0.0342346
0.0397973
0.0194569
0.0559498
0.0299182
0.0355333
0.0691996
0.0714683
0.385898
0.397355
0.401779
0.361091
0.452204
0.362267
0.345711
0.347311
0.369317
0.371225
0.273437
0.414216
0.429735
0.414477
0.402373
0.410493
0.395402
0.385642
0.355398
0.468623
0.372428
0.450048
0.459067
0.443271
0.379636
0.454738
0.370259
0.384234
0.402554
0.354131
0.371337
0.347336
0.366595
0.234142
0.239756
0.274115
0.317797
0.289413
0.296977
0.42074
0.408702
0.448003
0.417187
0.309876
0.319486
0.380979
0.402539
0.426245
0.320692
0.412248
0.326297
0.347795
0.394524
0.461779
0.377963
0.425607
0.455007
0.42873
0.456514
0.378448
0.45325
0.378561
0.342733
0.352791
0.399465
0.375097
0.450042
0.433569
0.341202
0.381918
0.409924
0.352647
0.368138
0.437507
0.388861
0.334829
0.329664
0.42825
0.424631
0.406928
0.399489
0.406827
0.436769
0.42881
0.421158
0.438915
0.446576
0.48185
0.510065
0.4725
0.422398
0.480755
0.428024
0.460605
0.452535
0.417209
0.395277
0.46971
0.415329
0.459706
0.499232
0.468481
0.46485
0.459224
0.424453
0.434169
0.431076
0.492815
0.506851
0.465588
0.482443
0.369464
0.489194
0.383252
0.493393
0.462483
0.459927
0.380045
0.42155
0.453712
0.397363
0.38613
0.364494
0.466904
0.429222
0.380225
0.45316
0.45476
0.440201
0.364196
0.358462
0.361019
0.3458
0.345044
0.338422
0.336814
0.476342
0.45418
0.443541
0.435279
0.407929
0.412224
0.442281
0.467058
0.450226
0.46076
0.496734
0.489218
0.491068
0.457258
0.479197
0.454457
0.404084
0.420265
0.413769
0.395811
0.413562
0.36452
0.356989
0.390032
0.41381
0.380557
0.346194
0.373609
0.380825
0.487326
0.476973
0.397477
0.380508
0.357298
0.379466
0.454657
0.439501
0.419069
0.409903
0.412339
0.468166
0.443467
0.422008
0.405033
0.403137
0.466545
0.449954
0.450983
0.423522
0.405917
0.436115
0.416657
0.434894
0.385628
0.372297
0.411488
0.391905
0.417349
0.425181
0.400523
0.417271
0.402111
0.379999
0.357963
0.407526
0.337002
0.456197
0.437203
0.409587
0.413222
0.459248
0.448748
0.433461
0.420316
0.426486
0.452792
0.480361
0.422717
0.326887
0.507677
0.501308
0.455532
0.463959
0.456964
0.481488
0.437685
0.461377
0.448353
0.427572
0.463173
0.404552
0.411847
0.403675
0.427057
0.313625
0.424584
0.398033
0.417487
0.369279
0.423045
0.378786
0.387514
0.455189
0.443053
0.4456
0.450832
0.462738
0.424172
0.439336
0.389369
0.443808
0.49779
0.486554
0.48709
0.452348
0.44638
0.442623
0.442418
0.44105
0.428057
0.411879
0.410301
0.4053
0.394933
0.384386
0.387441
0.375545
0.370959
0.369881
0.35208
0.346909
0.344248
0.316897
0.466706
0.417524
0.426961
0.401894
0.46188
0.454032
0.438833
0.439425
0.444177
0.450896
0.455183
0.460706
0.457038
0.516121
0.517086
0.495744
0.493615
0.484678
0.478388
0.484165
0.437412
0.502532
0.501825
0.495338
0.485101
0.501387
0.495651
0.46237
0.471433
0.453914
0.463289
0.474631
0.479606
0.500643
0.521907
0.501818
0.47879
0.43529
0.475147
0.484255
0.479709
0.486958
0.458129
0.488727
0.369757
0.315943
0.340456
0.490899
0.384881
0.432586
0.32332
0.331778
0.325709
0.32455
0.278797
0.279836
0.36777
0.420127
0.399127
0.383414
0.0744828
0.079055
0.0930455
0.0319206
0.0235181
0.0365223
0.0445467
0.0585166
0.109962
0.0963675
0.0735782
0.0681266
0.159817
0.346537
0.363181
0.357707
0.270641
0.269732
0.275845
0.26989
0.267771
0.318974
0.339417
0.423143
0.429656
0.455816
0.454573
0.454989
0.470934
0.454908
0.403389
0.40044
0.458493
0.43085
0.336969
0.524523
0.590189
0.590282
0.598189
0.546638
0.560212
0.56042
0.543844
0.586427
0.614304
0.58167
0.576252
0.579399
0.57565
0.548194
0.652764
0.651779
0.65905
0.693735
0.58427
0.59771
0.569705
0.565092
0.584558
0.546948
0.566674
0.580047
0.572795
0.589788
0.587165
0.559176
0.536422
0.553297
0.715068
0.555896
0.685257
0.563945
0.709762
0.625474
0.575572
0.635956
0.591703
0.627462
0.683809
0.696142
0.63815
0.609027
0.573791
0.570729
0.582365
0.695503
0.716999
0.626679
0.63082
0.650412
0.702226
0.619015
0.68475
0.71209
0.617047
0.642607
0.707172
0.627121
0.678339
0.637251
0.629065
0.699476
0.635888
0.633274
0.67075
0.650801
0.68141
0.692252
0.703261
0.545939
0.544858
0.549791
0.544345
0.566343
0.566025
0.589439
0.713985
0.699783
0.646387
0.608099
0.608214
0.636384
0.619353
0.693463
0.629392
0.709211
0.693477
0.665804
0.643335
0.623714
0.637994
0.629775
0.672228
0.708249
0.708714
0.613939
0.619547
0.636165
0.710353
0.644936
0.538241
0.578813
0.569978
0.716372
0.711761
0.63108
0.625695
0.64584
0.718005
0.5616
0.585127
0.574451
0.636972
0.633374
0.60884
0.665594
0.613757
0.662474
0.598415
0.588285
0.617349
0.569111
0.570256
0.718142
0.698798
0.685633
0.632792
0.582438
0.606298
0.622367
0.631601
0.635046
0.653093
0.576953
0.590475
0.711301
0.691547
0.587996
0.707739
0.666207
0.640184
0.580846
0.598115
0.594092
0.696292
0.687308
0.629395
0.699062
0.607729
0.656347
0.606064
0.672739
0.672689
0.701042
0.678868
0.711032
0.616959
0.609257
0.628508
0.693102
0.686801
0.70841
0.640634
0.614755
0.616917
0.743035
0.664469
0.601099
0.642497
0.65921
0.647506
0.62769
0.617377
0.610655
0.622706
0.624494
0.629714
0.594301
0.643195
0.737069
0.634263
0.617342
0.617187
0.699083
0.67082
0.671455
0.681404
0.657116
0.622731
0.674102
0.647085
0.64399
0.652465
0.68028
0.601683
0.643599
0.545365
0.5595
0.551216
0.560373
0.582937
0.603422
0.59609
0.577879
0.727143
0.652215
0.662348
0.752365
0.635218
0.609305
0.604106
0.589874
0.587048
0.600873
0.632734
0.621711
0.587534
0.61399
0.615058
0.557329
0.572659
0.687788
0.693751
0.599329
0.591141
0.583807
0.523663
0.515554
0.530098
0.611743
0.587048
0.612136
0.585651
0.591395
0.603804
0.699819
0.684378
0.743839
0.70744
0.572928
0.605115
0.57727
0.618442
0.597826
0.668014
0.604905
0.681911
0.673792
0.673747
0.64179
0.638437
0.631156
0.622621
0.61077
0.77829
0.667356
0.652486
0.652856
0.638537
0.599526
0.625193
0.581018
0.5796
0.562837
0.581437
0.798128
0.594169
0.5941
0.739247
0.718734
0.704651
0.680921
0.797253
0.756479
0.753228
0.720923
0.682279
0.758192
0.758562
0.719613
0.662921
0.735553
0.718172
0.671309
0.657608
0.678423
0.649944
0.644486
0.649514
0.655206
0.688022
0.665608
0.678965
0.682856
0.642275
0.642543
0.714378
0.706902
0.740063
0.714286
0.673381
0.670611
0.684736
0.642016
0.655833
0.738944
0.656737
0.705569
0.711416
0.679436
0.742244
0.630289
0.727684
0.738741
0.727904
0.736556
0.758728
0.769504
0.739226
0.727014
0.700315
0.720591
0.693339
0.684996
0.661891
0.658371
0.63963
0.72764
0.617923
0.629055
0.657648
0.632237
0.612444
0.706322
0.633434
0.649189
0.615827
0.695432
0.611291
0.637719
0.783787
0.775065
0.56805
0.57581
0.583267
0.550186
0.591276
0.576705
0.784498
0.796172
0.771136
0.789833
0.796508
0.771838
0.746463
0.760409
0.734675
0.780578
0.800987
0.754334
0.696041
0.715788
0.708171
0.698462
0.679199
0.641575
0.654471
0.649097
0.619524
0.620673
0.652843
0.623099
0.678661
0.726388
0.742035
0.598028
0.638256
0.774164
0.752599
0.571319
0.566737
0.690409
0.629014
0.641359
0.604087
0.62091
0.614845
0.622621
0.653092
0.642884
0.609768
0.633917
0.603
0.622146
0.647345
0.601828
0.627361
0.63266
0.55811
0.654705
0.622264
0.605203
0.629521
0.614633
0.531993
0.587605
0.554957
0.597205
0.605985
0.592619
0.614227
0.572195
0.565629
0.631778
0.615964
0.615074
0.564399
0.526408
0.52178
0.588664
0.531878
0.563764
0.523314
0.515179
0.53625
0.811692
0.817347
0.792436
0.771047
0.784888
0.631878
0.634234
0.626075
0.644594
0.623674
0.619858
0.610489
0.645633
0.619685
0.648366
0.610535
0.620477
0.604066
0.625802
0.651678
0.808108
0.794935
0.700282
0.711681
0.706171
0.724772
0.695403
0.688162
0.750061
0.717593
0.696142
0.70498
0.681023
0.647904
0.581248
0.579717
0.596551
0.591352
0.671697
0.576871
0.559712
0.757004
0.739379
0.576197
0.562398
0.565325
0.548256
0.536143
0.541912
0.535689
0.514694
0.578648
0.625934
0.591275
0.55888
0.594398
0.611403
0.633691
0.564576
0.632024
0.555281
0.556787
0.564493
0.791651
0.753511
0.748078
0.736446
0.688676
0.586828
0.614971
0.653986
0.661209
0.62512
0.621759
0.690244
0.633245
0.624587
0.694373
0.625093
0.682675
0.722189
0.676464
0.712461
0.69937
0.640579
0.695885
0.671936
0.70436
0.715492
0.710374
0.664804
0.686497
0.684097
0.694098
0.685353
0.68666
0.696976
0.693985
0.700237
0.699935
0.708884
0.732985
0.724329
0.684156
0.736805
0.767404
0.754149
0.738864
0.624479
0.605071
0.668408
0.719983
0.586422
0.599414
0.567877
0.553104
0.575401
0.573799
0.787945
0.69493
0.712088
0.685886
0.733921
0.695736
0.744616
0.740312
0.695807
0.69266
0.662069
0.714371
0.678692
0.698944
0.63786
0.660024
0.648806
0.666879
0.636736
0.664675
0.654893
0.630911
0.700954
0.632938
0.685132
0.611923
0.715667
0.753433
0.645822
0.540393
0.529703
0.817005
0.767825
0.792229
0.777717
0.700656
0.723185
0.784743
0.692411
0.759573
0.684805
0.747011
0.686949
0.684263
0.67599
0.761032
0.78056
0.782952
0.67623
0.670778
0.683186
0.673097
0.660827
0.668966
0.648301
0.670116
0.648939
0.66133
0.670224
0.64043
0.638031
0.634063
0.637894
0.628387
0.623928
0.616562
0.668523
0.815056
0.748873
0.759067
0.609757
0.822745
0.800494
0.794525
0.781465
0.774897
0.781079
0.761615
0.762203
0.756561
0.741874
0.689869
0.730488
0.682731
0.729982
0.733618
0.714327
0.708756
0.675434
0.684423
0.668385
0.643646
0.6934
0.712062
0.665297
0.657492
0.676297
0.700676
0.648792
0.681426
0.612968
0.776679
0.785612
0.602893
0.626134
0.633737
0.661234
0.742211
0.667591
0.640731
0.682349
0.539748
0.709605
0.713377
0.702552
0.809261
0.748285
0.789023
0.785228
0.724156
0.805724
0.78951
0.715211
0.796838
0.715496
0.767273
0.686087
0.677365
0.716219
0.765101
0.762352
0.711555
0.632847
0.763878
0.678067
0.653686
0.644697
0.790792
0.711951
0.730876
0.738406
0.693818
0.776007
0.74599
0.77068
0.722867
0.721079
0.720017
0.733215
0.724926
0.682804
0.73273
0.746149
0.735957
0.741449
0.737585
0.746094
0.754946
0.735749
0.752183
0.73775
0.74918
0.741037
0.761274
0.765397
0.747242
0.756136
0.75057
0.777716
0.767132
0.76673
0.7713
0.773846
0.79592
0.805011
0.81755
0.763828
0.80979
0.81683
0.79586
0.668588
0.672343
0.675527
0.674174
0.67239
0.655241
0.655954
0.67654
0.68036
0.659528
0.649291
0.692772
0.694554
0.705219
0.695365
0.687549
0.70042
0.680018
0.705705
0.690874
0.717686
0.726426
0.678591
0.790355
0.776035
0.759614
0.748569
0.595658
0.573362
0.727978
0.543887
0.734113
0.741794
0.741851
0.510468
0.515012
0.725968
0.776573
0.614188
0.60397
0.587574
0.581104
0.545528
0.719377
0.510483
0.619028
0.706608
0.717601
0.602113
0.730873
0.740952
0.660658
0.648757
0.65711
0.650632
0.580334
0.788429
0.799819
0.65285
0.634924
0.689394
0.681902
0.675226
0.674593
0.665967
0.662081
0.605514
0.633137
0.62304
0.60106
0.589232
0.593637
0.611263
0.675541
0.701283
0.75947
0.775068
0.776282
0.813165
0.752379
0.644252
0.643641
0.679067
0.557217
0.624033
0.734535
0.719435
0.747773
0.716806
0.72143
0.745962
0.679708
0.672231
0.64974
0.636302
0.515315
0.515873
0.80254
0.800727
0.82107
0.777168
0.776078
0.760881
0.784448
0.753389
0.794742
0.759725
0.756436
0.702119
0.748682
0.655573
0.753185
0.766508
0.763128
0.774742
0.772867
0.759713
0.753305
0.738856
0.721462
0.691223
0.653494
0.708192
0.714238
0.723695
0.615786
0.677243
0.683535
0.724081
0.738864
0.682261
0.572085
0.703676
0.808135
0.693096
0.688647
0.674928
0.664149
0.767098
0.751006
0.671373
0.624179
0.582563
0.585379
0.644439
0.672987
0.66074
0.680002
0.714316
0.600196
0.573836
0.679175
0.702909
0.78682
0.783921
0.531352
0.562568
0.568451
0.512311
0.531217
0.504286
0.605837
0.593384
0.658929
0.668027
0.773155
0.760522
0.669041
0.714032
0.801616
0.613081
0.623052
0.666742
0.610129
0.648773
0.663067
0.735053
0.79372
0.777878
0.696107
0.701965
0.718667
0.576516
0.586498
0.784184
0.739297
0.746105
0.772807
0.805272
0.860416
0.869133
0.730526
0.745201
0.887776
0.754037
0.760842
0.873211
0.88052
0.919745
0.867314
0.761401
0.878659
0.725386
0.880702
0.807663
0.901934
0.771695
0.78309
0.814559
0.865383
0.841472
0.847431
0.790657
0.828114
0.790695
0.824539
0.828488
0.730794
0.749907
0.762573
0.802579
0.77206
0.793584
0.758131
0.776078
0.778949
0.767581
0.721353
0.750302
0.769718
0.750315
0.82814
0.93544
0.73805
0.883535
0.900871
0.893893
0.745462
0.903073
0.898394
0.931422
0.882624
0.81312
0.771349
0.877913
0.816797
0.932202
0.883933
0.9596
0.887098
0.86707
0.942968
0.751797
0.869347
0.811038
0.804596
0.807707
0.820518
0.785632
0.791798
0.784066
0.75736
0.81669
0.740211
0.784471
0.808727
0.818218
0.781108
0.766722
0.758321
0.747761
0.758675
0.831766
0.780234
0.747429
0.732174
0.772972
0.745512
0.722618
0.843072
0.820811
0.763664
0.715402
0.742748
0.728563
0.808679
0.768155
0.825439
0.713968
0.79098
0.75027
0.87139
0.796642
0.808075
0.713954
0.707315
0.814341
0.706864
0.80994
0.776501
0.71568
0.7567
0.72549
0.790098
0.802118
0.717679
0.743999
0.721423
0.821999
0.765035
0.77959
0.74507
0.753136
0.74083
0.821336
0.842593
0.806291
0.867317
0.874968
0.772938
0.802342
0.881073
0.864283
0.853763
0.84101
0.913134
0.89746
0.809972
0.876992
0.790182
0.809906
0.862563
0.868622
0.766966
0.780778
0.876267
0.862266
0.765773
0.860469
0.862069
0.794036
0.79394
0.747358
0.756483
0.902351
0.738138
0.906195
0.877995
0.774419
0.790117
0.899943
0.807887
0.811859
0.842388
0.880898
0.847422
0.882444
0.861409
0.866323
0.845219
0.745954
0.879109
0.871009
0.864747
0.847393
0.854356
0.856685
0.845629
0.845217
0.861544
0.845385
0.808485
0.855307
0.775354
0.850041
0.854988
0.847878
0.846953
0.851041
0.823431
0.841103
0.81075
0.821041
0.805387
0.87436
0.854448
0.854677
0.726637
0.751338
0.748479
0.747864
0.728324
0.714387
0.857931
0.844886
0.820006
0.835292
0.85656
0.878846
0.788083
0.815768
0.783524
0.775459
0.79642
0.817377
0.78614
0.804188
0.799432
0.817537
0.787414
0.848361
0.792281
0.817117
0.810379
0.846254
0.764495
0.799765
0.75824
0.783231
0.843539
0.804504
0.867914
0.775272
0.771101
0.817222
0.825841
0.795576
0.822216
0.772785
0.796598
0.769786
0.814073
0.787805
0.830645
0.849967
0.7593
0.755294
0.8084
0.847916
0.79512
0.874248
0.884895
0.770227
0.869645
0.78881
0.880198
0.841354
0.893243
0.801302
0.834175
0.887364
0.838208
0.835967
0.850603
0.866022
0.938687
0.918596
0.907964
0.952851
0.744186
0.850544
0.8728
0.837401
0.917111
0.903611
0.864954
0.937809
0.866452
0.874238
0.954763
0.760258
0.8316
0.874376
0.886805
0.888738
0.880075
0.976783
0.94997
0.77964
0.768577
0.758042
0.775472
0.770206
0.763862
0.8241
0.807264
0.891124
0.795616
0.73936
0.754097
0.764041
0.751872
0.75792
0.752918
0.78007
0.745415
0.806499
0.799682
0.871739
0.819277
0.756357
0.826098
0.800518
0.8794
0.832422
0.84974
0.828966
0.833385
0.847183
0.864873
0.836489
0.734959
0.73394
0.740201
0.777669
0.908189
0.9219
0.947735
0.842356
0.900126
0.844004
0.873122
0.884579
0.964849
0.867922
0.84361
0.872198
0.846325
0.854724
0.858884
0.784717
0.774624
0.78263
0.737011
0.857995
0.842572
0.90346
0.874739
0.899407
0.852538
0.854244
0.842837
0.826925
0.860948
0.893391
0.885853
0.823343
0.888757
0.884021
0.799117
0.843108
0.792054
0.787413
0.826925
0.833912
0.799108
0.830835
0.787641
0.823053
0.821319
0.831989
0.828341
0.832104
0.829468
0.83573
0.831782
0.834635
0.84565
0.845803
0.849531
0.85885
0.787073
0.86791
0.864051
0.785378
0.780554
0.856843
0.804232
0.858576
0.821372
0.793619
0.81557
0.829489
0.827448
0.822817
0.793762
0.841646
0.751608
0.7242
0.720672
0.720702
0.780541
0.873401
0.866694
0.831816
0.832856
0.864721
0.85478
0.738566
0.783323
0.961107
0.919461
0.924104
0.863252
0.868788
0.88702
0.815065
0.794273
0.834427
0.817949
0.840612
0.838327
0.832534
0.85301
0.84577
0.844979
0.792448
0.808875
0.804292
0.846765
0.842638
0.826659
0.813319
0.815044
0.81482
0.799337
0.797288
0.799607
0.833458
0.844974
0.837135
0.826676
0.799189
0.791795
0.8575
0.824152
0.88325
0.80055
0.791101
0.80853
0.864254
0.783963
0.760795
0.824979
0.821542
0.828237
0.812694
0.824388
0.789117
0.769139
0.778072
0.789646
0.910785
0.895964
0.883606
0.869856
0.854749
0.938821
0.947713
0.930951
0.917535
0.931187
0.978371
0.977512
0.736572
0.725444
0.722791
0.808876
0.816601
0.78805
0.593911
0.616016
0.65733
0.564465
0.630102
0.567801
0.684541
0.664022
0.672965
0.667942
0.652663
0.642342
0.706927
0.629388
0.670837
0.765021
0.783272
0.721448
0.707584
0.704413
0.749634
0.756809
0.7358
0.712763
0.712545
0.683978
0.657969
0.641603
0.798243
0.779091
0.765365
0.758938
0.634962
0.547223
0.69391
0.705667
0.700794
0.711752
0.73
0.497757
0.503416
0.513822
0.461195
0.454178
0.444316
0.434524
0.486917
0.482366
0.479808
0.463664
0.469854
0.456771
0.427806
0.434509
0.472578
0.458645
0.462379
0.471466
0.547372
0.555692
0.528118
0.535847
0.530716
0.506708
0.539162
0.521794
0.516994
0.528844
0.543395
0.521552
0.538655
0.4994
0.464479
0.513672
0.509702
0.477388
0.47156
0.460318
0.447458
0.455128
0.477855
0.478514
0.464539
0.47228
0.468459
0.493764
0.523575
0.540514
0.536735
0.53193
0.485572
0.482881
0.525931
0.492305
0.537153
0.527592
0.535756
0.520779
0.528799
0.514825
0.538491
0.524159
0.518269
0.439045
0.456764
0.451755
0.457661
0.512594
0.532099
0.517989
0.518573
0.533816
0.517729
0.532831
0.481989
0.520445
0.502162
0.489567
0.502042
0.513129
0.48607
0.586309
0.577839
0.561553
0.559938
0.557081
0.568982
0.550964
0.560987
0.565705
0.551202
0.547421
0.537025
0.545788
0.553724
0.524948
0.490694
0.495794
0.484324
0.563477
0.556499
0.562154
0.571042
0.546379
0.569868
0.523493
0.520098
0.513512
0.513815
0.497106
0.561829
0.548252
0.564957
0.559951
0.561988
0.524016
0.561297
0.534715
0.52883
0.529994
0.53095
0.493533
0.485897
0.494515
0.566859
0.564571
0.585088
0.563323
0.542339
0.550354
0.560577
0.569889
0.572242
