# M2_reordered
# Number of vertices: 3527, Number of faces: 7050
# Preprocessing time: 0
# Query time: 0.0164754
0.230141
0.269709
0.167901
0.2855
0.342646
0.324706
0.22334
0.276344
0.289005
0.228114
0.287645
0.210523
0.113738
0.0675188
0.241957
0.374162
0
0.267828
0.193992
0.294723
0.332124
0.278046
0.374257
0.323063
0.403163
0.42478
0.374629
0.348327
0.219181
0.320845
0.319163
0.345412
0.380098
0.379901
0.301198
0.409299
0.308919
0.117824
0.0512807
0.0681733
0.0658337
0.382391
0.364897
0.285079
0.367192
0.333066
0.371204
0.361144
0.209497
0.331063
0.329979
0.360845
0.358283
0.308581
0.169462
0.107492
0.251286
0.203624
0.138196
0.137024
0.0856436
0.0662986
0.0471103
0.33564
0.385512
0.404999
0.319872
0.416458
0.323765
0.472907
0.461441
0.396644
0.412741
0.436842
0.36024
0.323819
0.423503
0.425644
0.440678
0.397369
0.446584
0.425312
0.444507
0.442136
0.368226
0.438408
0.444434
0.262089
0.0306532
0.446202
0.440666
0.439039
0.524958
0.538007
0.583244
0.560941
0.637514
0.702606
0.632001
0.610142
0.699694
0.622879
0.579206
0.594503
0.638588
0.621911
0.615485
0.566583
0.531403
0.507586
0.674619
0.713616
0.727905
0.653654
0.638081
0.657106
0.730013
0.641036
0.596306
0.65101
0.619002
0.598355
0.705326
0.686193
0.672359
0.576668
0.580266
0.68078
0.689567
0.730466
0.677438
0.626818
0.543632
0.750041
0.686632
0.729854
0.659613
0.77746
0.721895
0.599387
0.748604
0.692152
0.670385
0.725347
0.645598
0.659812
0.752501
0.754317
0.539693
0.740843
0.516861
0.609723
0.566002
0.70807
0.62815
0.586754
0.729521
0.700547
0.677131
0.704195
0.648869
0.789858
0.69154
0.768961
0.648143
0.569235
0.831058
0.861006
0.903621
0.790383
0.72442
0.725859
0.770998
0.752068
0.861051
0.85991
0.892554
0.721698
0.782744
0.869602
0.846754
0.902025
0.851795
0.86261
0.836129
0.82827
0.768903
0.746076
0.830431
0.885248
0.781821
0.8107
0.873473
0.816286
0.745621
0.771609
0.727556
0.800889
0.7681
0.832539
0.799089
0.818389
0.840777
0.822441
0.84649
0.830512
0.806544
0.796635
0.72536
0.699609
0.691071
0.641157
0.757619
0.708249
0.429397
0.519148
0.522261
0.46733
0.488267
0.550285
0.53192
0.538714
0.255898
0.266172
0.30361
0.209209
0.249868
0.246536
0.276344
0.313016
0.195415
0.193581
0.231775
0.247665
0.232673
0.13154
0.266432
0.376449
0.107805
0.295322
0.311989
0.256121
0.310379
0.318879
0.291749
0.308927
0.249126
0.291445
0.272277
0.305096
0.170058
0.143427
0.175096
0.0264641
0.0317177
0.348404
0.331664
0.335317
0.238826
0.137175
0.107461
0.146612
0.076111
0.053496
0.328805
0.315491
0.273973
0.258756
0.2319
0.290569
0.174624
0.208432
0.287667
0.394291
0.36029
0.326978
0.327577
0.302684
0.049674
0.0805399
0.0244929
0.0530418
0.0510743
0.0474946
0.124532
0.134277
0.120064
0.329073
0.309123
0.213662
0.321981
0.284266
0.373134
0.349539
0.361056
0.419619
0.311741
0.378856
0.329094
0.417057
0.361679
0.461191
0.386475
0.386218
0.292695
0.310579
0.343131
0.312806
0.325923
0.239965
0.30965
0.346745
0.36771
0.456289
0.382559
0.405801
0.397095
0.360716
0.381497
0.348055
0.325896
0.313207
0.426591
0.302329
0.395718
0.393001
0.410126
0.318025
0.128815
0.085511
0.0936478
0.061449
0.0972454
0.0408551
0.0469308
0.0602584
0.330207
0.282815
0.278553
0.162767
0.127477
0.262682
0.346423
0.349107
0.41076
0.335276
0.424037
0.3306
0.300128
0.315153
0.337434
0.399974
0.406512
0.355183
0.395607
0.371377
0.324385
0.379341
0.351794
0.367563
0.26102
0.282918
0.349915
0.313686
0.331833
0.291437
0.326268
0.333276
0.451144
0.318254
0.387876
0.337932
0.322129
0.302892
0.29367
0.307519
0.243225
0.279969
0.23576
0.20043
0.171973
0.181457
0.138074
0.162413
0.164818
0.390082
0.08752
0.077227
0.0778005
0.0903964
0.0659754
0.0623982
0.0534412
0.0728706
0.0477004
0.055309
0.0592845
0.0171736
0.0264287
0.408906
0.425122
0.338409
0.342973
0.45969
0.403991
0.453209
0.232198
0.282791
0.279115
0.436844
0.39322
0.417046
0.364643
0.331229
0.402166
0.462354
0.429128
0.362137
0.349051
0.389552
0.351561
0.403473
0.422927
0.435133
0.489201
0.483508
0.464922
0.482622
0.443801
0.467266
0.397227
0.446897
0.460675
0.323639
0.44999
0.470707
0.316816
0.358984
0.450914
0.435643
0.395639
0.442455
0.399775
0.38105
0.370285
0.445641
0.31846
0.494417
0.387639
0.396613
0.367265
0.399298
0.447647
0.405525
0.400253
0.374701
0.361887
0.344563
0.405816
0.46873
0.462116
0.444429
0.509052
0.429929
0.484034
0.482205
0.513091
0.490697
0.486663
0.459818
0.457687
0.463427
0.493705
0.417016
0.333767
0.291083
0.0675867
0.0503435
0.368845
0.438694
0.261202
0.33512
0.384848
0.427577
0.439814
0.538571
0.570242
0.678825
0.701239
0.568337
0.530159
0.551606
0.656404
0.585154
0.61179
0.647113
0.624685
0.698559
0.55498
0.552999
0.656588
0.605667
0.633126
0.607844
0.675235
0.617771
0.543896
0.559961
0.653583
0.635367
0.589177
0.54998
0.516459
0.682433
0.652648
0.635613
0.619018
0.703441
0.566481
0.603731
0.585328
0.66043
0.585893
0.661088
0.631741
0.65588
0.590005
0.688596
0.663732
0.594132
0.602354
0.516863
0.513128
0.586819
0.575878
0.641491
0.605738
0.624208
0.766617
0.602858
0.526024
0.525441
0.578585
0.574463
0.63703
0.632434
0.67055
0.662162
0.631079
0.730978
0.698428
0.674568
0.659185
0.705821
0.677457
0.734129
0.67924
0.665275
0.619389
0.675225
0.774846
0.650259
0.676483
0.681514
0.696235
0.747082
0.744389
0.689675
0.707476
0.623025
0.492737
0.558517
0.760572
0.7145
0.765293
0.630064
0.686351
0.694933
0.590039
0.709651
0.781212
0.601445
0.556496
0.523974
0.569366
0.543832
0.695993
0.784006
0.672584
0.728654
0.758688
0.668054
0.553489
0.577483
0.654671
0.662929
0.564134
0.55198
0.572713
0.496955
0.650685
0.576717
0.587894
0.555935
0.627151
0.754842
0.577939
0.664518
0.627878
0.671613
0.649045
0.674681
0.696756
0.701022
0.725573
0.60652
0.545669
0.595291
0.718493
0.6948
0.666892
0.640565
0.653628
0.665861
0.746709
0.791915
0.68843
0.768059
0.717992
0.669535
0.643673
0.606866
0.764915
0.744013
0.718917
0.721355
0.669191
0.672378
0.641076
0.782552
0.654363
0.645357
0.758504
0.663467
0.696378
0.724784
0.793376
0.777069
0.773209
0.72836
0.721576
0.641227
0.71296
0.675701
0.660476
0.65466
0.717978
0.743029
0.717026
0.723664
0.68756
0.728644
0.760205
0.742689
0.731304
0.663668
0.638803
0.654267
0.652854
0.676514
0.697104
0.799329
0.575525
0.591504
0.722938
0.577802
0.546969
0.572096
0.6435
0.783248
0.635786
0.657236
0.588689
0.614533
0.72182
0.72853
0.752488
0.561168
0.623422
0.62163
0.646865
0.740254
0.723335
0.793473
0.704673
0.675534
0.715363
0.671194
0.615791
0.676353
0.687055
0.694808
0.792848
0.662878
0.649492
0.619181
0.609118
0.661127
0.665637
0.721593
0.754901
0.641765
0.661053
0.618313
0.731277
0.713389
0.635527
0.581364
0.873908
0.875409
0.847776
0.8664
0.742587
0.823492
0.833856
0.849985
0.830566
0.721787
0.751387
0.733687
0.740383
0.738189
0.746935
0.726367
0.818915
0.923369
0.861168
0.739708
0.765862
0.832595
0.730991
0.764174
0.72182
0.808347
0.726931
0.769219
0.736727
0.809608
0.844446
0.781223
0.802017
0.850433
0.83409
0.788599
0.73651
0.870791
0.869091
0.815977
0.857182
0.796998
0.825434
0.822405
0.823779
0.879668
0.772701
0.727608
0.793078
0.779186
0.843263
0.781988
0.800238
0.794749
0.82133
0.770509
0.847137
0.806094
0.854451
0.86625
0.882275
0.712643
0.848314
0.892663
0.837097
0.896398
0.85337
0.957379
0.805206
0.750071
0.756462
0.727417
0.718011
0.817075
0.850042
0.746433
0.906895
0.818108
0.845048
0.959449
0.872139
0.844031
0.892229
0.841995
0.852863
0.819676
0.831367
0.815257
0.842936
0.794071
0.796962
0.818148
0.829365
0.829357
0.807523
0.7878
0.859297
0.912447
0.929636
0.874607
0.793807
0.787848
0.839123
0.809887
0.843565
0.785231
0.805758
0.800407
0.837712
0.781418
0.844237
0.761013
0.794814
0.770421
0.784532
0.770912
0.867302
0.854806
0.932279
0.935871
0.916102
0.901643
0.709574
0.785884
0.590059
0.626137
0.561189
0.590334
0.64445
0.659856
0.6669
0.691511
0.617047
0.72059
0.699919
0.438265
0.43823
0.471199
0.523129
0.464798
0.490597
0.51949
0.523777
0.495109
0.480274
0.509895
0.486728
0.491047
0.510101
0.436139
0.51005
0.549782
0.500974
0.568648
0.584744
0.565051
0.545551
0.557286
0.565409
0.552622
0.522094
0.530977
0.565148
0.542909
0.54676
0.227696
0.276449
0.219044
0.280264
0.273805
0.236658
0.208662
0.220918
0.235033
0.202746
0.244263
0.283431
0.262346
0.278586
0.26637
0.264867
0.260615
0.28196
0.283419
0.270916
0.274628
0.269831
0.266387
0.228077
0.197936
0.186126
0.215401
0.207267
0.23676
0.199793
0.195169
0.191008
0.299882
0.322664
0.200609
0.243627
0.322505
0.289951
0.182935
0.303832
0.318974
0.245709
0.240097
0.260255
0.14472
0.239373
0.272438
0.211915
0.236291
0.280146
0.248313
0.27242
0.258448
0.30956
0.372791
0.203319
0.150953
0.121502
0.11314
0.093751
0.328311
0.364847
0.33458
0.292081
0.358024
0.303782
0.307466
0.317242
0.259178
0.180196
0.266575
0.34857
0.338547
0.301648
0.281399
0.197548
0.298295
0.314402
0.317071
0.32025
0.330528
0.350643
0.370013
0.288763
0.30854
0.311762
0.310644
0.420309
0.312868
0.296166
0.294018
0.301208
0.29547
0.276804
0.339533
0.318964
0.31118
0.23109
0.315719
0.304518
0.309484
0.307944
0.311172
0.298603
0.286712
0.300936
0.300514
0.292003
0.296728
0.244574
0.233165
0.296888
0.232405
0.215627
0.259774
0.255633
0.293097
0.297474
0.211954
0.214991
0.236825
0.423433
0.39757
0.422971
0.396467
0.42509
0.402039
0.398738
0.411578
0.388094
0.397523
0.424979
0.294434
0.278474
0.19657
0.32787
0.291852
0.264388
0.236537
0.173116
0.181185
0.18522
0.161309
0.176477
0.202042
0.18719
0.154523
0.16907
0.164469
0.149488
0.380718
0.0798797
0.0726555
0.0204444
0.354585
0.34292
0.348326
0.288771
0.216715
0.206893
0.173807
0.291226
0.330457
0.321937
0.163271
0.161588
0.157639
0.323278
0.154008
0.273849
0.140749
0.298841
0.131617
0.126308
0.115764
0.118375
0.138283
0.288748
0.28813
0.300494
0.303966
0.0882677
0.085759
0.318448
0.0796915
0.341663
0.0809456
0.0784109
0.364831
0.0582105
0.062281
0.0562306
0.335547
0.299403
0.319505
0.294197
0.319531
0.310734
0.289025
0.294722
0.292171
0.266815
0.256031
0.267062
0.332668
0.317502
0.256973
0.272416
0.112323
0.26558
0.191049
0.29027
0.224343
0.183779
0.252169
0.230506
0.217168
0.183069
0.264585
0.285615
0.191424
0.261938
0.247897
0.218508
0.322125
0.387031
0.384028
0.387525
0.434908
0.404084
0.405685
0.369336
0.359754
0.3536
0.337669
0.373989
0.351144
0.360865
0.380814
0.309614
0.297817
0.16052
0.194565
0.183854
0.225506
0.242027
0.212914
0.206963
0.0695882
0.0707297
0.064594
0.0514115
0.0722961
0.0778208
0.0930658
0.0281972
0.153989
0.133861
0.137686
0.127966
0.12037
0.137056
0.105644
0.111969
0.13169
0.101593
0.0858642
0.155201
0.340949
0.353476
0.389819
0.339505
0.352266
0.311211
0.312221
0.304676
0.311399
0.307068
0.295257
0.316326
0.256955
0.318861
0.303709
0.329326
0.333171
0.243683
0.30992
0.310383
0.266156
0.31286
0.271145
0.359816
0.202343
0.186964
0.361174
0.339308
0.372836
0.35044
0.348207
0.307932
0.29798
0.287528
0.332466
0.29337
0.291222
0.325956
0.369297
0.365705
0.335256
0.28917
0.35573
0.343531
0.337496
0.359689
0.36957
0.321066
0.317609
0.309777
0.303029
0.448536
0.425855
0.434762
0.428516
0.38362
0.399627
0.447271
0.414893
0.395785
0.450018
0.329388
0.346339
0.371861
0.434959
0.339663
0.337199
0.44835
0.432169
0.442458
0.349551
0.361353
0.41361
0.374895
0.447497
0.391456
0.459859
0.438369
0.399164
0.377287
0.383655
0.423449
0.394057
0.386829
0.302932
0.290069
0.300767
0.317367
0.368374
0.364751
0.357235
0.382332
0.353123
0.306998
0.295301
0.260742
0.240618
0.343726
0.309397
0.253316
0.24466
0.240449
0.29779
0.20273
0.258955
0.324506
0.418168
0.332984
0.445267
0.381132
0.333143
0.342788
0.356182
0.384365
0.401223
0.413744
0.425264
0.407675
0.44345
0.35983
0.405121
0.379646
0.39842
0.364336
0.362317
0.36612
0.380221
0.372241
0.430378
0.374233
0.399088
0.298404
0.365951
0.354786
0.359263
0.367562
0.365652
0.349099
0.352287
0.344941
0.377132
0.397545
0.36398
0.356512
0.341306
0.333113
0.384885
0.414041
0.399111
0.309149
0.452286
0.441305
0.414645
0.404955
0.423792
0.425999
0.395298
0.40162
0.412927
0.412614
0.340619
0.330914
0.327684
0.325699
0.31664
0.312788
0.315908
0.309202
0.3108
0.323586
0.318963
0.296037
0.300234
0.30165
0.296039
0.301345
0.222001
0.176543
0.176982
0.297894
0.15888
0.140937
0.13905
0.120572
0.1206
0.144633
0.114864
0.121807
0.109808
0.102515
0.0743645
0.0632244
0.0608402
0.0515853
0.0806589
0.0702374
0.0659814
0.043278
0.0657522
0.0826048
0.0712321
0.0537489
0.0411276
0.0562748
0.0489752
0.0452803
0.0550486
0.0354993
0.0399001
0.034616
0.0462808
0.0274326
0.0406099
0.0468182
0.0573972
0.0415856
0.056713
0.0740258
0.0568466
0.0692516
0.0577464
0.291858
0.280554
0.405851
0.260808
0.349337
0.33909
0.250807
0.366637
0.179653
0.0100932
0.213569
0.245552
0.195826
0.256668
0.402266
0.382607
0.415868
0.404782
0.319872
0.342163
0.388149
0.31773
0.365794
0.284546
0.278283
0.422028
0.385159
0.433868
0.399255
0.412985
0.418285
0.41478
0.363005
0.380851
0.334464
0.331361
0.32095
0.335753
0.295602
0.303735
0.416609
0.354575
0.349404
0.3798
0.332868
0.405423
0.318788
0.405849
0.300477
0.407572
0.365723
0.389285
0.377478
0.368914
0.364058
0.357952
0.310558
0.295863
0.329123
0.336715
0.378447
0.394035
0.347233
0.363201
0.386404
0.362323
0.307142
0.336632
0.317412
0.377394
0.372189
0.375697
0.359713
0.367113
0.297123
0.372373
0.349066
0.237901
0.368919
0.330849
0.367542
0.33146
0.29483
0.323041
0.274921
0.347859
0.234343
0.35487
0.353906
0.183684
0.332217
0.305129
0.350665
0.25063
0.342402
0.289795
0.325958
0.342555
0.339867
0.277565
0.256218
0.301808
0.333225
0.332933
0.330018
0.329318
0.282531
0.325784
0.32202
0.326116
0.430395
0.322592
0.405547
0.447929
0.37466
0.367005
0.369341
0.360507
0.38451
0.313924
0.336842
0.335702
0.334348
0.332674
0.331496
0.33177
0.327775
0.307565
0.305676
0.296301
0.292939
0.289703
0.25462
0.253723
0.315874
0.318886
0.31106
0.286893
0.260063
0.232291
0.283857
0.20665
0.240667
0.216644
0.177998
0.12572
0.141218
0.179557
0.14234
0.134254
0.234978
0.122293
0.100441
0.254329
0.103582
0.142726
0.0952324
0.101054
0.151917
0.0909847
0.0859166
0.305557
0.300984
0.239372
0.242268
0.237619
0.227971
0.225299
0.21484
0.218178
0.2082
0.205663
0.177959
0.186307
0.187483
0.17383
0.165668
0.161328
0.179032
0.164867
0.159331
0.16425
0.166209
0.160438
0.163501
0.145572
0.1319
0.384321
0.151673
0.341525
0.380615
0.372649
0.378947
0.0899712
0.078615
0.0785509
0.0765726
0.0681957
0.0636758
0.0849363
0.0617272
0.0444563
0.0756897
0.0429053
0.0434435
0.0333683
0.0938699
0.0313132
0.0216102
0.0214685
0.0382406
0.0430683
0.0340149
0.0397463
0.0194569
0.0533412
0.0297399
0.0346959
0.0671449
0.0710431
0.381691
0.391766
0.395827
0.357078
0.445089
0.358687
0.341307
0.344575
0.365801
0.366675
0.270776
0.40559
0.419331
0.403912
0.391646
0.399442
0.387074
0.378356
0.34987
0.46246
0.36686
0.44406
0.452295
0.436859
0.372908
0.447994
0.366314
0.380588
0.397326
0.351425
0.368555
0.344974
0.364083
0.233643
0.237971
0.270005
0.313571
0.285231
0.292409
0.411728
0.401025
0.439612
0.410289
0.305294
0.315522
0.373513
0.396654
0.419672
0.316658
0.405877
0.322942
0.342229
0.388552
0.455403
0.372154
0.420005
0.448838
0.422438
0.449347
0.374803
0.446825
0.375568
0.339239
0.348854
0.395067
0.370864
0.4453
0.428873
0.337237
0.377937
0.40579
0.349158
0.364566
0.432999
0.385201
0.332512
0.327262
0.423539
0.420649
0.401646
0.394237
0.403209
0.428379
0.421231
0.412309
0.429972
0.437632
0.474547
0.50337
0.465782
0.419886
0.474351
0.422181
0.454008
0.449233
0.413996
0.390135
0.465872
0.410203
0.452054
0.490946
0.462024
0.456551
0.451934
0.416259
0.425742
0.423845
0.484814
0.496369
0.456281
0.476618
0.363699
0.482395
0.377482
0.486227
0.458235
0.454359
0.374717
0.416432
0.448594
0.392893
0.381653
0.357497
0.459265
0.422312
0.373652
0.449232
0.45113
0.437429
0.360363
0.354965
0.358409
0.341405
0.341568
0.334353
0.334996
0.469901
0.449813
0.439358
0.431645
0.40504
0.409004
0.438807
0.46328
0.446024
0.456554
0.492286
0.483926
0.48679
0.453708
0.473571
0.45109
0.399261
0.411671
0.404309
0.387278
0.40773
0.360774
0.353113
0.384943
0.408182
0.376133
0.341603
0.369174
0.377203
0.478427
0.470064
0.393978
0.37571
0.354777
0.37273
0.447676
0.431468
0.411577
0.402018
0.40485
0.462995
0.438339
0.419465
0.399532
0.400983
0.460643
0.444139
0.445772
0.416943
0.399648
0.430762
0.410864
0.431342
0.380041
0.369482
0.406326
0.386106
0.412636
0.422391
0.395683
0.414557
0.399599
0.375381
0.352378
0.40421
0.333401
0.450977
0.43378
0.405401
0.408696
0.454275
0.444355
0.42847
0.415325
0.421484
0.446103
0.475652
0.420581
0.32192
0.499272
0.493498
0.451496
0.458973
0.453338
0.476465
0.431854
0.456944
0.443728
0.42174
0.457597
0.401095
0.406925
0.399118
0.422206
0.309757
0.415381
0.390192
0.410427
0.362669
0.415128
0.372178
0.380634
0.448274
0.436443
0.440434
0.447351
0.458175
0.416776
0.434656
0.384695
0.436899
0.488036
0.479259
0.478089
0.444828
0.440236
0.43661
0.43518
0.432107
0.422779
0.404813
0.406295
0.400782
0.387442
0.380015
0.378653
0.367709
0.367797
0.367515
0.345661
0.34184
0.338718
0.312995
0.460769
0.413893
0.423784
0.39827
0.45681
0.450917
0.429592
0.43327
0.439417
0.445165
0.449765
0.456029
0.451718
0.506253
0.51159
0.491088
0.486925
0.478661
0.472311
0.480533
0.429105
0.497543
0.496747
0.488699
0.478369
0.495917
0.492202
0.46066
0.467969
0.443615
0.453523
0.470223
0.474182
0.493265
0.514007
0.496681
0.475285
0.427836
0.466238
0.475346
0.47036
0.477336
0.453355
0.485204
0.362045
0.311628
0.333112
0.487293
0.383248
0.420902
0.317336
0.325646
0.32302
0.321892
0.276349
0.277825
0.364033
0.417454
0.39289
0.379891
0.0718876
0.0727526
0.0897522
0.0295637
0.0235181
0.0350344
0.0443624
0.0539092
0.107372
0.0947678
0.0659288
0.0586545
0.155528
0.341014
0.362219
0.354183
0.26778
0.266917
0.27326
0.266658
0.265601
0.314599
0.33626
0.416834
0.425458
0.451941
0.450449
0.45081
0.464296
0.452118
0.398879
0.395039
0.451229
0.424093
0.33374
0.515771
0.576719
0.580766
0.587629
0.537253
0.551217
0.55008
0.533093
0.576431
0.600773
0.571614
0.566662
0.567818
0.565304
0.539199
0.639502
0.637039
0.64488
0.679617
0.57376
0.587668
0.559499
0.555906
0.574708
0.53735
0.556477
0.569781
0.562888
0.578476
0.576825
0.548716
0.524253
0.542591
0.699476
0.543086
0.669634
0.550893
0.692588
0.610541
0.562366
0.620595
0.578948
0.615566
0.668841
0.680794
0.624687
0.596933
0.561956
0.560054
0.56949
0.680269
0.701671
0.614535
0.618438
0.637025
0.686593
0.606219
0.670339
0.696503
0.600807
0.630285
0.692295
0.612178
0.665966
0.625338
0.612732
0.687668
0.620055
0.61798
0.656326
0.637538
0.667261
0.677827
0.689057
0.535622
0.535804
0.539631
0.533569
0.555532
0.55524
0.577842
0.699085
0.685446
0.63205
0.593253
0.593952
0.621456
0.605184
0.678762
0.61513
0.694007
0.678538
0.651922
0.629166
0.611466
0.623394
0.616744
0.657831
0.692024
0.6928
0.601106
0.603023
0.62279
0.695231
0.631513
0.52922
0.568279
0.559573
0.700993
0.696349
0.619802
0.611082
0.631738
0.704013
0.551937
0.57206
0.562087
0.620002
0.618497
0.596254
0.651445
0.601806
0.648513
0.586941
0.577754
0.607146
0.560237
0.560852
0.703372
0.68392
0.670258
0.616944
0.569115
0.591573
0.608533
0.618139
0.622147
0.639869
0.565468
0.579028
0.696304
0.676583
0.5758
0.693196
0.651647
0.625814
0.569277
0.583273
0.579799
0.680925
0.672943
0.615562
0.684418
0.59357
0.641548
0.589151
0.657862
0.658019
0.685867
0.663904
0.69634
0.604064
0.59648
0.614859
0.678352
0.671572
0.693163
0.6267
0.602692
0.605486
0.729945
0.651148
0.586008
0.628097
0.647291
0.63584
0.616101
0.603762
0.597458
0.609816
0.612654
0.615943
0.582613
0.630845
0.722274
0.62245
0.604564
0.604295
0.688152
0.655432
0.657894
0.665372
0.645235
0.611884
0.659807
0.63516
0.633937
0.638138
0.668155
0.591593
0.631684
0.534125
0.54666
0.539659
0.548645
0.571748
0.590342
0.583276
0.562952
0.716346
0.648236
0.651104
0.739387
0.622352
0.595696
0.593791
0.579552
0.576777
0.588657
0.620364
0.609074
0.574861
0.601241
0.603938
0.547746
0.563092
0.675939
0.680978
0.588968
0.581147
0.576095
0.51249
0.504934
0.519855
0.600569
0.575876
0.601739
0.5725
0.578319
0.591022
0.688804
0.672097
0.730259
0.694218
0.562854
0.595108
0.567007
0.608573
0.58813
0.657448
0.594175
0.673349
0.661491
0.661443
0.631049
0.625566
0.616669
0.608107
0.597214
0.765947
0.653822
0.637497
0.638459
0.623877
0.586238
0.612821
0.569116
0.568038
0.551621
0.570572
0.784877
0.5844
0.583829
0.725587
0.705993
0.693959
0.66989
0.784357
0.741501
0.739761
0.709568
0.671147
0.744353
0.744114
0.708451
0.652373
0.72032
0.703149
0.659571
0.645954
0.664835
0.637018
0.63156
0.636589
0.642273
0.672575
0.652486
0.665719
0.670748
0.631104
0.633693
0.701289
0.692531
0.726831
0.701481
0.662331
0.658355
0.674795
0.63179
0.646834
0.727414
0.64671
0.689037
0.696083
0.666041
0.727628
0.620191
0.715416
0.726433
0.715636
0.723774
0.747134
0.757201
0.726368
0.714896
0.686949
0.7081
0.680684
0.673346
0.648154
0.648291
0.625876
0.71396
0.603923
0.616461
0.646075
0.620312
0.600172
0.69524
0.622286
0.638345
0.606443
0.685588
0.601614
0.627529
0.771018
0.761975
0.5553
0.56233
0.570151
0.537383
0.578226
0.564869
0.771209
0.78207
0.758307
0.776712
0.783658
0.75841
0.733638
0.747947
0.722269
0.768335
0.787253
0.742092
0.682482
0.703458
0.697033
0.688169
0.66797
0.631223
0.644814
0.639531
0.610049
0.611262
0.644322
0.614171
0.666289
0.711799
0.727655
0.585291
0.625082
0.761535
0.740059
0.556407
0.554329
0.680773
0.621096
0.630778
0.595297
0.610256
0.604184
0.61196
0.64181
0.631306
0.599206
0.622168
0.592749
0.610989
0.636615
0.590852
0.616046
0.621393
0.547097
0.642992
0.61093
0.593847
0.620287
0.60401
0.521671
0.575401
0.544955
0.585734
0.596756
0.581475
0.604398
0.560743
0.554202
0.620157
0.606223
0.604917
0.553226
0.51654
0.511565
0.579128
0.520792
0.555376
0.51242
0.504915
0.526428
0.799408
0.805749
0.779206
0.758636
0.772975
0.620833
0.625082
0.615858
0.634891
0.614914
0.608929
0.600494
0.635652
0.612025
0.640427
0.60316
0.612019
0.596747
0.614368
0.637682
0.794865
0.781802
0.688411
0.699813
0.693366
0.711542
0.683797
0.676359
0.738131
0.703441
0.685492
0.695228
0.669719
0.637843
0.572506
0.570986
0.586158
0.580959
0.656703
0.566903
0.551277
0.742575
0.725213
0.564235
0.549794
0.553363
0.536267
0.524183
0.531366
0.524568
0.505758
0.567601
0.613009
0.577957
0.545984
0.581581
0.597901
0.620697
0.554469
0.62009
0.545481
0.547025
0.554275
0.776056
0.740811
0.734271
0.723121
0.675803
0.57602
0.604186
0.640634
0.647871
0.614284
0.611111
0.681393
0.622565
0.613933
0.681012
0.614784
0.672245
0.711603
0.66774
0.699102
0.686332
0.629935
0.684062
0.661262
0.69247
0.703535
0.701142
0.650536
0.675501
0.671997
0.682412
0.670524
0.67257
0.683223
0.678394
0.685902
0.686625
0.695538
0.719294
0.709449
0.670343
0.720524
0.755132
0.741268
0.726728
0.610626
0.594664
0.658299
0.711907
0.575578
0.589063
0.55731
0.542483
0.565641
0.56354
0.77448
0.681934
0.699271
0.675391
0.723044
0.683967
0.731
0.726673
0.682046
0.681045
0.65099
0.700815
0.664235
0.685392
0.626961
0.645559
0.636276
0.653017
0.626361
0.65172
0.640908
0.619549
0.68677
0.621397
0.670949
0.600369
0.701362
0.734187
0.632917
0.531018
0.519765
0.803625
0.754503
0.779983
0.765513
0.688297
0.711067
0.772844
0.680709
0.747686
0.673218
0.735139
0.674957
0.672539
0.665705
0.749142
0.768696
0.77111
0.664918
0.65929
0.671831
0.660679
0.648366
0.658381
0.637829
0.659596
0.639659
0.650125
0.659258
0.629536
0.627891
0.624213
0.627422
0.617739
0.614196
0.607326
0.654869
0.802308
0.735826
0.74734
0.599949
0.810375
0.787599
0.781719
0.768372
0.761658
0.768145
0.748759
0.749265
0.744754
0.730692
0.674894
0.717992
0.669242
0.718804
0.716651
0.70386
0.698497
0.664536
0.673928
0.657568
0.631265
0.681597
0.700613
0.655425
0.647085
0.666483
0.690052
0.638293
0.671376
0.602929
0.764315
0.773118
0.592815
0.616263
0.623897
0.651094
0.730394
0.656209
0.629376
0.669956
0.529022
0.697693
0.698371
0.688571
0.796575
0.733911
0.776397
0.772279
0.711698
0.792764
0.777459
0.703989
0.783425
0.704146
0.75421
0.673701
0.665092
0.699963
0.752995
0.747373
0.695001
0.620914
0.745501
0.664305
0.640442
0.632478
0.777431
0.699212
0.710941
0.718346
0.680122
0.759485
0.727061
0.752994
0.707631
0.70621
0.70547
0.718346
0.710528
0.666969
0.718373
0.731732
0.722433
0.726651
0.724061
0.730935
0.739479
0.721622
0.736611
0.724226
0.735049
0.726909
0.745524
0.750264
0.733349
0.73947
0.735709
0.762574
0.750943
0.751843
0.758253
0.758985
0.781739
0.790719
0.804346
0.751414
0.797335
0.803985
0.783883
0.657326
0.660872
0.663895
0.663162
0.662279
0.645291
0.648364
0.667646
0.672843
0.648734
0.638722
0.682787
0.684807
0.691809
0.682026
0.673511
0.68785
0.665772
0.692918
0.678437
0.705501
0.715941
0.666165
0.777318
0.763678
0.747319
0.736174
0.581813
0.560934
0.712333
0.531768
0.722365
0.727573
0.728313
0.501732
0.506647
0.716259
0.764267
0.60279
0.592762
0.5759
0.569407
0.536616
0.705583
0.501452
0.607316
0.693477
0.704109
0.589324
0.720279
0.728315
0.649701
0.637408
0.646956
0.641301
0.570752
0.778519
0.788967
0.642978
0.624266
0.677438
0.670448
0.665018
0.663017
0.655703
0.650632
0.595913
0.62299
0.613026
0.590967
0.578839
0.584568
0.600917
0.660474
0.690107
0.745892
0.761781
0.761526
0.799538
0.739679
0.631111
0.633441
0.669006
0.547468
0.612512
0.715738
0.705278
0.728946
0.704187
0.708546
0.731722
0.665515
0.659553
0.636815
0.623204
0.506552
0.505823
0.790123
0.788117
0.807864
0.764631
0.763754
0.74867
0.771548
0.740907
0.782462
0.747457
0.744163
0.690968
0.737177
0.644389
0.741612
0.75472
0.750623
0.761822
0.759659
0.74575
0.739475
0.724836
0.707211
0.680236
0.639858
0.698263
0.703328
0.712155
0.605189
0.667125
0.670653
0.711596
0.726189
0.668313
0.558937
0.690522
0.795522
0.67894
0.674665
0.663328
0.653471
0.754018
0.737919
0.660869
0.612942
0.572361
0.571463
0.629627
0.658109
0.646296
0.665037
0.699645
0.587499
0.560756
0.662237
0.692802
0.776501
0.772098
0.522014
0.553985
0.559636
0.504058
0.522405
0.495997
0.596106
0.584199
0.64943
0.656325
0.759494
0.747916
0.654772
0.701882
0.788618
0.598976
0.608725
0.654803
0.598999
0.635065
0.649583
0.718734
0.779637
0.764391
0.684748
0.687194
0.705839
0.562787
0.575694
0.770035
0.729266
0.733631
0.759933
0.791891
0.846236
0.853274
0.71616
0.734941
0.871565
0.741509
0.748429
0.857262
0.866219
0.903695
0.851917
0.748778
0.863076
0.713949
0.864596
0.794461
0.886659
0.760076
0.77111
0.80029
0.848694
0.824751
0.833152
0.778952
0.81365
0.777406
0.812096
0.81367
0.719104
0.737408
0.749443
0.787284
0.757986
0.778564
0.744057
0.762244
0.764497
0.753123
0.706633
0.735963
0.75522
0.738056
0.812366
0.916505
0.726394
0.867439
0.88562
0.877707
0.732558
0.888067
0.883662
0.915398
0.865568
0.802196
0.757501
0.862514
0.803214
0.913222
0.865664
0.943529
0.871899
0.853837
0.927513
0.7379
0.855088
0.786744
0.791063
0.794123
0.806831
0.772099
0.778205
0.770532
0.74422
0.801621
0.729625
0.77082
0.794747
0.806822
0.76624
0.753524
0.746336
0.737196
0.747095
0.817068
0.766817
0.735342
0.71968
0.759595
0.733423
0.70952
0.827124
0.805049
0.750424
0.705519
0.730417
0.717228
0.792994
0.755764
0.809743
0.702678
0.77728
0.740319
0.855451
0.785423
0.795937
0.702529
0.696157
0.803373
0.694903
0.798832
0.764802
0.702322
0.74472
0.713198
0.778487
0.790478
0.704216
0.731235
0.707961
0.809735
0.752716
0.766538
0.732082
0.739318
0.728218
0.809823
0.829987
0.792968
0.854985
0.86245
0.759075
0.788667
0.870798
0.852443
0.839148
0.825324
0.894678
0.878655
0.794605
0.856807
0.775597
0.794775
0.84607
0.85241
0.753342
0.767014
0.858388
0.842732
0.751808
0.844552
0.847517
0.779022
0.779576
0.735651
0.746091
0.883523
0.726701
0.889517
0.86106
0.758318
0.774175
0.886752
0.795504
0.799476
0.827694
0.863932
0.830216
0.864912
0.84424
0.849266
0.828488
0.734843
0.866904
0.855473
0.848016
0.830844
0.836815
0.840109
0.82915
0.828929
0.84725
0.829886
0.792545
0.837775
0.763657
0.835696
0.839286
0.832893
0.830731
0.833515
0.808491
0.82556
0.794639
0.80421
0.794464
0.857947
0.839419
0.838272
0.716093
0.737749
0.733903
0.735473
0.716396
0.704041
0.841152
0.82816
0.806842
0.818808
0.842701
0.864733
0.775765
0.802329
0.769626
0.763142
0.781954
0.80382
0.772617
0.788854
0.786294
0.802769
0.77201
0.835453
0.779474
0.801716
0.796136
0.827145
0.749184
0.783812
0.743503
0.767854
0.826246
0.7886
0.851666
0.760285
0.755659
0.800522
0.814082
0.780472
0.807604
0.758235
0.781611
0.755876
0.798773
0.773379
0.81477
0.83437
0.746298
0.742804
0.794733
0.831792
0.782223
0.86242
0.872051
0.758641
0.855913
0.77706
0.868419
0.827213
0.879991
0.788286
0.821568
0.874087
0.822794
0.820113
0.833671
0.849507
0.919301
0.900944
0.891401
0.933465
0.731739
0.835303
0.856705
0.822967
0.902698
0.889133
0.849774
0.922517
0.85215
0.858027
0.938884
0.747766
0.815756
0.857638
0.870503
0.873142
0.863936
0.960725
0.933912
0.765742
0.754674
0.745706
0.762999
0.758593
0.75164
0.810627
0.791395
0.878633
0.781159
0.726363
0.739487
0.748903
0.736645
0.742587
0.737889
0.764937
0.731238
0.791079
0.783749
0.859074
0.803687
0.742946
0.811814
0.788687
0.866829
0.817188
0.832579
0.813506
0.819211
0.832717
0.850232
0.823317
0.724708
0.71981
0.72952
0.763832
0.892974
0.906818
0.932527
0.828167
0.885081
0.830487
0.858538
0.869995
0.948274
0.854704
0.827797
0.855987
0.829681
0.838456
0.843696
0.771199
0.763286
0.769059
0.72452
0.841792
0.826791
0.890203
0.861683
0.887878
0.836694
0.841744
0.826881
0.813595
0.848535
0.880514
0.873187
0.808022
0.8759
0.871196
0.787417
0.830327
0.780355
0.775802
0.81401
0.821628
0.78721
0.818559
0.774628
0.807156
0.805569
0.815186
0.812253
0.814953
0.816848
0.818986
0.820308
0.821175
0.831848
0.828865
0.835673
0.844362
0.776452
0.85358
0.849347
0.773103
0.769132
0.841185
0.790921
0.843243
0.804393
0.781005
0.797369
0.812546
0.811833
0.8114
0.782065
0.82641
0.739117
0.713159
0.710287
0.710303
0.765253
0.860405
0.854055
0.816296
0.820471
0.852989
0.842116
0.725522
0.768922
0.944847
0.904465
0.909476
0.84918
0.854487
0.872718
0.801156
0.781232
0.820299
0.803859
0.827409
0.823818
0.818256
0.838644
0.831492
0.830611
0.780163
0.792848
0.788346
0.833845
0.823574
0.81501
0.802698
0.803526
0.803275
0.788708
0.78588
0.787996
0.818071
0.827806
0.825478
0.810203
0.783769
0.775954
0.840617
0.808339
0.866769
0.789758
0.778716
0.796147
0.846889
0.769908
0.746907
0.812684
0.806901
0.81531
0.797891
0.812303
0.776289
0.756429
0.765177
0.7765
0.894132
0.879586
0.867296
0.853645
0.838538
0.92013
0.929498
0.914053
0.901155
0.913127
0.957729
0.958471
0.723069
0.712035
0.709675
0.795249
0.802717
0.772658
0.583971
0.605887
0.646173
0.554486
0.619283
0.556648
0.673863
0.653141
0.661468
0.656176
0.641997
0.632165
0.695541
0.617717
0.656687
0.754155
0.772087
0.707394
0.692788
0.691172
0.734234
0.74425
0.721199
0.700546
0.700278
0.673776
0.647422
0.630567
0.782456
0.763928
0.75394
0.747513
0.620261
0.537461
0.678614
0.690511
0.68654
0.697498
0.714776
0.485894
0.491864
0.505594
0.451197
0.44419
0.434403
0.424857
0.479417
0.474842
0.471871
0.456058
0.461718
0.448877
0.420927
0.424905
0.464539
0.450983
0.452738
0.463557
0.540485
0.547921
0.518282
0.527934
0.518185
0.494727
0.526563
0.511554
0.507223
0.520157
0.5358
0.513635
0.533646
0.49097
0.4544
0.50707
0.499581
0.468842
0.463769
0.452501
0.439208
0.447473
0.469495
0.469143
0.456222
0.463338
0.459724
0.483752
0.512543
0.534676
0.531599
0.527207
0.476487
0.47268
0.517507
0.484165
0.527996
0.519124
0.524332
0.508798
0.520949
0.506599
0.532827
0.520265
0.514449
0.431351
0.44874
0.443449
0.449178
0.505366
0.52605
0.513433
0.507546
0.52891
0.512751
0.525493
0.472337
0.512305
0.492288
0.47903
0.491965
0.50164
0.477013
0.57601
0.570112
0.553537
0.552371
0.549212
0.563391
0.538437
0.548314
0.554972
0.546099
0.537573
0.527946
0.5377
0.543331
0.513306
0.481901
0.486754
0.475648
0.558276
0.543967
0.556015
0.559792
0.541833
0.564544
0.513486
0.509807
0.503872
0.503903
0.487466
0.55338
0.539573
0.55638
0.551742
0.550939
0.514637
0.550831
0.523264
0.51827
0.517542
0.519034
0.485543
0.477937
0.48559
0.561659
0.560025
0.578254
0.558272
0.53259
0.537865
0.555377
0.55862
0.563261
