# M0_reordered
# Number of vertices: 222, Number of faces: 440
# Preprocessing time: 0.00528975
# Query time: 5.1209e-05
0.261846
0.286689
0.174266
0.333665
0.401468
0.373394
0.261228
0.294914
0.312856
0.256124
0.334143
0.215683
0.11649
0.0703428
0.245128
0.436384
0
0.294991
0.222746
0.32206
0.373818
0.319547
0.425034
0.337543
0.432185
0.457258
0.366754
0.362789
0.2396
0.324868
0.336866
0.368124
0.404416
0.404683
0.31754
0.452252
0.316302
0.12853
0.0528772
0.0274539
0.0281131
0.43228
0.443054
0.299199
0.408624
0.334242
0.399029
0.379589
0.223235
0.356996
0.328461
0.377437
0.42512
0.365788
0.1709
0.106596
0.276193
0.225958
0.173616
0.13635
0.0941676
0.0790046
0.0366059
0.349603
0.421285
0.446622
0.351264
0.439726
0.340687
0.527754
0.538143
0.461885
0.478918
0.438305
0.362208
0.325105
0.509994
0.439109
0.446207
0.415073
0.507078
0.430919
0.452935
0.503694
0.437975
0.489942
0.493501
0.272053
0.032857
0.483844
0.48819
0.473415
0.632878
0.652865
0.683926
0.64812
0.762727
0.833265
0.756392
0.724109
0.825254
0.709619
0.703513
0.70247
0.775948
0.68606
0.674228
0.63847
0.619607
0.590902
0.757343
0.790134
0.833447
0.727502
0.724071
0.766634
0.852504
0.739619
0.667243
0.732582
0.714052
0.693249
0.793518
0.780342
0.751243
0.662673
0.67651
0.781635
0.808494
0.78081
0.771879
0.727992
0.640893
0.869525
0.77453
0.848343
0.704546
0.84849
0.802234
0.695396
0.853372
0.805306
0.785596
0.799393
0.724747
0.734774
0.829756
0.838394
0.62711
0.859643
0.609826
0.707667
0.663957
0.808406
0.709585
0.687805
0.853515
0.778567
0.800872
0.833358
0.742841
0.90266
0.819333
0.888945
0.742763
0.678602
0.958157
0.988295
1.03428
0.911939
0.83696
0.840075
0.872799
0.855733
0.959443
0.972708
0.977168
0.833731
0.899722
0.986141
0.977548
0.976215
0.952076
0.957502
0.942677
0.925735
0.843517
0.842086
0.916153
0.969728
0.880289
0.915591
0.993033
0.912674
0.839916
0.868166
0.853847
0.900187
0.877436
0.919312
0.915946
0.885897
0.93788
0.920602
0.958402
0.947855
0.899137
0.869793
0.807097
0.788986
0.806555
0.751349
0.862287
0.788352
0.509455
0.590718
0.608087
0.539695
0.571159
0.609568
0.579632
0.581407
