# M1_reordered
# Number of vertices: 883, Number of faces: 1762
# Preprocessing time: 0.00440617
# Query time: 0.000180583
0.235107
0.265701
0.153485
0.297504
0.354359
0.342705
0.234439
0.274813
0.293243
0.237526
0.296102
0.192653
0.103093
0.0603818
0.224881
0.391421
0
0.274578
0.203261
0.304706
0.350147
0.297618
0.394287
0.323506
0.41183
0.435228
0.363547
0.34757
0.218814
0.316643
0.324809
0.352793
0.385773
0.393036
0.303052
0.41989
0.299035
0.115348
0.0490624
0.0667715
0.0374845
0.402844
0.385344
0.278413
0.375514
0.313858
0.375568
0.350821
0.200161
0.336507
0.325879
0.362738
0.379698
0.322816
0.155994
0.0996498
0.255041
0.201901
0.137145
0.14183
0.0855374
0.0778382
0.0424788
0.337403
0.405265
0.425185
0.332823
0.427585
0.328853
0.476737
0.475319
0.407795
0.430194
0.447213
0.349371
0.314561
0.444922
0.427573
0.44304
0.410487
0.460636
0.419919
0.446031
0.451739
0.37836
0.450545
0.45672
0.258416
0.0372881
0.467563
0.462624
0.455928
0.556933
0.580794
0.615278
0.592164
0.688876
0.754822
0.680522
0.649741
0.743091
0.665028
0.628279
0.642282
0.695888
0.627952
0.617571
0.592754
0.555315
0.540708
0.681394
0.726426
0.761466
0.678822
0.675172
0.712189
0.771119
0.673902
0.621251
0.660326
0.639257
0.620781
0.730512
0.717377
0.693922
0.595716
0.622523
0.710503
0.740763
0.733275
0.705665
0.663447
0.579656
0.784768
0.713871
0.766671
0.659752
0.799996
0.74308
0.650317
0.77635
0.728865
0.708129
0.746758
0.667009
0.665434
0.77632
0.780417
0.576925
0.73961
0.55172
0.652216
0.594564
0.742258
0.651177
0.641167
0.748486
0.708761
0.76491
0.761563
0.688702
0.820794
0.740635
0.811679
0.691391
0.616913
0.855759
0.889098
0.944822
0.812291
0.742791
0.75413
0.784764
0.76902
0.875284
0.886332
0.891252
0.761656
0.807524
0.873623
0.879275
0.92621
0.86839
0.870303
0.864445
0.839826
0.775044
0.760688
0.838129
0.879687
0.792602
0.837368
0.902173
0.833119
0.768709
0.803642
0.747552
0.830135
0.790233
0.844604
0.819155
0.812356
0.853797
0.840129
0.857723
0.865589
0.816931
0.796594
0.744163
0.724112
0.749895
0.704747
0.775213
0.722052
0.457438
0.531766
0.544066
0.496502
0.510671
0.555746
0.539048
0.542046
0.259613
0.274923
0.31724
0.204652
0.256875
0.250845
0.276848
0.321164
0.190246
0.201864
0.242016
0.258037
0.248102
0.130699
0.28172
0.396549
0.11118
0.314111
0.328439
0.268896
0.311694
0.321707
0.287107
0.303424
0.250283
0.296133
0.281103
0.304169
0.16916
0.139503
0.179901
0.0253587
0.00785834
0.365741
0.34608
0.321418
0.226548
0.122003
0.100057
0.143586
0.0661325
0.0485058
0.348476
0.333028
0.264115
0.244609
0.213429
0.269102
0.16635
0.194753
0.261458
0.411354
0.376293
0.344966
0.34485
0.32255
0.0135066
0.0454438
-0.00187935
0.0328943
0.0288886
0.0573401
0.124928
0.140204
0.126401
0.332516
0.314122
0.221333
0.328005
0.304654
0.389334
0.368775
0.38131
0.440097
0.313278
0.390881
0.334573
0.428685
0.368874
0.480344
0.392262
0.376419
0.293156
0.308577
0.343544
0.309131
0.324204
0.233166
0.318127
0.360577
0.384047
0.472229
0.380656
0.399303
0.39317
0.369451
0.386303
0.355726
0.331496
0.31784
0.438489
0.306265
0.408749
0.411795
0.42747
0.310906
0.127276
0.0803653
0.0840456
0.0614372
0.0960385
0.0397377
0.0133183
0.0221372
0.340135
0.277917
0.297591
0.165049
0.130594
0.274268
0.363174
0.371116
0.433973
0.351661
0.440319
0.347167
0.290207
0.300939
0.337342
0.407286
0.404194
0.333779
0.39369
0.364058
0.293557
0.386839
0.323995
0.369529
0.246366
0.265179
0.353808
0.290722
0.311607
0.284324
0.325952
0.335618
0.468178
0.316435
0.415668
0.356387
0.335864
0.318934
0.287662
0.304525
0.241508
0.281553
0.231876
0.194206
0.165718
0.179888
0.132408
0.167702
0.172165
0.417139
0.090124
0.0784788
0.0796704
0.0844003
0.0757993
0.0647133
0.0599819
0.0738629
0.0503007
0.0559465
0.0605917
0.0188927
0.0275236
0.423432
0.440516
0.341181
0.350626
0.474377
0.394048
0.461184
0.226965
0.2893
0.288448
0.454239
0.412774
0.43735
0.384643
0.347133
0.423622
0.487507
0.447252
0.363137
0.353005
0.402172
0.363417
0.415237
0.435662
0.44444
0.502989
0.493258
0.476328
0.493687
0.456042
0.47997
0.418612
0.453296
0.46514
0.320573
0.464417
0.478385
0.3061
0.373062
0.465972
0.452768
0.41764
0.440008
0.398506
0.372525
0.375541
0.436095
0.311048
0.505563
0.398389
0.420644
0.39076
0.39
0.463598
0.421562
0.409514
0.394505
0.371926
0.35634
0.40922
0.469217
0.456327
0.454018
0.515972
0.449862
0.494584
0.492581
0.514315
0.501659
0.496767
0.476661
0.473329
0.476338
0.505184
0.43168
0.325063
0.287417
0.0675353
0.0103222
0.388795
0.453812
0.256775
0.340753
0.379607
0.45006
0.464058
0.570875
0.599373
0.723672
0.744202
0.60223
0.572335
0.599125
0.7111
0.632801
0.657035
0.692473
0.673148
0.740675
0.580951
0.575882
0.703053
0.645961
0.669934
0.653844
0.724496
0.667838
0.570816
0.577402
0.69194
0.673465
0.621924
0.582898
0.554188
0.72922
0.70812
0.691156
0.673967
0.753049
0.607818
0.651351
0.634685
0.716914
0.636268
0.715867
0.683887
0.706935
0.627549
0.720053
0.669833
0.604836
0.660908
0.549745
0.546381
0.586554
0.601724
0.650968
0.629186
0.646402
0.795006
0.626948
0.560251
0.561725
0.611433
0.61956
0.675281
0.675928
0.698987
0.657497
0.631556
0.727665
0.709225
0.678595
0.671917
0.712733
0.688236
0.742068
0.693176
0.682809
0.644806
0.708452
0.805475
0.673544
0.747417
0.706212
0.770728
0.730735
0.770716
0.715439
0.734716
0.678326
0.526429
0.597868
0.80281
0.753989
0.812443
0.659669
0.697906
0.705773
0.608512
0.709933
0.775021
0.624317
0.579153
0.549535
0.594393
0.575766
0.736556
0.807319
0.709081
0.756963
0.790136
0.688826
0.574023
0.599593
0.673906
0.664237
0.585656
0.583041
0.605043
0.53109
0.673335
0.611097
0.622014
0.589176
0.664184
0.783015
0.633049
0.698121
0.681757
0.712437
0.704797
0.724979
0.745369
0.769965
0.752275
0.63343
0.584006
0.631507
0.738646
0.72234
0.69719
0.663168
0.688965
0.702846
0.783792
0.828522
0.72495
0.808037
0.755275
0.679814
0.656538
0.625503
0.790473
0.764962
0.727625
0.736633
0.712008
0.722
0.709892
0.710988
0.728876
0.714501
0.724349
0.720442
0.722172
0.760063
0.825717
0.815175
0.821473
0.776219
0.727253
0.666882
0.721173
0.68967
0.684499
0.684765
0.742661
0.763052
0.741385
0.735953
0.708461
0.746017
0.778581
0.761439
0.744992
0.686926
0.653519
0.663515
0.648312
0.668097
0.69219
0.825545
0.588151
0.622582
0.747635
0.610001
0.581072
0.602385
0.668736
0.811243
0.649763
0.679701
0.605383
0.668815
0.745637
0.749399
0.73083
0.606819
0.670311
0.665282
0.67775
0.745746
0.767941
0.833466
0.723364
0.696636
0.72525
0.690364
0.671792
0.755582
0.725377
0.736633
0.831369
0.695995
0.68091
0.674823
0.664571
0.694563
0.704792
0.728924
0.796185
0.673677
0.722223
0.655666
0.755591
0.763965
0.661003
0.608666
0.899783
0.885884
0.859579
0.886702
0.766057
0.857622
0.860251
0.874554
0.853577
0.770832
0.769487
0.751632
0.772946
0.762804
0.7669
0.763175
0.843188
0.955546
0.88929
0.751512
0.792955
0.849509
0.748401
0.783111
0.738583
0.815822
0.754612
0.787547
0.765492
0.833385
0.861562
0.803759
0.823681
0.878782
0.858283
0.808665
0.772961
0.900146
0.872472
0.827864
0.864785
0.810923
0.838173
0.82785
0.852297
0.895291
0.788547
0.769001
0.80924
0.786419
0.857047
0.787084
0.805852
0.806124
0.823442
0.779597
0.845404
0.805196
0.85273
0.867136
0.885424
0.769599
0.87363
0.931315
0.870473
0.934736
0.880165
0.984323
0.816507
0.767471
0.780684
0.755163
0.74233
0.848674
0.871965
0.774495
0.941022
0.847897
0.87243
0.999428
0.900577
0.862342
0.919757
0.839219
0.858313
0.820878
0.84728
0.833445
0.855253
0.80966
0.814381
0.810796
0.838654
0.851506
0.808609
0.790052
0.872663
0.9501
0.967127
0.913505
0.823436
0.811658
0.853942
0.826007
0.858074
0.797657
0.815158
0.818765
0.867076
0.796034
0.868205
0.789061
0.794741
0.798565
0.810694
0.799251
0.89414
0.882539
0.963051
0.963354
0.941107
0.932467
0.733061
0.805511
0.644008
0.688624
0.609605
0.647756
0.708388
0.70741
0.714487
0.728703
0.661791
0.743286
0.730444
0.466102
0.469273
0.4918
0.529647
0.497855
0.510353
0.536296
0.52585
0.522392
0.510309
0.528197
0.505705
0.512834
0.5189
0.466353
0.516298
0.559677
0.531668
0.577507
0.580504
0.565735
0.551025
0.567448
0.582598
0.571611
0.542955
0.560199
0.583981
0.557595
0.550409
