# M1_reordered
# Number of vertices: 883, Number of faces: 1762
# Preprocessing time: 0
# Query time: 0.00359171
0.230498
0.262927
0.171398
0.286663
0.345294
0.327177
0.225656
0.27719
0.289774
0.232837
0.288214
0.211758
0.115679
0.0673458
0.242232
0.377908
0
0.27076
0.197058
0.298766
0.336116
0.281671
0.376662
0.324243
0.405706
0.426623
0.370103
0.341326
0.216941
0.321808
0.324671
0.351324
0.384783
0.379185
0.296841
0.408284
0.30218
0.116665
0.0525576
0.0689087
0.065805
0.395296
0.368729
0.285589
0.366425
0.330692
0.375544
0.360041
0.209622
0.333887
0.329358
0.360797
0.362326
0.311623
0.1702
0.106948
0.252356
0.202351
0.139332
0.14793
0.0859432
0.0667341
0.0459122
0.337364
0.390524
0.406949
0.323689
0.41582
0.323915
0.470192
0.461141
0.399282
0.41604
0.438249
0.357676
0.321729
0.427003
0.427827
0.442635
0.399851
0.449989
0.427985
0.442419
0.440544
0.368469
0.439227
0.443864
0.256496
0.0317788
0.449982
0.44641
0.444569
0.529409
0.542107
0.586529
0.563838
0.636413
0.705999
0.634694
0.612743
0.702378
0.629295
0.5822
0.599637
0.641777
0.622674
0.61698
0.571029
0.534861
0.511502
0.67538
0.716056
0.734661
0.658109
0.643462
0.662888
0.735698
0.647129
0.59947
0.65077
0.621868
0.601066
0.710934
0.688894
0.675998
0.577467
0.583333
0.681883
0.69934
0.73009
0.680273
0.628728
0.545997
0.75442
0.693933
0.735376
0.653496
0.785087
0.732735
0.602552
0.756627
0.69955
0.675493
0.736043
0.646092
0.658613
0.765795
0.76677
0.54322
0.746803
0.51925
0.611254
0.569123
0.719287
0.632089
0.591563
0.736567
0.701854
0.683747
0.71396
0.649151
0.797104
0.693815
0.773537
0.653812
0.572097
0.836238
0.865854
0.920805
0.785642
0.73139
0.730167
0.77846
0.751579
0.876633
0.874407
0.892659
0.725668
0.778864
0.871084
0.852297
0.90349
0.849286
0.863654
0.832056
0.828426
0.764416
0.750652
0.848878
0.885415
0.788592
0.821382
0.876844
0.812869
0.743912
0.770132
0.721886
0.792869
0.772963
0.843629
0.80162
0.811567
0.832492
0.81306
0.84877
0.847339
0.804863
0.796827
0.733522
0.707671
0.696951
0.648482
0.761225
0.714948
0.43212
0.520639
0.524138
0.47127
0.492087
0.549224
0.533198
0.542222
0.255789
0.267729
0.305526
0.207516
0.252412
0.248485
0.272887
0.313119
0.194658
0.195777
0.234848
0.251308
0.236879
0.134931
0.270523
0.38369
0.108514
0.298892
0.313775
0.259472
0.31135
0.323744
0.284709
0.303287
0.247023
0.293059
0.275399
0.301442
0.168578
0.142466
0.177397
0.0262711
0.031702
0.350172
0.332173
0.34143
0.236482
0.138539
0.112325
0.151986
0.0756938
0.0533975
0.332231
0.319669
0.273254
0.256646
0.232595
0.288492
0.175967
0.209616
0.286891
0.398185
0.365682
0.334148
0.331206
0.310555
0.0499622
0.0803626
0.0246725
0.0540807
0.0511935
0.0475573
0.125617
0.136911
0.131787
0.329417
0.310473
0.215744
0.325428
0.286734
0.373006
0.350965
0.364473
0.431043
0.313011
0.384396
0.331229
0.425256
0.363754
0.465746
0.388373
0.386073
0.293531
0.311884
0.343371
0.309157
0.320153
0.238234
0.315697
0.348083
0.369629
0.458538
0.381325
0.405881
0.396673
0.363131
0.378513
0.346023
0.323617
0.310217
0.428097
0.302282
0.396815
0.394181
0.411685
0.311704
0.128112
0.0855355
0.0936608
0.0613668
0.0986642
0.0404342
0.0469274
0.0596192
0.327362
0.280786
0.282475
0.161927
0.128549
0.267227
0.34678
0.351849
0.414036
0.337374
0.427418
0.332643
0.300767
0.317775
0.33065
0.400635
0.40753
0.35236
0.397476
0.365202
0.321137
0.382881
0.350565
0.370656
0.259817
0.27988
0.351801
0.310376
0.330665
0.290326
0.327879
0.334194
0.457604
0.319678
0.401725
0.343413
0.324475
0.305681
0.288383
0.30277
0.240298
0.281637
0.234386
0.199839
0.172717
0.180381
0.139095
0.164795
0.167668
0.404468
0.0883005
0.0782267
0.0778427
0.0884008
0.0664068
0.0627704
0.0557191
0.0743464
0.0490455
0.0541441
0.0606201
0.0172995
0.0266225
0.410175
0.430341
0.339629
0.344485
0.460686
0.404812
0.453341
0.230159
0.286328
0.285872
0.442751
0.398003
0.421342
0.368775
0.335923
0.405919
0.468361
0.43091
0.358161
0.345147
0.389322
0.350961
0.405388
0.42138
0.43457
0.490128
0.482611
0.464272
0.483378
0.44527
0.470801
0.398676
0.451189
0.464045
0.320555
0.451656
0.472595
0.311531
0.360453
0.453994
0.43809
0.400457
0.446627
0.401054
0.375479
0.372182
0.442197
0.316203
0.499042
0.39024
0.399516
0.370402
0.397192
0.448588
0.409011
0.398342
0.377757
0.364339
0.344565
0.408521
0.47123
0.46322
0.44566
0.509305
0.429648
0.482925
0.483739
0.511278
0.493723
0.490003
0.458193
0.45873
0.464715
0.499461
0.418499
0.332418
0.286412
0.0693271
0.0495306
0.373446
0.440262
0.260852
0.331113
0.380958
0.431087
0.444173
0.541203
0.572283
0.680583
0.700216
0.571072
0.532686
0.554633
0.659612
0.588379
0.612391
0.645209
0.630152
0.699924
0.556307
0.553585
0.659469
0.609252
0.635647
0.61555
0.678315
0.625545
0.5439
0.560089
0.654387
0.63672
0.588113
0.554574
0.519298
0.684973
0.656082
0.638675
0.622236
0.705631
0.568967
0.605505
0.590395
0.66356
0.588872
0.664276
0.634595
0.658939
0.595491
0.683515
0.663883
0.594325
0.609712
0.520354
0.516552
0.583065
0.584588
0.64328
0.610437
0.627276
0.773056
0.606654
0.528935
0.530051
0.580316
0.577489
0.639788
0.637512
0.662399
0.66214
0.632427
0.727724
0.699604
0.675679
0.661715
0.707741
0.679121
0.737243
0.680755
0.666991
0.620228
0.680968
0.781442
0.655284
0.683283
0.692164
0.703505
0.754159
0.760761
0.696078
0.713094
0.626961
0.495112
0.561713
0.766816
0.719841
0.774259
0.635809
0.689015
0.696263
0.591481
0.711616
0.782739
0.604874
0.560768
0.528371
0.572148
0.546008
0.701642
0.790765
0.678747
0.73761
0.765266
0.672561
0.556043
0.579846
0.658783
0.663865
0.567434
0.556823
0.575374
0.499253
0.653941
0.577441
0.588163
0.556444
0.626668
0.769739
0.585063
0.663746
0.63349
0.682902
0.655709
0.681
0.702784
0.707563
0.737994
0.60831
0.55608
0.601393
0.720403
0.696889
0.669216
0.639453
0.654303
0.665897
0.751476
0.797321
0.694231
0.773697
0.723047
0.669796
0.642266
0.60775
0.774916
0.753763
0.727688
0.72764
0.676975
0.676122
0.647356
0.78929
0.661132
0.652459
0.764552
0.670836
0.701944
0.73266
0.799328
0.782059
0.78151
0.737514
0.72256
0.644552
0.714178
0.679135
0.664765
0.659355
0.7346
0.755694
0.736942
0.732878
0.691847
0.736745
0.765691
0.746916
0.738225
0.668316
0.643964
0.657758
0.651299
0.676866
0.700208
0.814002
0.591673
0.593872
0.720027
0.580426
0.549371
0.57467
0.648118
0.791369
0.636268
0.661362
0.589925
0.619872
0.728475
0.733176
0.759255
0.565347
0.630596
0.62488
0.638671
0.743521
0.72884
0.800531
0.709129
0.680552
0.720663
0.673497
0.620666
0.683512
0.692547
0.70043
0.797111
0.670005
0.656268
0.62226
0.6122
0.660773
0.671544
0.72239
0.758318
0.647639
0.671093
0.623981
0.737698
0.719993
0.63882
0.582159
0.877778
0.878931
0.850458
0.873576
0.746639
0.817692
0.834874
0.850072
0.826598
0.726323
0.755789
0.740965
0.747664
0.752344
0.758362
0.734863
0.815759
0.926785
0.864395
0.74106
0.762583
0.825023
0.729103
0.762271
0.724738
0.803647
0.732445
0.775947
0.744682
0.814781
0.849631
0.786883
0.807762
0.85711
0.839591
0.795012
0.740824
0.880467
0.871321
0.812181
0.859204
0.792063
0.826191
0.816283
0.820599
0.871725
0.772912
0.744365
0.793594
0.778402
0.834034
0.791776
0.815519
0.812325
0.832925
0.775918
0.851288
0.812167
0.863407
0.876544
0.884105
0.719599
0.866434
0.903409
0.857046
0.909132
0.869121
0.961044
0.807572
0.748456
0.755841
0.725694
0.711741
0.810948
0.846259
0.755224
0.915327
0.825053
0.847099
0.976447
0.873494
0.858269
0.89608
0.841421
0.854829
0.81723
0.833311
0.816593
0.844841
0.796091
0.797999
0.813172
0.831038
0.822325
0.814825
0.783718
0.85421
0.923645
0.940319
0.882693
0.798808
0.792672
0.842145
0.801447
0.834884
0.781939
0.804551
0.797614
0.842056
0.776994
0.836359
0.767348
0.800334
0.779488
0.793662
0.778868
0.87377
0.860318
0.934097
0.936955
0.916205
0.903361
0.715906
0.780132
0.594769
0.632195
0.566759
0.59639
0.65575
0.665104
0.672714
0.699353
0.619579
0.729403
0.719034
0.441358
0.443976
0.474764
0.523677
0.469228
0.492785
0.519347
0.521176
0.498371
0.483935
0.509796
0.487967
0.493331
0.51336
0.439485
0.51003
0.549416
0.504881
0.569365
0.580009
0.565176
0.546342
0.566058
0.56573
0.553367
0.525492
0.537592
0.565863
0.541181
0.551091
