# M2_reordered
# Number of vertices: 3527, Number of faces: 7050
# Preprocessing time: 0.0160937
# Query time: 0.000555958
0.237614
0.280846
0.176116
0.296159
0.352719
0.324045
0.226203
0.282555
0.296482
0.232068
0.297135
0.213681
0.113863
0.076906
0.238031
0.37037
0
0.274506
0.196396
0.302335
0.336255
0.276997
0.379561
0.334144
0.412928
0.431075
0.390476
0.357593
0.226629
0.329148
0.323977
0.350803
0.388075
0.389594
0.307539
0.420297
0.320058
0.121929
0.0555271
0.0727612
0.0668108
0.379634
0.381028
0.290381
0.381641
0.343109
0.382639
0.371973
0.214587
0.342555
0.34246
0.372218
0.359983
0.322966
0.174067
0.113708
0.257309
0.206007
0.14297
0.13819
0.0963426
0.0669843
0.0720519
0.347787
0.399429
0.418466
0.329763
0.424737
0.327878
0.489403
0.483801
0.408196
0.416896
0.444176
0.365218
0.336387
0.441509
0.43265
0.449405
0.402593
0.451328
0.43281
0.453339
0.466345
0.387368
0.446018
0.449271
0.269618
0.0348996
0.460253
0.452199
0.453164
0.550356
0.573473
0.613063
0.590432
0.670997
0.741538
0.671038
0.652643
0.739272
0.670149
0.619329
0.633507
0.679415
0.64672
0.647959
0.593792
0.556219
0.529953
0.706794
0.753286
0.761184
0.686014
0.669347
0.675073
0.757073
0.66635
0.626124
0.68187
0.648107
0.625634
0.733458
0.712354
0.69482
0.600965
0.611878
0.714456
0.708939
0.778709
0.711506
0.660296
0.575331
0.783595
0.716313
0.764562
0.693441
0.812736
0.755503
0.623654
0.780087
0.72208
0.704652
0.763313
0.674095
0.692772
0.780842
0.790993
0.562835
0.761271
0.547479
0.641518
0.595064
0.738882
0.64992
0.609676
0.746702
0.731903
0.69256
0.721411
0.677527
0.826971
0.728564
0.792633
0.674818
0.610981
0.852944
0.88349
0.927204
0.8216
0.754326
0.745504
0.792938
0.775921
0.881779
0.883558
0.915928
0.747288
0.815617
0.888502
0.869238
0.924033
0.891863
0.888774
0.872349
0.86751
0.799425
0.779398
0.869764
0.91639
0.805701
0.830035
0.898317
0.855484
0.784646
0.806652
0.757598
0.838498
0.788345
0.855117
0.816677
0.853789
0.872252
0.864983
0.865556
0.854002
0.828654
0.833945
0.76479
0.732334
0.707542
0.654565
0.778898
0.743143
0.453658
0.548013
0.539143
0.490489
0.509929
0.577516
0.549735
0.544119
0.265224
0.27924
0.31821
0.211341
0.252834
0.252263
0.288471
0.325746
0.199094
0.199797
0.236616
0.254927
0.235482
0.134489
0.274352
0.385219
0.108904
0.296064
0.316949
0.2606
0.315471
0.325794
0.301668
0.321746
0.259919
0.296798
0.283464
0.320382
0.172716
0.146608
0.181312
0.0334596
0.0313961
0.363065
0.344943
0.346305
0.246592
0.137264
0.116139
0.152603
0.0832702
0.063365
0.334872
0.316273
0.277301
0.265999
0.233805
0.294995
0.17301
0.208647
0.286925
0.3905
0.357023
0.325469
0.32837
0.30058
0.0497794
0.0838433
0.0244929
0.0550853
0.0512772
0.0497466
0.12398
0.135296
0.121035
0.338768
0.319263
0.216898
0.337464
0.288532
0.375935
0.351909
0.365877
0.438241
0.324798
0.388618
0.344178
0.433062
0.37751
0.47305
0.395766
0.397801
0.300526
0.315334
0.348109
0.325304
0.335172
0.242392
0.317513
0.361169
0.379559
0.469219
0.391406
0.418419
0.405131
0.373674
0.391255
0.356765
0.334118
0.320815
0.437293
0.306403
0.405986
0.398442
0.412369
0.333224
0.131243
0.0934428
0.107032
0.0714306
0.105011
0.0489867
0.0466826
0.0601528
0.347601
0.294781
0.281114
0.165613
0.128793
0.268723
0.366466
0.364378
0.428028
0.350646
0.446061
0.344713
0.305449
0.322992
0.350066
0.419303
0.412316
0.365065
0.399762
0.391372
0.326702
0.383979
0.361507
0.382242
0.265193
0.292877
0.365469
0.320613
0.342345
0.296417
0.333429
0.348094
0.465249
0.325525
0.387005
0.330795
0.334317
0.312585
0.306472
0.31838
0.250748
0.284719
0.238807
0.20753
0.172645
0.187963
0.136358
0.162366
0.169691
0.388981
0.0920932
0.0810259
0.0779399
0.0924196
0.0666468
0.0629288
0.0598467
0.0774931
0.0520406
0.0746814
0.0635309
0.0171736
0.0264287
0.415168
0.439636
0.347908
0.361859
0.463215
0.42012
0.460902
0.234366
0.28997
0.284409
0.453659
0.40435
0.429842
0.37496
0.341908
0.412516
0.474368
0.44322
0.370187
0.354702
0.396485
0.360612
0.41012
0.428695
0.45088
0.518228
0.50624
0.487557
0.510815
0.448948
0.473866
0.414621
0.459017
0.471082
0.336108
0.452869
0.477562
0.330116
0.369003
0.454761
0.438749
0.398615
0.451567
0.404897
0.389562
0.376132
0.459158
0.330474
0.516998
0.39877
0.415406
0.382818
0.414415
0.469202
0.427633
0.418097
0.392548
0.372846
0.361791
0.414036
0.475969
0.471775
0.459058
0.516664
0.448627
0.504709
0.490938
0.535672
0.494898
0.490522
0.479256
0.474809
0.47083
0.502673
0.438644
0.346521
0.299633
0.0757977
0.0510096
0.382905
0.445203
0.263831
0.34077
0.390769
0.441495
0.451607
0.567474
0.5961
0.72255
0.738715
0.595095
0.560246
0.589294
0.695585
0.620408
0.646091
0.688277
0.664541
0.742658
0.578105
0.576973
0.697287
0.64143
0.673237
0.653565
0.718726
0.67404
0.572613
0.587411
0.696232
0.67184
0.618656
0.576377
0.545757
0.722591
0.69231
0.674794
0.652084
0.74476
0.598991
0.639255
0.624333
0.70123
0.624101
0.70129
0.672952
0.697127
0.616334
0.728877
0.695026
0.620333
0.618289
0.540206
0.536228
0.608757
0.604247
0.679833
0.637012
0.653793
0.80087
0.625911
0.554027
0.548672
0.61911
0.597398
0.674404
0.665366
0.708753
0.689092
0.662343
0.772475
0.744224
0.705991
0.689804
0.741666
0.71212
0.778266
0.714457
0.70021
0.656638
0.708121
0.809966
0.673204
0.695525
0.717053
0.713308
0.761363
0.778269
0.721314
0.739898
0.647849
0.513724
0.590128
0.788997
0.739276
0.795767
0.654465
0.718192
0.728851
0.618615
0.744635
0.814535
0.633922
0.585041
0.551354
0.59787
0.570995
0.725061
0.819685
0.704048
0.761933
0.791756
0.689635
0.572186
0.596176
0.685088
0.691454
0.593826
0.577294
0.604495
0.525072
0.680858
0.602987
0.614355
0.581782
0.661924
0.784693
0.601006
0.696615
0.649354
0.689069
0.662905
0.69278
0.737942
0.722654
0.762145
0.639649
0.568206
0.624151
0.750867
0.729901
0.699303
0.667097
0.683347
0.697675
0.783249
0.823719
0.721767
0.803044
0.752262
0.701392
0.676689
0.631242
0.798586
0.777684
0.761728
0.743185
0.69493
0.690582
0.655974
0.797584
0.668254
0.659565
0.773132
0.678132
0.72124
0.755146
0.822259
0.812605
0.804459
0.757839
0.768445
0.673489
0.746594
0.706399
0.693426
0.69408
0.752645
0.782882
0.750936
0.767293
0.722743
0.7672
0.795539
0.781929
0.746285
0.694807
0.670002
0.685467
0.67952
0.705682
0.728761
0.826807
0.600303
0.626176
0.756009
0.613311
0.579312
0.603795
0.665339
0.813318
0.663944
0.679596
0.608523
0.635732
0.740965
0.75522
0.766897
0.583118
0.655066
0.648964
0.679719
0.784623
0.753542
0.825299
0.739899
0.70842
0.748974
0.70319
0.639205
0.690624
0.712627
0.721554
0.819745
0.692558
0.680599
0.657388
0.649636
0.701661
0.691797
0.765656
0.787157
0.66621
0.681606
0.647639
0.755022
0.732538
0.665847
0.614075
0.901229
0.902102
0.865419
0.889621
0.766146
0.872668
0.871804
0.888345
0.877385
0.74044
0.785752
0.763831
0.762913
0.77437
0.784482
0.746355
0.85226
0.947516
0.883652
0.760606
0.798685
0.874144
0.763385
0.787966
0.737
0.83601
0.744232
0.786459
0.767336
0.831347
0.866663
0.808325
0.825788
0.876595
0.854008
0.811497
0.757635
0.898311
0.896924
0.854243
0.876456
0.833359
0.864552
0.851862
0.85437
0.917884
0.79398
0.745391
0.831816
0.813946
0.885805
0.818082
0.835794
0.829881
0.857127
0.80431
0.883268
0.840526
0.888832
0.905976
0.90995
0.729973
0.869587
0.916201
0.856716
0.917599
0.87449
0.981526
0.832142
0.78505
0.799632
0.764387
0.747527
0.856445
0.882226
0.778491
0.922774
0.837435
0.864986
0.982973
0.900069
0.867993
0.914072
0.874822
0.876093
0.848625
0.853635
0.837617
0.862198
0.816091
0.819362
0.845706
0.871618
0.861991
0.846869
0.818826
0.895681
0.930775
0.947894
0.898805
0.811821
0.811002
0.858239
0.844417
0.882435
0.812439
0.831655
0.837843
0.8589
0.818728
0.883917
0.78531
0.829652
0.790539
0.802291
0.798414
0.889253
0.875848
0.954887
0.957667
0.936257
0.923836
0.742527
0.819605
0.612962
0.647066
0.583724
0.607363
0.66178
0.683625
0.68076
0.720294
0.651664
0.755373
0.733157
0.458802
0.459646
0.494192
0.530931
0.485519
0.513755
0.549374
0.547851
0.519575
0.50592
0.532383
0.50763
0.512249
0.514062
0.455673
0.520528
0.578645
0.52784
0.598493
0.598424
0.576464
0.553993
0.572213
0.585882
0.577041
0.550293
0.558813
0.589446
0.574536
0.553705
0.236119
0.291046
0.226504
0.293974
0.286673
0.241182
0.206182
0.222486
0.241118
0.201333
0.252838
0.291733
0.270952
0.290112
0.269833
0.26873
0.267163
0.285547
0.287713
0.277496
0.279077
0.278961
0.280342
0.236798
0.200199
0.188186
0.220742
0.212922
0.249245
0.211747
0.206903
0.198705
0.30957
0.337289
0.204601
0.251589
0.337105
0.304355
0.196183
0.318728
0.33387
0.258359
0.248819
0.274662
0.151343
0.246409
0.284484
0.215875
0.240654
0.289264
0.251325
0.274443
0.259825
0.307911
0.381855
0.204042
0.151923
0.120118
0.111893
0.0923388
0.338152
0.37015
0.339225
0.293201
0.360525
0.303812
0.306535
0.317687
0.260381
0.184069
0.270608
0.362465
0.352524
0.31031
0.289541
0.19918
0.307016
0.329878
0.326122
0.325049
0.342545
0.362919
0.374167
0.295634
0.316161
0.323987
0.319057
0.427234
0.325151
0.308292
0.306301
0.314904
0.306356
0.290101
0.349737
0.329878
0.328803
0.238539
0.320757
0.309165
0.320589
0.316141
0.318466
0.305897
0.293323
0.306593
0.305218
0.296567
0.304653
0.248667
0.234442
0.305828
0.234039
0.216297
0.263216
0.259076
0.306475
0.30666
0.211486
0.218512
0.2395
0.425459
0.395585
0.424974
0.397861
0.431959
0.408781
0.40548
0.419103
0.394914
0.405894
0.430743
0.305624
0.2878
0.203516
0.34079
0.304458
0.273712
0.246001
0.178045
0.183964
0.192577
0.165824
0.182669
0.207483
0.192267
0.157175
0.172558
0.170313
0.160232
0.389153
0.0843722
0.077014
0.0204659
0.373358
0.356403
0.361377
0.294904
0.224469
0.211721
0.176294
0.307047
0.346148
0.336313
0.170436
0.1668
0.158832
0.337647
0.153304
0.287805
0.146158
0.31313
0.143146
0.134886
0.120756
0.126048
0.141367
0.291565
0.2855
0.301518
0.301689
0.0941925
0.090641
0.316239
0.0876511
0.340305
0.0881053
0.0842083
0.373029
0.0630728
0.0695968
0.0633897
0.34377
0.313054
0.324345
0.309614
0.324393
0.314479
0.302302
0.297109
0.292028
0.270246
0.263234
0.268186
0.350468
0.327327
0.262047
0.277441
0.117602
0.268789
0.193547
0.295841
0.225201
0.189268
0.257876
0.232566
0.218272
0.181966
0.270345
0.289322
0.190713
0.258605
0.244121
0.218002
0.332583
0.391011
0.380934
0.386748
0.438968
0.405494
0.409165
0.370716
0.360742
0.354066
0.336155
0.380978
0.352848
0.364417
0.385844
0.310382
0.299133
0.164224
0.198439
0.185344
0.230598
0.246651
0.220461
0.214108
0.0694225
0.0707913
0.0650302
0.0537816
0.0755601
0.0831794
0.0988776
0.0281972
0.153394
0.141293
0.141357
0.129855
0.12213
0.14076
0.106739
0.11294
0.132856
0.102682
0.0866563
0.156172
0.352248
0.363547
0.40086
0.350841
0.364965
0.321358
0.321975
0.311591
0.317443
0.311715
0.30113
0.32598
0.263432
0.330094
0.312749
0.344507
0.348656
0.246557
0.321413
0.320263
0.273469
0.325505
0.279071
0.374798
0.205392
0.189077
0.369387
0.352296
0.37715
0.35457
0.352337
0.311965
0.302012
0.29156
0.340707
0.29745
0.295864
0.33138
0.378758
0.368367
0.335702
0.288611
0.356189
0.34399
0.338395
0.361924
0.37243
0.321298
0.332613
0.32051
0.31004
0.464106
0.445335
0.453488
0.450864
0.396448
0.417767
0.464915
0.433789
0.407789
0.462036
0.337498
0.36217
0.38821
0.459822
0.351696
0.348828
0.466556
0.448482
0.464165
0.360939
0.370208
0.425804
0.384033
0.453927
0.40045
0.471074
0.444293
0.409002
0.393533
0.399371
0.429711
0.40755
0.413972
0.311018
0.296586
0.305517
0.326385
0.386292
0.379352
0.371486
0.390928
0.369205
0.319204
0.308638
0.271626
0.25113
0.355312
0.323394
0.256178
0.246828
0.24798
0.303358
0.202841
0.263703
0.330192
0.429156
0.339974
0.45918
0.394326
0.339543
0.349081
0.367984
0.401641
0.413791
0.42751
0.437191
0.421256
0.45538
0.366785
0.420203
0.391508
0.410755
0.371504
0.368341
0.372187
0.388662
0.381237
0.438312
0.381118
0.410529
0.305645
0.379824
0.36752
0.376101
0.381883
0.373773
0.361808
0.368988
0.357352
0.383949
0.406119
0.370151
0.361744
0.349528
0.341337
0.398561
0.424336
0.409295
0.315571
0.461822
0.450191
0.414916
0.410649
0.44106
0.441289
0.398784
0.408082
0.418758
0.419349
0.35077
0.335126
0.339704
0.334618
0.332683
0.325529
0.328706
0.323215
0.320892
0.335157
0.330397
0.306041
0.31372
0.316527
0.308744
0.313984
0.225231
0.183697
0.18035
0.308403
0.162457
0.143039
0.141105
0.125752
0.121571
0.150385
0.12004
0.124675
0.114006
0.106423
0.082216
0.068811
0.0816581
0.0570874
0.0970937
0.0840656
0.0755944
0.0475244
0.0747543
0.0883136
0.0901878
0.0627334
0.0481293
0.0605212
0.0532216
0.061348
0.080095
0.0401096
0.043538
0.0349443
0.0658024
0.0282019
0.0460537
0.0529434
0.0719372
0.0450723
0.0640514
0.0769001
0.0565446
0.0692879
0.0581569
0.302562
0.29065
0.405675
0.271601
0.35314
0.34657
0.259297
0.373597
0.183318
0.0100932
0.216206
0.246585
0.192178
0.264003
0.419595
0.399462
0.433696
0.423146
0.328234
0.356345
0.404507
0.331408
0.382152
0.288599
0.283357
0.445561
0.401654
0.439691
0.41601
0.430128
0.436793
0.420351
0.381168
0.399873
0.347797
0.34413
0.330766
0.352147
0.304019
0.31317
0.421874
0.368085
0.363202
0.398026
0.346524
0.426655
0.328347
0.421341
0.306937
0.419142
0.37927
0.407799
0.391559
0.381749
0.377856
0.383803
0.31564
0.298491
0.337031
0.344638
0.391334
0.398313
0.355155
0.380145
0.398629
0.374783
0.308914
0.339212
0.319235
0.392326
0.386162
0.388808
0.369427
0.377076
0.301636
0.384775
0.356971
0.233567
0.378776
0.340249
0.378196
0.340455
0.306723
0.33075
0.283717
0.359613
0.23769
0.369937
0.363721
0.184357
0.344616
0.314196
0.360927
0.258194
0.352115
0.300567
0.342932
0.35694
0.344959
0.282828
0.261456
0.307718
0.348207
0.342916
0.339694
0.334484
0.286737
0.331136
0.335107
0.33367
0.450722
0.330414
0.416505
0.45921
0.389086
0.383776
0.385509
0.373714
0.390888
0.319306
0.346215
0.352132
0.344439
0.347482
0.338098
0.347583
0.337774
0.324158
0.320521
0.305889
0.303636
0.302898
0.262955
0.26175
0.324942
0.328117
0.320036
0.297746
0.265091
0.239739
0.287541
0.210507
0.242957
0.21737
0.180492
0.125809
0.141465
0.182129
0.141496
0.134171
0.229408
0.128922
0.107715
0.25838
0.113248
0.144359
0.109938
0.105689
0.152518
0.10065
0.101992
0.31132
0.309808
0.246428
0.244002
0.238299
0.228605
0.225426
0.217823
0.218307
0.211525
0.207263
0.182503
0.187906
0.186838
0.181272
0.16899
0.162
0.179089
0.171001
0.165569
0.17012
0.173019
0.164472
0.162906
0.153223
0.131799
0.387879
0.156532
0.337712
0.382092
0.369769
0.376142
0.0969529
0.0795804
0.0943122
0.0896872
0.0804768
0.0647806
0.0850758
0.0713473
0.044652
0.0989409
0.0485781
0.0435775
0.0373437
0.0990407
0.0319762
0.0216102
0.0239225
0.0575429
0.0643638
0.0354518
0.0397973
0.0194569
0.0624413
0.0299182
0.0366667
0.0723368
0.0715447
0.38891
0.401665
0.407809
0.363297
0.453659
0.364078
0.346235
0.351377
0.37136
0.372103
0.27769
0.420099
0.437953
0.42221
0.409944
0.418064
0.402191
0.390798
0.360554
0.473342
0.377584
0.449972
0.459409
0.443165
0.383544
0.449901
0.377986
0.391961
0.415818
0.366003
0.37428
0.349706
0.368964
0.237199
0.24542
0.275094
0.319253
0.291199
0.299237
0.428507
0.414556
0.455712
0.421659
0.311389
0.32376
0.386488
0.40701
0.430984
0.324661
0.416864
0.330125
0.352952
0.399285
0.468793
0.38312
0.430367
0.459598
0.436453
0.46324
0.386175
0.45794
0.381505
0.351619
0.359249
0.404616
0.380081
0.454311
0.43658
0.346984
0.384755
0.412762
0.355171
0.370877
0.440896
0.391694
0.337198
0.331657
0.435531
0.435588
0.405776
0.398336
0.406226
0.449731
0.440179
0.434411
0.452312
0.459973
0.496917
0.52655
0.493035
0.439342
0.498918
0.436923
0.471339
0.466901
0.431058
0.394237
0.48313
0.422127
0.475933
0.517213
0.484645
0.478653
0.474565
0.439809
0.452155
0.445477
0.509863
0.525656
0.482255
0.497227
0.386384
0.50567
0.400471
0.503231
0.473812
0.46094
0.386066
0.421278
0.45344
0.395516
0.384059
0.374612
0.482932
0.439783
0.390718
0.458651
0.460789
0.447428
0.372558
0.364805
0.363389
0.354198
0.354572
0.345649
0.348357
0.476986
0.453777
0.444855
0.434241
0.405771
0.411187
0.441717
0.472716
0.453743
0.465055
0.512464
0.492838
0.493649
0.471623
0.48019
0.463443
0.413445
0.433545
0.424151
0.41226
0.424791
0.37786
0.369171
0.404087
0.432189
0.39451
0.352558
0.371814
0.378754
0.505418
0.487707
0.404001
0.386892
0.363691
0.388303
0.467154
0.451998
0.429428
0.420862
0.422822
0.466553
0.4418
0.421668
0.400978
0.397192
0.46804
0.451167
0.453269
0.425992
0.40767
0.438391
0.41787
0.440914
0.387086
0.374314
0.414263
0.393109
0.421644
0.434404
0.40397
0.424498
0.411072
0.383446
0.360332
0.410365
0.345863
0.458686
0.445482
0.415917
0.420054
0.464849
0.454502
0.437894
0.424748
0.435461
0.463031
0.479512
0.430817
0.335356
0.521907
0.51401
0.47659
0.478402
0.470384
0.485053
0.44666
0.463958
0.459399
0.436546
0.462927
0.411143
0.419069
0.410897
0.425338
0.3218
0.438068
0.40741
0.429399
0.379155
0.434621
0.389599
0.399426
0.458731
0.445523
0.448088
0.455006
0.470387
0.435145
0.443926
0.402197
0.454989
0.512754
0.501895
0.502101
0.467389
0.46664
0.452005
0.456853
0.456627
0.446186
0.42628
0.424765
0.419253
0.405292
0.398198
0.400488
0.388586
0.38446
0.382547
0.362091
0.363364
0.355375
0.325692
0.467919
0.42346
0.433626
0.404762
0.465303
0.461632
0.451781
0.439555
0.445363
0.452659
0.457907
0.465473
0.459119
0.533155
0.525845
0.499121
0.495706
0.488667
0.482102
0.490876
0.449427
0.50433
0.499785
0.497423
0.486918
0.50839
0.500866
0.463714
0.475773
0.464411
0.473592
0.479603
0.484884
0.504517
0.536588
0.500666
0.485501
0.447355
0.486911
0.49602
0.491149
0.498503
0.460092
0.493073
0.373433
0.321067
0.344605
0.497053
0.387439
0.4456
0.329987
0.3393
0.331573
0.327493
0.284504
0.285499
0.381897
0.429088
0.393991
0.37845
0.0937176
0.0825
0.0955314
0.0371869
0.0272303
0.0413258
0.0445467
0.0674956
0.113555
0.0974469
0.0854344
0.0848783
0.157882
0.351693
0.357217
0.352742
0.273695
0.272223
0.276129
0.271406
0.272019
0.320577
0.347653
0.424272
0.433951
0.464277
0.459177
0.459161
0.473419
0.464151
0.411054
0.407179
0.466182
0.436915
0.341115
0.540574
0.613574
0.60812
0.616035
0.564675
0.576292
0.579991
0.556218
0.607559
0.632243
0.599391
0.59387
0.596908
0.589722
0.564274
0.676528
0.67735
0.68753
0.717391
0.604234
0.615059
0.589559
0.583004
0.602176
0.563349
0.583075
0.601272
0.593534
0.602705
0.601441
0.583283
0.558198
0.573157
0.741129
0.581394
0.709852
0.586902
0.733322
0.650956
0.598575
0.656787
0.614706
0.653286
0.704459
0.716792
0.664211
0.63203
0.594469
0.590694
0.607919
0.716893
0.738432
0.652508
0.657369
0.677986
0.728657
0.651703
0.714021
0.736212
0.642742
0.666809
0.736461
0.653018
0.706082
0.661669
0.654801
0.731965
0.6644
0.663701
0.699774
0.678357
0.710207
0.721277
0.728457
0.56551
0.564401
0.564305
0.557234
0.583851
0.578838
0.60353
0.73939
0.726256
0.670769
0.635553
0.635706
0.662659
0.644521
0.717655
0.656884
0.735463
0.719941
0.690972
0.671815
0.643301
0.66434
0.651604
0.701169
0.735367
0.729961
0.640078
0.645227
0.662304
0.737743
0.667946
0.556463
0.592514
0.59031
0.743155
0.737134
0.65415
0.656983
0.683223
0.743617
0.581144
0.600896
0.591188
0.673825
0.656875
0.631951
0.694391
0.63328
0.689622
0.616224
0.608566
0.634666
0.58784
0.587768
0.743475
0.723868
0.71021
0.660162
0.606803
0.631899
0.648062
0.658468
0.661185
0.678012
0.596234
0.605292
0.736372
0.716618
0.607753
0.734212
0.693166
0.666239
0.593659
0.61996
0.621545
0.723387
0.714358
0.65377
0.722288
0.632894
0.68169
0.628467
0.698113
0.698645
0.726415
0.705167
0.737573
0.643098
0.635396
0.654926
0.719618
0.716196
0.737833
0.661158
0.628378
0.635301
0.756499
0.68144
0.619503
0.662764
0.67715
0.665446
0.646074
0.634096
0.627306
0.64109
0.646094
0.650238
0.607858
0.663089
0.760899
0.654204
0.637052
0.635975
0.719966
0.692338
0.691288
0.704724
0.684339
0.636823
0.691708
0.660845
0.652368
0.675694
0.692623
0.607416
0.663368
0.564829
0.577984
0.563845
0.573002
0.601802
0.614503
0.606447
0.595008
0.751708
0.671052
0.690636
0.770211
0.653827
0.626406
0.618104
0.603849
0.603475
0.618201
0.651347
0.639231
0.610144
0.633062
0.632984
0.574539
0.58572
0.702146
0.708113
0.612926
0.604246
0.604904
0.538569
0.529793
0.542262
0.635246
0.61097
0.639027
0.598568
0.604328
0.622639
0.703631
0.69836
0.769127
0.727216
0.585788
0.619893
0.590278
0.633559
0.610687
0.689763
0.617968
0.706725
0.691733
0.691689
0.661838
0.659894
0.648365
0.639697
0.63071
0.799949
0.687122
0.671009
0.671506
0.656971
0.615352
0.644221
0.594575
0.595266
0.582824
0.590694
0.799309
0.605977
0.599701
0.770691
0.743698
0.729287
0.701041
0.816476
0.78237
0.778594
0.745409
0.702591
0.775965
0.790224
0.743755
0.682711
0.763783
0.742607
0.695125
0.681912
0.695582
0.668732
0.663274
0.668302
0.673994
0.715935
0.68684
0.701065
0.705423
0.662368
0.669825
0.734916
0.726158
0.761488
0.734222
0.683649
0.678888
0.706194
0.65611
0.669995
0.741796
0.679485
0.724575
0.738788
0.698021
0.761964
0.638276
0.732489
0.743547
0.732709
0.741845
0.762511
0.788641
0.760684
0.748976
0.719674
0.741757
0.712445
0.703801
0.680821
0.678403
0.657027
0.734647
0.634032
0.643131
0.67268
0.645998
0.62652
0.713652
0.648559
0.664623
0.632124
0.700266
0.623954
0.651044
0.789722
0.774671
0.580679
0.588581
0.596259
0.562783
0.6068
0.594913
0.79922
0.813074
0.785475
0.805151
0.808104
0.787902
0.760803
0.775008
0.749014
0.799625
0.819171
0.770478
0.712071
0.730727
0.723082
0.713121
0.693858
0.657659
0.671495
0.667321
0.633121
0.63634
0.674588
0.642095
0.697506
0.756847
0.776286
0.620689
0.65626
0.789876
0.774562
0.588442
0.581755
0.714119
0.649296
0.660026
0.623535
0.638601
0.632529
0.640613
0.674227
0.664496
0.627805
0.655279
0.620667
0.643141
0.667219
0.621675
0.64731
0.651079
0.575814
0.675918
0.6414
0.622909
0.651855
0.63367
0.547565
0.600934
0.569016
0.612555
0.623869
0.608766
0.63501
0.589689
0.583264
0.656082
0.637186
0.639105
0.580613
0.540466
0.535772
0.608741
0.548833
0.583629
0.540255
0.532109
0.555421
0.833587
0.839694
0.810129
0.785646
0.799261
0.642146
0.64854
0.636283
0.661572
0.63798
0.630126
0.620696
0.664629
0.641791
0.670736
0.632641
0.643458
0.626171
0.644186
0.672031
0.828687
0.814882
0.71464
0.726236
0.72056
0.735848
0.709958
0.70252
0.770712
0.732155
0.711945
0.719152
0.690895
0.662298
0.591202
0.589672
0.610455
0.606424
0.690221
0.594082
0.575291
0.773818
0.761939
0.58929
0.57767
0.578418
0.56134
0.550613
0.554539
0.548286
0.54093
0.602426
0.644722
0.605784
0.571529
0.613232
0.631257
0.653573
0.5784
0.653838
0.568057
0.569563
0.577269
0.799566
0.758449
0.754809
0.749423
0.70877
0.599607
0.62804
0.674458
0.681954
0.638942
0.634648
0.717231
0.646134
0.631849
0.715775
0.628014
0.707674
0.746386
0.700582
0.732421
0.720317
0.644346
0.71874
0.688882
0.727144
0.733583
0.72998
0.667866
0.690304
0.689411
0.69837
0.686516
0.690539
0.700953
0.696254
0.701978
0.713198
0.722147
0.735471
0.752355
0.70292
0.75633
0.792491
0.774826
0.760827
0.644904
0.625967
0.68844
0.725252
0.602684
0.611958
0.583769
0.570486
0.588177
0.586575
0.806695
0.714987
0.734316
0.706363
0.759381
0.717128
0.762243
0.757529
0.71875
0.718193
0.690069
0.73153
0.700025
0.716103
0.667881
0.680895
0.666679
0.684199
0.65207
0.681358
0.672213
0.645894
0.719742
0.649337
0.70392
0.626379
0.745589
0.774594
0.664631
0.561954
0.549564
0.839012
0.789295
0.814668
0.800156
0.719093
0.744405
0.808115
0.71039
0.782945
0.701063
0.770383
0.707909
0.702242
0.694234
0.779881
0.799724
0.801807
0.691281
0.684888
0.711941
0.695995
0.68221
0.695519
0.670718
0.687999
0.676221
0.676748
0.684388
0.65454
0.655405
0.651377
0.655081
0.642291
0.641226
0.633452
0.688584
0.833755
0.754226
0.764017
0.617876
0.837816
0.817374
0.811662
0.803741
0.796042
0.798216
0.778722
0.782873
0.777518
0.764382
0.708568
0.750756
0.701371
0.754794
0.752457
0.734595
0.729024
0.694163
0.704792
0.686755
0.669194
0.704621
0.717332
0.688791
0.66546
0.681128
0.705481
0.656244
0.686219
0.623605
0.776555
0.785488
0.614798
0.63479
0.637787
0.665302
0.746789
0.670656
0.661769
0.685415
0.557915
0.723963
0.731624
0.722037
0.833749
0.764841
0.805355
0.799567
0.738716
0.830596
0.80749
0.735173
0.815299
0.733358
0.785178
0.701712
0.696633
0.741384
0.797364
0.792659
0.741079
0.651231
0.793273
0.696473
0.672332
0.663081
0.808965
0.743691
0.760664
0.767093
0.712639
0.800768
0.774564
0.793887
0.746341
0.740874
0.738857
0.758146
0.743766
0.706534
0.756373
0.764989
0.755386
0.76226
0.762873
0.765148
0.775578
0.755178
0.771666
0.757179
0.768951
0.760466
0.780756
0.786547
0.766671
0.778159
0.770004
0.798511
0.78723
0.786164
0.787618
0.793281
0.811886
0.824149
0.832464
0.766445
0.824831
0.836109
0.817001
0.689683
0.692271
0.691658
0.695316
0.694121
0.677462
0.682227
0.693045
0.699928
0.674134
0.663665
0.714217
0.71832
0.723537
0.713683
0.710018
0.718365
0.702003
0.725751
0.708819
0.748682
0.751482
0.696537
0.807274
0.791747
0.783927
0.771468
0.611725
0.589148
0.742285
0.558152
0.736639
0.750775
0.748078
0.522842
0.532515
0.75182
0.798917
0.637847
0.627399
0.609561
0.603067
0.567234
0.740052
0.532043
0.639193
0.725396
0.734494
0.620901
0.75507
0.765194
0.675015
0.659256
0.68154
0.676524
0.59984
0.809407
0.82234
0.672672
0.652524
0.703949
0.69447
0.688881
0.685891
0.678382
0.672588
0.619911
0.642373
0.63286
0.611169
0.601983
0.603928
0.621852
0.678603
0.704497
0.757578
0.780027
0.784998
0.830196
0.768092
0.662861
0.655103
0.683117
0.569356
0.64336
0.759801
0.749673
0.773038
0.7361
0.74269
0.764523
0.705338
0.695371
0.668528
0.655594
0.531393
0.535121
0.821858
0.824584
0.836942
0.801025
0.800473
0.785276
0.806971
0.776945
0.814926
0.7823
0.778912
0.725236
0.767384
0.669683
0.772038
0.785362
0.783636
0.795058
0.792698
0.779314
0.772232
0.758461
0.740192
0.710892
0.6719
0.713086
0.716764
0.727443
0.628305
0.681396
0.689117
0.730004
0.743618
0.68576
0.585002
0.718065
0.831992
0.71119
0.706557
0.688888
0.67809
0.784715
0.768874
0.694471
0.645541
0.595828
0.599507
0.6706
0.698058
0.685192
0.705535
0.738308
0.626618
0.586765
0.700991
0.727284
0.800364
0.801544
0.549059
0.579984
0.588352
0.528425
0.547297
0.520364
0.620822
0.603492
0.676469
0.684574
0.796739
0.783888
0.675299
0.719132
0.817819
0.628615
0.638587
0.680503
0.632621
0.666784
0.681303
0.741077
0.796479
0.780617
0.700835
0.706015
0.723205
0.601254
0.60683
0.793761
0.747876
0.753252
0.787674
0.812864
0.867232
0.879555
0.752833
0.765477
0.897885
0.771667
0.768228
0.881197
0.890529
0.926991
0.888218
0.76896
0.893289
0.732476
0.890466
0.812519
0.90945
0.777014
0.792155
0.819391
0.888809
0.868241
0.863674
0.800237
0.847905
0.805128
0.847263
0.847011
0.736787
0.773101
0.786439
0.81277
0.781637
0.803932
0.767708
0.788204
0.79074
0.783776
0.727072
0.758084
0.776061
0.761399
0.850712
0.943344
0.745327
0.890799
0.909618
0.899752
0.752982
0.908646
0.905364
0.938316
0.888236
0.839044
0.789509
0.898817
0.836087
0.937308
0.891748
0.966494
0.893943
0.873775
0.948075
0.757312
0.876167
0.832038
0.823886
0.826996
0.839808
0.804922
0.811088
0.803355
0.776455
0.83541
0.766788
0.80308
0.827336
0.840611
0.803033
0.787855
0.778597
0.771865
0.780446
0.858069
0.796115
0.767715
0.752258
0.788503
0.765794
0.741719
0.870584
0.843814
0.777691
0.735162
0.754374
0.74405
0.830484
0.78182
0.85139
0.717807
0.800687
0.754697
0.898587
0.816404
0.826923
0.71714
0.710122
0.835522
0.711223
0.826041
0.786081
0.721766
0.759886
0.732642
0.795585
0.807915
0.745555
0.755678
0.749299
0.82735
0.770024
0.784434
0.769907
0.766116
0.755261
0.825415
0.847957
0.814708
0.87263
0.88028
0.789684
0.806803
0.888738
0.87046
0.859251
0.84613
0.920543
0.906938
0.820591
0.881911
0.802384
0.82397
0.867395
0.873453
0.779972
0.794363
0.88226
0.867683
0.779533
0.86561
0.867425
0.800379
0.80363
0.756291
0.767114
0.912624
0.745228
0.911527
0.883565
0.798238
0.809657
0.916189
0.847236
0.847876
0.868146
0.90302
0.870284
0.905514
0.884412
0.890133
0.868081
0.768112
0.89138
0.894812
0.887609
0.870107
0.87725
0.885319
0.87667
0.866862
0.877787
0.865676
0.830885
0.877995
0.783405
0.877287
0.87928
0.871581
0.873444
0.878831
0.841965
0.868702
0.830491
0.840853
0.823546
0.901291
0.8782
0.87838
0.732265
0.761036
0.756844
0.755251
0.735711
0.719335
0.881187
0.868016
0.845122
0.858005
0.881989
0.904377
0.81761
0.84111
0.806527
0.793618
0.819426
0.842641
0.804904
0.827191
0.817591
0.841162
0.805573
0.871026
0.81044
0.84012
0.828538
0.877635
0.783952
0.819305
0.777082
0.802688
0.868027
0.824693
0.895654
0.794114
0.791872
0.838678
0.841315
0.814418
0.843645
0.792802
0.81903
0.789216
0.836645
0.808205
0.854166
0.870166
0.782611
0.78026
0.82956
0.869861
0.817453
0.886513
0.898405
0.794978
0.891906
0.813456
0.892775
0.846474
0.909033
0.814538
0.849444
0.90005
0.845988
0.841919
0.857494
0.874071
0.947248
0.927276
0.917448
0.958763
0.751375
0.854169
0.880064
0.842233
0.924186
0.910669
0.869304
0.945625
0.873338
0.879069
0.961657
0.777632
0.852889
0.879206
0.891636
0.899424
0.890517
0.979952
0.956864
0.802643
0.791537
0.779836
0.80031
0.794354
0.786114
0.848884
0.828453
0.903829
0.819107
0.76368
0.779011
0.784124
0.775641
0.78169
0.77486
0.799489
0.76482
0.828716
0.822082
0.878043
0.841494
0.77682
0.845458
0.810098
0.886091
0.853326
0.871957
0.851183
0.849613
0.8649
0.892119
0.859792
0.758796
0.754003
0.748299
0.794443
0.916023
0.926972
0.950611
0.847497
0.907278
0.851049
0.880237
0.891695
0.97053
0.876319
0.864898
0.881608
0.868344
0.86545
0.864337
0.794394
0.782296
0.789649
0.760205
0.879114
0.861717
0.91697
0.886922
0.912273
0.863784
0.864616
0.85396
0.837961
0.878066
0.900976
0.892157
0.833714
0.895291
0.891127
0.809712
0.850144
0.803366
0.797784
0.832728
0.839225
0.807971
0.836148
0.797031
0.847667
0.844352
0.856477
0.858886
0.856069
0.847246
0.866483
0.848612
0.857474
0.870914
0.869417
0.874796
0.884036
0.802534
0.891685
0.885206
0.806181
0.797602
0.874737
0.818502
0.87948
0.835642
0.808059
0.829839
0.843947
0.844465
0.845592
0.803342
0.86255
0.774802
0.73157
0.725619
0.725545
0.800624
0.880507
0.873317
0.84282
0.843593
0.876105
0.861084
0.74366
0.812121
0.969146
0.92108
0.927708
0.870368
0.877924
0.893906
0.822724
0.799129
0.839514
0.823036
0.850663
0.843595
0.837365
0.858205
0.850601
0.850051
0.813357
0.833996
0.831055
0.869467
0.873081
0.84954
0.82878
0.830538
0.826346
0.814797
0.810014
0.809978
0.85575
0.867191
0.859665
0.849389
0.821406
0.8129
0.8646
0.845441
0.888081
0.826345
0.816029
0.833457
0.886676
0.800731
0.774809
0.839421
0.833429
0.849009
0.824581
0.839624
0.792638
0.780818
0.781527
0.793822
0.913808
0.898986
0.888437
0.874688
0.85958
0.94293
0.950764
0.933973
0.920558
0.934374
0.982528
0.982182
0.755932
0.737267
0.738461
0.828165
0.836048
0.810267
0.606687
0.628797
0.667952
0.577241
0.642169
0.58138
0.687755
0.672326
0.688267
0.679477
0.667851
0.655272
0.727585
0.648722
0.674016
0.769483
0.792978
0.742273
0.726423
0.72472
0.770267
0.770474
0.747703
0.730366
0.719486
0.688028
0.661034
0.662621
0.819029
0.800914
0.772164
0.765737
0.654319
0.559999
0.71192
0.723884
0.719633
0.730591
0.74884
0.514963
0.521878
0.527369
0.472703
0.464527
0.454698
0.448488
0.504847
0.49574
0.491097
0.476922
0.480935
0.468796
0.442764
0.444891
0.486149
0.470882
0.477895
0.487542
0.5666
0.576702
0.543985
0.550529
0.549531
0.523984
0.559506
0.537422
0.532533
0.545552
0.562247
0.538261
0.540357
0.508304
0.478893
0.520362
0.52285
0.492894
0.4866
0.47532
0.463423
0.47119
0.497818
0.490486
0.476554
0.485086
0.480989
0.506911
0.541804
0.551526
0.539496
0.531019
0.499479
0.497295
0.534145
0.500152
0.546649
0.543656
0.55602
0.538055
0.547912
0.525017
0.537553
0.53376
0.525951
0.454048
0.468253
0.46377
0.469745
0.527283
0.536238
0.516838
0.536802
0.532009
0.515769
0.539497
0.497504
0.528292
0.514172
0.503721
0.515189
0.527159
0.497734
0.606828
0.586822
0.576308
0.566887
0.563679
0.573032
0.571408
0.581432
0.585043
0.55135
0.566113
0.5537
0.55506
0.567628
0.539192
0.5062
0.517157
0.503502
0.563681
0.580053
0.565291
0.578036
0.545798
0.570332
0.53797
0.535727
0.525709
0.52639
0.513122
0.571158
0.558412
0.575236
0.572562
0.581083
0.538005
0.570341
0.549717
0.541977
0.544949
0.545194
0.509609
0.501974
0.507677
0.567064
0.567895
0.593358
0.569941
0.558332
0.569211
0.564242
0.574024
0.578057
