# M0_reordered
# Number of vertices: 222, Number of faces: 440
# Preprocessing time: 0.024453
# Query time: 0.000168584
0.241203
0.279442
0.17389
0.305529
0.369698
0.353438
0.245226
0.304562
0.300929
0.245202
0.301809
0.21891
0.11274
0.0693312
0.256921
0.410799
0
0.282256
0.201779
0.313611
0.360014
0.304538
0.406251
0.3495
0.415943
0.450064
0.400877
0.356042
0.231092
0.34869
0.345128
0.369657
0.407632
0.398627
0.312304
0.442061
0.321006
0.125275
0.0517345
0.0690481
0.0506657
0.424564
0.392316
0.307513
0.382635
0.356181
0.396022
0.381862
0.235603
0.351693
0.353495
0.390946
0.396824
0.335108
0.176164
0.1129
0.275264
0.224278
0.179877
0.128637
0.0950414
0.0706622
0.041359
0.361415
0.401121
0.4266
0.335277
0.43663
0.344415
0.498526
0.494676
0.426461
0.451911
0.464119
0.354333
0.342474
0.457205
0.441604
0.46464
0.420974
0.487951
0.437853
0.465847
0.472244
0.39629
0.475021
0.478829
0.269583
0.0297327
0.472217
0.464771
0.453681
0.594446
0.594757
0.649969
0.612397
0.70173
0.77781
0.693331
0.659147
0.764751
0.679575
0.644327
0.64813
0.712694
0.671855
0.665592
0.604106
0.567975
0.54648
0.719031
0.762979
0.79527
0.694377
0.681485
0.707353
0.801855
0.696569
0.633422
0.690359
0.66242
0.641371
0.790373
0.739686
0.718388
0.620885
0.620488
0.723035
0.739662
0.752233
0.722861
0.66856
0.586247
0.821862
0.740822
0.799816
0.707141
0.826764
0.769096
0.643228
0.812508
0.752241
0.737331
0.767471
0.693788
0.705311
0.803182
0.81236
0.580735
0.799894
0.557926
0.650781
0.606571
0.772553
0.672614
0.631923
0.797158
0.740561
0.735111
0.767101
0.688909
0.862245
0.762473
0.841921
0.696269
0.615934
0.895916
0.927051
0.973068
0.870456
0.780239
0.778592
0.823702
0.801264
0.927059
0.925851
0.950831
0.776308
0.861583
0.924336
0.911849
0.954951
0.909357
0.916914
0.901101
0.887075
0.815666
0.810735
0.898269
0.940366
0.835385
0.869704
0.937807
0.870797
0.790305
0.825618
0.830164
0.857727
0.828969
0.893261
0.852767
0.864988
0.907571
0.88164
0.905482
0.897189
0.853041
0.846994
0.769929
0.742556
0.74342
0.690485
0.809993
0.771794
0.460586
0.557141
0.566345
0.500164
0.525467
0.58754
0.56589
0.579923
