# M0_reordered
# Number of vertices: 222, Number of faces: 440
# Preprocessing time: 0.000531417
# Query time: 3.46431
0.247355
0.284005
0.178938
0.31157
0.37574
0.35866
0.250448
0.322033
0.314009
0.250424
0.307961
0.223818
0.117901
0.0693312
0.262082
0.414855
0
0.305107
0.207001
0.318833
0.366642
0.30976
0.411473
0.370244
0.446715
0.485363
0.404272
0.359437
0.235249
0.369435
0.36722
0.390455
0.430116
0.402784
0.316461
0.447238
0.325569
0.129432
0.0517345
0.0690481
0.0506657
0.431148
0.402583
0.309696
0.388787
0.357317
0.401244
0.39263
0.240764
0.356915
0.370967
0.410613
0.403408
0.336621
0.181325
0.1129
0.296009
0.24195
0.189994
0.133859
0.107451
0.0706622
0.041359
0.382146
0.423972
0.46218
0.358128
0.442301
0.348123
0.507277
0.496634
0.434803
0.457541
0.464368
0.358489
0.346631
0.458718
0.445761
0.466198
0.424682
0.493323
0.442009
0.470004
0.473774
0.397803
0.480155
0.483248
0.27374
0.0297327
0.50605
0.487366
0.476532
0.606413
0.604914
0.658937
0.623329
0.708307
0.786113
0.703373
0.669304
0.774793
0.689732
0.650904
0.658287
0.719133
0.673223
0.663293
0.622639
0.577854
0.557412
0.732322
0.769258
0.802215
0.712026
0.706757
0.718275
0.804976
0.700002
0.651071
0.702327
0.676212
0.64746
0.793428
0.742741
0.72176
0.624257
0.63142
0.733112
0.750528
0.768874
0.733774
0.679493
0.596404
0.827286
0.749702
0.803249
0.708509
0.850672
0.793337
0.65648
0.815941
0.755674
0.740764
0.782149
0.699203
0.721775
0.827423
0.83443
0.591601
0.809137
0.568083
0.661713
0.620484
0.775608
0.675986
0.642789
0.806393
0.762162
0.744354
0.776344
0.699307
0.868042
0.768944
0.844434
0.712782
0.626091
0.903647
0.941098
0.980799
0.880074
0.790966
0.789515
0.834568
0.811656
0.936094
0.934886
0.960587
0.785551
0.88715
0.933954
0.925896
0.963986
0.926024
0.933282
0.916168
0.909962
0.830147
0.821461
0.908233
0.95648
0.850513
0.878739
0.947479
0.887464
0.807026
0.842339
0.846885
0.874449
0.838085
0.902182
0.862384
0.879469
0.924211
0.891258
0.9151
0.906224
0.862659
0.860708
0.794169
0.766797
0.754342
0.701351
0.819611
0.791959
0.470743
0.558077
0.567903
0.510432
0.534128
0.58726
0.572614
0.583982
