# M1_reordered
# Number of vertices: 883, Number of faces: 1762
# Preprocessing time: 0.000447375
# Query time: 9.0459e-05
0.234864
0.27665
0.175039
0.290746
0.358218
0.330915
0.228909
0.282374
0.297398
0.239057
0.298118
0.217557
0.116235
0.0673458
0.245034
0.385936
0
0.288254
0.199415
0.312814
0.353454
0.284163
0.376794
0.33826
0.427329
0.45346
0.384631
0.359376
0.226997
0.333676
0.345546
0.371561
0.409017
0.393038
0.308158
0.421503
0.315903
0.1181
0.0531135
0.0694646
0.065805
0.403148
0.384061
0.290815
0.380583
0.343548
0.390644
0.363167
0.213502
0.348779
0.356349
0.377402
0.370079
0.318681
0.17297
0.109146
0.264223
0.20923
0.139816
0.150005
0.0955399
0.0667341
0.0698838
0.36342
0.424506
0.432671
0.349389
0.425252
0.343653
0.485751
0.473231
0.411571
0.426435
0.452518
0.379174
0.333028
0.445243
0.449023
0.464035
0.424527
0.460472
0.436248
0.454449
0.451486
0.376553
0.444371
0.448284
0.267812
0.0323347
0.47589
0.485857
0.480246
0.548891
0.559905
0.612549
0.586525
0.660958
0.730848
0.661926
0.641834
0.730257
0.647481
0.606745
0.617784
0.666331
0.641331
0.628618
0.600362
0.564184
0.526321
0.70607
0.745431
0.757909
0.701259
0.693438
0.676559
0.755567
0.667721
0.634965
0.671292
0.650111
0.616882
0.74272
0.716152
0.698107
0.592467
0.607418
0.701412
0.712908
0.773707
0.707543
0.652819
0.563759
0.781563
0.714412
0.759373
0.674655
0.829913
0.77205
0.622058
0.777858
0.72056
0.694925
0.788956
0.668713
0.683193
0.81125
0.814342
0.559444
0.756791
0.537012
0.636028
0.597367
0.743478
0.652878
0.607787
0.750131
0.740855
0.691533
0.721745
0.671027
0.82605
0.720139
0.793406
0.679323
0.601024
0.856547
0.891119
0.945886
0.81797
0.758583
0.743839
0.79057
0.76525
0.89964
0.891754
0.909581
0.744793
0.809299
0.885312
0.876762
0.920837
0.88464
0.88289
0.869006
0.871929
0.805452
0.791999
0.881821
0.905038
0.802282
0.838729
0.905413
0.848223
0.777326
0.802065
0.751634
0.826599
0.792481
0.860977
0.815137
0.84215
0.866868
0.850939
0.865493
0.864686
0.81838
0.839323
0.772837
0.746986
0.710622
0.655418
0.774741
0.76415
0.451465
0.534266
0.541929
0.489772
0.520804
0.565247
0.548575
0.549771
0.261064
0.275183
0.320241
0.211598
0.272016
0.26434
0.297992
0.323023
0.201145
0.198398
0.237469
0.253993
0.242146
0.141718
0.275911
0.391443
0.108653
0.301494
0.328515
0.267118
0.330384
0.345115
0.296622
0.315085
0.25802
0.313677
0.283186
0.328483
0.172332
0.145025
0.179777
0.0262711
0.0362596
0.366573
0.346237
0.356085
0.245703
0.139116
0.112325
0.159065
0.0756938
0.0563958
0.337627
0.324936
0.27801
0.266088
0.240427
0.295834
0.178645
0.212204
0.292819
0.397894
0.370365
0.340504
0.334786
0.315433
0.0501443
0.0812838
0.0246725
0.0550133
0.0512214
0.0470038
0.126101
0.140164
0.133222
0.331
0.318297
0.22746
0.340969
0.301381
0.383611
0.355868
0.369305
0.465586
0.329329
0.410131
0.348851
0.447611
0.382185
0.497842
0.409789
0.402678
0.305958
0.324241
0.363109
0.323425
0.343821
0.242876
0.335356
0.373783
0.395375
0.48673
0.400601
0.422486
0.415949
0.377041
0.385711
0.357637
0.335174
0.321773
0.437899
0.322021
0.414161
0.399224
0.415806
0.323759
0.129547
0.0964976
0.0936608
0.0709175
0.0997936
0.0419121
0.0516582
0.0636464
0.345727
0.291783
0.287742
0.163362
0.128688
0.2753
0.358633
0.368239
0.432832
0.352093
0.453059
0.347762
0.305993
0.323665
0.340554
0.417637
0.428116
0.368433
0.413724
0.393405
0.328482
0.400523
0.361661
0.377096
0.265198
0.29157
0.357733
0.321906
0.34808
0.297651
0.338553
0.353474
0.489225
0.333316
0.409478
0.349162
0.334331
0.31244
0.299699
0.320975
0.250354
0.293504
0.241486
0.209252
0.17396
0.186962
0.141723
0.165136
0.170921
0.417764
0.0896609
0.0785124
0.0792507
0.0937304
0.0664068
0.0641295
0.064264
0.0752405
0.0496014
0.0893832
0.061176
0.0172995
0.0266225
0.436963
0.460703
0.360517
0.367388
0.490102
0.424216
0.465931
0.234791
0.303773
0.306747
0.476289
0.423653
0.467942
0.394048
0.361623
0.444159
0.499088
0.459013
0.369477
0.356463
0.402214
0.364101
0.419512
0.430107
0.454732
0.517067
0.492758
0.474154
0.496798
0.46074
0.483105
0.414707
0.465109
0.478298
0.338192
0.457796
0.489333
0.323516
0.366535
0.462286
0.441324
0.417522
0.462619
0.422979
0.393529
0.39314
0.462742
0.337021
0.512465
0.399294
0.414281
0.386814
0.40904
0.460642
0.420139
0.40895
0.390617
0.381163
0.352347
0.43495
0.492425
0.478613
0.456835
0.528318
0.449221
0.500633
0.490346
0.527227
0.503639
0.496978
0.477091
0.474456
0.470001
0.507784
0.426592
0.345859
0.297728
0.080332
0.052071
0.407154
0.467218
0.265009
0.342429
0.391323
0.456995
0.482414
0.563399
0.59553
0.707828
0.731783
0.594449
0.555037
0.579178
0.68586
0.608807
0.634679
0.676556
0.648596
0.72669
0.584777
0.574089
0.684826
0.630348
0.663315
0.633696
0.705548
0.648496
0.567866
0.584068
0.688108
0.659115
0.612693
0.574951
0.536217
0.711763
0.682561
0.664916
0.646781
0.73133
0.589496
0.627793
0.608542
0.688818
0.613426
0.689003
0.659149
0.683501
0.620881
0.714006
0.684544
0.610787
0.631954
0.537699
0.533118
0.602395
0.613921
0.669591
0.645933
0.66277
0.800824
0.627246
0.548772
0.545177
0.611679
0.595829
0.671265
0.663741
0.688034
0.676106
0.644064
0.764631
0.742192
0.699762
0.690931
0.734343
0.710004
0.769234
0.706935
0.692583
0.643584
0.71068
0.806218
0.676332
0.704054
0.737242
0.711291
0.762692
0.80851
0.728964
0.739573
0.640462
0.511678
0.58551
0.786685
0.740788
0.794451
0.655241
0.728156
0.738894
0.617091
0.744035
0.822221
0.63183
0.587784
0.553486
0.598678
0.572448
0.74064
0.814203
0.699477
0.762024
0.788704
0.694071
0.575092
0.599258
0.686909
0.680076
0.58521
0.582126
0.593136
0.516171
0.689436
0.594785
0.606892
0.573788
0.651441
0.8111
0.609256
0.686968
0.650598
0.689881
0.667939
0.693135
0.730737
0.715349
0.785566
0.647608
0.572304
0.630944
0.748529
0.724348
0.69525
0.659227
0.680028
0.702233
0.778427
0.823208
0.717479
0.798112
0.749989
0.692417
0.671013
0.622182
0.815875
0.794393
0.773668
0.744462
0.703453
0.692182
0.66368
0.794458
0.667299
0.662293
0.77423
0.68067
0.73373
0.753869
0.820049
0.80901
0.800992
0.760391
0.76535
0.680047
0.759738
0.716277
0.699857
0.703176
0.782084
0.807247
0.781842
0.774326
0.733697
0.779446
0.807616
0.796895
0.746328
0.695879
0.65978
0.675357
0.669955
0.692819
0.724293
0.855733
0.610607
0.611872
0.759479
0.598282
0.567228
0.592432
0.669976
0.817972
0.652365
0.682771
0.605981
0.636209
0.763147
0.749494
0.77352
0.581663
0.651267
0.655973
0.663444
0.771384
0.748273
0.822335
0.750979
0.72545
0.763593
0.712498
0.637622
0.690455
0.716736
0.719863
0.817489
0.690484
0.681566
0.646957
0.638227
0.685547
0.70333
0.766732
0.785566
0.667072
0.678029
0.654385
0.746545
0.728533
0.674315
0.608934
0.902474
0.897953
0.864122
0.890923
0.76031
0.86001
0.866148
0.88281
0.868917
0.735459
0.783268
0.766724
0.761336
0.783362
0.785555
0.743887
0.84621
0.944133
0.891282
0.76231
0.793017
0.861634
0.760425
0.793593
0.738255
0.825795
0.757019
0.788232
0.772605
0.832065
0.86764
0.800692
0.821688
0.884869
0.862116
0.80945
0.74996
0.900241
0.901618
0.847896
0.875558
0.822497
0.868688
0.842702
0.852073
0.908675
0.786429
0.754342
0.836092
0.819438
0.871913
0.832811
0.858792
0.857746
0.868607
0.817312
0.869889
0.836155
0.894272
0.898095
0.914606
0.727384
0.887359
0.931416
0.874393
0.935099
0.886469
0.978392
0.822146
0.787939
0.790437
0.758473
0.74149
0.844678
0.877733
0.773584
0.937846
0.846675
0.877202
1.00257
0.890841
0.884199
0.918271
0.860978
0.885609
0.83303
0.847492
0.831731
0.861267
0.809673
0.813137
0.834008
0.870861
0.856228
0.850242
0.824754
0.891197
0.95201
0.96315
0.912796
0.818326
0.81219
0.860273
0.83565
0.869188
0.802791
0.819854
0.832682
0.866348
0.81949
0.871724
0.79707
0.821441
0.81298
0.815527
0.802434
0.891117
0.877665
0.951445
0.957553
0.935082
0.920708
0.757253
0.810664
0.611726
0.649764
0.582983
0.619336
0.662686
0.68192
0.685925
0.725832
0.637925
0.759151
0.763933
0.458362
0.470068
0.497178
0.542689
0.484044
0.513209
0.536791
0.541996
0.527602
0.503478
0.52378
0.501853
0.510334
0.520732
0.454301
0.520382
0.565122
0.525559
0.585116
0.598739
0.586931
0.565355
0.578302
0.58319
0.568367
0.545415
0.574826
0.580863
0.557278
0.559424
