# M2_reordered
# Number of vertices: 3527, Number of faces: 7050
# Preprocessing time: 0.1064
# Query time: 0.00345721
0.231429
0.272427
0.171626
0.287629
0.346046
0.327117
0.224506
0.280136
0.292128
0.230706
0.289807
0.212253
0.116207
0.0678445
0.24372
0.375838
0
0.270416
0.195031
0.298101
0.334381
0.279056
0.377607
0.328397
0.407127
0.431192
0.380015
0.354559
0.222952
0.32455
0.323178
0.348652
0.382883
0.384419
0.305324
0.416034
0.31164
0.119083
0.0530731
0.0703071
0.0662064
0.385101
0.368821
0.288691
0.369251
0.338607
0.376085
0.364315
0.21178
0.335327
0.334485
0.366049
0.361288
0.312085
0.169814
0.110033
0.253859
0.20411
0.138757
0.137951
0.086869
0.0668345
0.0494419
0.340593
0.390526
0.409418
0.323159
0.421829
0.327606
0.478258
0.468424
0.400369
0.417598
0.442959
0.364946
0.330506
0.429255
0.430824
0.444782
0.402321
0.451621
0.430949
0.449816
0.451784
0.373853
0.443474
0.446773
0.265941
0.0324455
0.451765
0.446281
0.445234
0.532585
0.547136
0.590676
0.569668
0.647952
0.713313
0.643048
0.621264
0.710932
0.635688
0.589077
0.604384
0.649214
0.629337
0.624684
0.577901
0.539011
0.516102
0.685962
0.725813
0.73915
0.66645
0.651639
0.66568
0.737782
0.649122
0.607797
0.65865
0.628701
0.604077
0.715914
0.695125
0.681249
0.583658
0.589526
0.691237
0.701991
0.74654
0.689232
0.63691
0.551579
0.758466
0.69574
0.738624
0.668453
0.791906
0.734542
0.608428
0.759376
0.701694
0.678894
0.740558
0.651973
0.669375
0.764319
0.765953
0.547944
0.751001
0.523728
0.619167
0.575658
0.718556
0.636853
0.594785
0.738355
0.71228
0.685477
0.712535
0.655952
0.800051
0.70216
0.776638
0.660276
0.579602
0.842748
0.872203
0.916509
0.802099
0.735976
0.735021
0.781827
0.762162
0.872313
0.876043
0.905169
0.732072
0.793225
0.880669
0.857951
0.91626
0.865221
0.876623
0.849655
0.841122
0.779396
0.75913
0.846294
0.900468
0.791941
0.822521
0.885577
0.828841
0.757013
0.783285
0.738191
0.811651
0.777974
0.844976
0.809823
0.832054
0.853674
0.836701
0.85837
0.844596
0.818438
0.807845
0.738234
0.712065
0.699457
0.649512
0.767775
0.723558
0.43645
0.524619
0.526102
0.476407
0.493069
0.555923
0.540935
0.545284
0.257896
0.267778
0.305629
0.211665
0.251608
0.247761
0.283984
0.315457
0.198514
0.194695
0.233482
0.250092
0.233786
0.13425
0.268624
0.379974
0.10861
0.297239
0.315075
0.259178
0.314655
0.323212
0.294536
0.313458
0.255432
0.294035
0.276252
0.312823
0.171919
0.145204
0.17621
0.0266242
0.0320179
0.351045
0.334186
0.340262
0.242325
0.138588
0.108627
0.149018
0.0764348
0.0546102
0.332139
0.31676
0.27761
0.262563
0.233878
0.295144
0.174721
0.208544
0.290807
0.395967
0.362288
0.328898
0.329088
0.304009
0.0497794
0.0818609
0.0244929
0.0544219
0.0512772
0.0480679
0.124751
0.135057
0.120796
0.332695
0.314682
0.215805
0.325844
0.286641
0.376998
0.351943
0.363923
0.428445
0.316242
0.383446
0.335622
0.423783
0.367116
0.465596
0.393581
0.391631
0.296471
0.313795
0.347837
0.320818
0.331177
0.242716
0.313151
0.352321
0.374046
0.461688
0.386818
0.412272
0.401338
0.368011
0.387697
0.353958
0.331312
0.318009
0.431966
0.306131
0.40033
0.396878
0.412654
0.320819
0.130447
0.088038
0.0944459
0.0635283
0.0994186
0.0418664
0.0473043
0.0607746
0.33462
0.289749
0.280288
0.164816
0.128499
0.264241
0.349497
0.351797
0.415455
0.338065
0.427888
0.33295
0.303759
0.321037
0.340736
0.403679
0.410442
0.357178
0.397888
0.376009
0.328061
0.382105
0.355576
0.372094
0.262995
0.285743
0.356728
0.319498
0.336619
0.295303
0.329806
0.339995
0.457794
0.322508
0.390328
0.340065
0.326208
0.304476
0.298184
0.314385
0.247071
0.28318
0.23691
0.202726
0.172727
0.182004
0.138203
0.163201
0.165942
0.392873
0.089405
0.0785769
0.077701
0.0907043
0.0666468
0.0626899
0.0535375
0.0750391
0.0495865
0.0556404
0.0610769
0.0171736
0.0264287
0.415421
0.430657
0.342079
0.348161
0.464984
0.412882
0.458875
0.234689
0.28588
0.28287
0.441913
0.397803
0.421912
0.369043
0.335305
0.405921
0.466954
0.434172
0.366481
0.353364
0.39449
0.356345
0.408903
0.427396
0.440284
0.494572
0.492114
0.473158
0.49058
0.447767
0.47287
0.401891
0.452858
0.466099
0.331622
0.453115
0.476172
0.321828
0.362302
0.45546
0.438274
0.398754
0.448525
0.406279
0.388516
0.375585
0.452913
0.325195
0.503509
0.390942
0.401461
0.370237
0.407397
0.453821
0.41321
0.404164
0.380294
0.365018
0.350419
0.410355
0.474143
0.467358
0.449078
0.515274
0.434962
0.490174
0.485912
0.521909
0.496203
0.491221
0.464721
0.463637
0.46671
0.500906
0.424382
0.338426
0.295638
0.0694884
0.0510096
0.3733
0.445455
0.264724
0.339432
0.389431
0.433007
0.444153
0.54671
0.579008
0.690435
0.712529
0.575731
0.538323
0.561304
0.666261
0.594306
0.619989
0.657825
0.635086
0.710673
0.56304
0.559691
0.667183
0.61647
0.644488
0.621265
0.686402
0.629017
0.551541
0.567625
0.664215
0.644431
0.599628
0.558607
0.524627
0.693267
0.662986
0.64547
0.629039
0.714378
0.577939
0.613154
0.595209
0.670517
0.596111
0.671721
0.642556
0.66673
0.601793
0.700182
0.671806
0.602992
0.610383
0.524683
0.521256
0.594752
0.587225
0.651423
0.618685
0.63591
0.777172
0.608682
0.53422
0.533781
0.585904
0.582507
0.64639
0.641777
0.681498
0.671709
0.640434
0.746861
0.712445
0.6845
0.66934
0.715044
0.687376
0.746596
0.687836
0.673588
0.626708
0.687247
0.784815
0.65927
0.684958
0.697488
0.706225
0.756565
0.755823
0.701045
0.71884
0.632391
0.498752
0.567777
0.769301
0.723008
0.775457
0.637232
0.700309
0.708859
0.596042
0.719963
0.792145
0.610332
0.565129
0.531716
0.579734
0.552859
0.707045
0.794388
0.680689
0.739467
0.769024
0.676708
0.559119
0.582512
0.663332
0.671372
0.570133
0.562895
0.580743
0.503942
0.662531
0.587464
0.598833
0.566259
0.638283
0.766389
0.586115
0.673357
0.6376
0.684017
0.657618
0.683913
0.706832
0.709886
0.737205
0.61897
0.553315
0.606444
0.73008
0.706074
0.677767
0.649316
0.664259
0.67537
0.756243
0.801226
0.697907
0.777106
0.726504
0.675913
0.652276
0.613935
0.777625
0.756723
0.733326
0.732346
0.680531
0.681189
0.649152
0.791938
0.66209
0.653207
0.767583
0.671774
0.705871
0.734761
0.802047
0.786603
0.783252
0.737219
0.735593
0.65319
0.727009
0.688516
0.674294
0.667831
0.733059
0.758164
0.731351
0.737505
0.702654
0.742543
0.773108
0.757797
0.74064
0.672151
0.648446
0.66391
0.661058
0.683599
0.709122
0.811053
0.588488
0.599412
0.730983
0.585922
0.555002
0.580044
0.650816
0.791615
0.644242
0.666025
0.594859
0.623028
0.73189
0.740896
0.762559
0.568874
0.633153
0.632167
0.657414
0.752953
0.732293
0.803239
0.71981
0.68866
0.729199
0.683567
0.625028
0.684267
0.695394
0.702262
0.802107
0.671985
0.657943
0.629398
0.618974
0.67184
0.674568
0.740927
0.764832
0.648977
0.674751
0.629848
0.740795
0.722408
0.64752
0.591087
0.887773
0.887158
0.858565
0.878196
0.753465
0.83484
0.84553
0.862071
0.843681
0.730767
0.764823
0.745481
0.750072
0.752245
0.761174
0.736827
0.829544
0.937203
0.872365
0.750001
0.776293
0.846624
0.7427
0.775913
0.731713
0.820232
0.736855
0.779525
0.749058
0.821172
0.855837
0.792483
0.813327
0.862361
0.845737
0.800175
0.746475
0.884403
0.882296
0.828238
0.868919
0.807664
0.838235
0.836129
0.834598
0.89519
0.782857
0.736461
0.805498
0.791627
0.857523
0.798181
0.814143
0.809598
0.836896
0.784041
0.863037
0.81729
0.865878
0.87803
0.895979
0.723021
0.860121
0.9048
0.849201
0.908278
0.866975
0.971212
0.813871
0.760023
0.768186
0.737993
0.72812
0.829599
0.860669
0.757704
0.920279
0.829164
0.857086
0.972162
0.885908
0.855974
0.906299
0.858425
0.866028
0.831631
0.84357
0.828268
0.854661
0.806026
0.80928
0.830303
0.84414
0.842737
0.823868
0.798797
0.872988
0.924631
0.943791
0.887899
0.804046
0.798619
0.850724
0.821468
0.857811
0.796661
0.816252
0.811838
0.849579
0.791657
0.85707
0.772457
0.808945
0.780327
0.7962
0.78246
0.881739
0.868333
0.946278
0.950357
0.929729
0.915558
0.722258
0.796815
0.598718
0.634368
0.568833
0.599507
0.656727
0.669906
0.675473
0.702864
0.626273
0.732701
0.713572
0.442442
0.442696
0.477168
0.529
0.471926
0.499673
0.523733
0.531414
0.502367
0.487582
0.514958
0.491349
0.494976
0.514986
0.441728
0.516613
0.555251
0.508812
0.575099
0.59153
0.571132
0.552062
0.567355
0.571146
0.559733
0.527495
0.541681
0.572138
0.55148
0.553562
0.228961
0.27926
0.220319
0.287104
0.277583
0.23976
0.20988
0.223041
0.237758
0.203968
0.246872
0.287499
0.264985
0.2829
0.268727
0.26709
0.262661
0.284441
0.286073
0.273394
0.276623
0.271829
0.267717
0.231206
0.200359
0.189202
0.216159
0.209913
0.238199
0.201122
0.196277
0.192844
0.302242
0.324707
0.204021
0.245404
0.324523
0.291774
0.183996
0.306147
0.321289
0.247313
0.243228
0.262881
0.146853
0.241214
0.275954
0.212907
0.237687
0.281155
0.249629
0.274409
0.259744
0.312161
0.37661
0.204116
0.151684
0.121712
0.113486
0.0939321
0.332804
0.368196
0.337181
0.29312
0.360559
0.305701
0.309607
0.320752
0.2603
0.181101
0.268734
0.352945
0.34292
0.305663
0.284577
0.19847
0.302053
0.318258
0.321434
0.32351
0.335317
0.355477
0.372294
0.293215
0.313741
0.317241
0.315001
0.426016
0.320664
0.303805
0.301814
0.305637
0.297937
0.281683
0.345005
0.325884
0.316255
0.234862
0.319958
0.308366
0.31346
0.31143
0.312195
0.301806
0.290213
0.303829
0.303577
0.294926
0.299516
0.247127
0.235687
0.299986
0.234151
0.217542
0.26211
0.25797
0.299363
0.302427
0.212385
0.21715
0.238373
0.42642
0.401053
0.425259
0.398954
0.427703
0.404465
0.401163
0.414222
0.390598
0.402828
0.429179
0.298296
0.280472
0.198889
0.336106
0.293856
0.265293
0.24041
0.176193
0.183168
0.188431
0.163972
0.178282
0.203211
0.18926
0.156379
0.171046
0.165211
0.151004
0.384189
0.0819182
0.07456
0.0204659
0.357457
0.345646
0.352596
0.293726
0.220202
0.208457
0.176783
0.294713
0.335048
0.325432
0.163935
0.16231
0.160156
0.326197
0.155181
0.276323
0.141668
0.305021
0.133004
0.127109
0.118764
0.118537
0.141128
0.290283
0.289452
0.302005
0.305642
0.0914954
0.0881869
0.320191
0.0808157
0.342518
0.08127
0.0797422
0.367784
0.0606188
0.0627614
0.0565544
0.337894
0.303637
0.321612
0.299491
0.322115
0.312661
0.291128
0.298831
0.293906
0.26855
0.257506
0.268105
0.337045
0.319999
0.259533
0.275751
0.114914
0.269112
0.191775
0.295557
0.225275
0.184421
0.256331
0.231642
0.218489
0.183677
0.268801
0.289561
0.191307
0.264294
0.24981
0.219661
0.326201
0.390468
0.386401
0.391555
0.437249
0.406587
0.407859
0.372506
0.363316
0.356463
0.339584
0.375475
0.353565
0.363516
0.3852
0.311291
0.299052
0.161257
0.195471
0.184635
0.227791
0.245993
0.215149
0.209303
0.0700442
0.0708122
0.0650511
0.051811
0.0724913
0.079631
0.0952237
0.0281972
0.155067
0.135291
0.136757
0.130626
0.121764
0.137793
0.105928
0.112701
0.132617
0.102443
0.0865065
0.155933
0.344589
0.357745
0.394246
0.345818
0.356824
0.315412
0.316627
0.30901
0.315291
0.310916
0.299505
0.320138
0.259342
0.325514
0.308169
0.335798
0.340965
0.24533
0.314185
0.313821
0.269236
0.316212
0.274838
0.364149
0.204031
0.188135
0.365985
0.344879
0.375276
0.352696
0.350463
0.310091
0.300138
0.289686
0.335622
0.295577
0.293993
0.329506
0.374357
0.369429
0.338766
0.29067
0.359254
0.347055
0.341467
0.362293
0.372522
0.323186
0.321838
0.313688
0.307566
0.45357
0.435539
0.443692
0.438668
0.390655
0.406639
0.454441
0.422661
0.40133
0.456119
0.334212
0.351776
0.377816
0.443047
0.346191
0.342232
0.457862
0.439203
0.451068
0.356127
0.368024
0.418721
0.381848
0.454044
0.397458
0.464796
0.44441
0.406015
0.38431
0.390707
0.429963
0.399345
0.392483
0.306963
0.294004
0.303978
0.321378
0.374974
0.369171
0.363331
0.388523
0.359013
0.314909
0.301839
0.26714
0.246577
0.349876
0.313978
0.256257
0.247151
0.244303
0.301398
0.204514
0.262163
0.32804
0.423238
0.335403
0.45066
0.385278
0.335979
0.345317
0.362471
0.389584
0.404743
0.419022
0.429858
0.412208
0.448047
0.363021
0.410911
0.385995
0.405017
0.36823
0.366189
0.370035
0.384898
0.377963
0.4369
0.378966
0.404359
0.302628
0.374157
0.361857
0.365687
0.374692
0.370067
0.356145
0.358574
0.351688
0.38326
0.405247
0.369763
0.361704
0.346721
0.338531
0.39146
0.419161
0.40412
0.313356
0.458363
0.446732
0.420383
0.409085
0.427482
0.432939
0.399155
0.405747
0.417194
0.418131
0.349042
0.334853
0.335628
0.332357
0.321069
0.321233
0.318888
0.316932
0.31376
0.327829
0.323069
0.298909
0.30628
0.308368
0.298141
0.306657
0.224533
0.180559
0.179554
0.299873
0.161053
0.142242
0.140309
0.12121
0.121332
0.147079
0.115498
0.124436
0.1103
0.102855
0.0768112
0.066357
0.0635666
0.0546333
0.080822
0.0677939
0.0685884
0.0450704
0.0677483
0.0852231
0.0718116
0.0557274
0.0412939
0.0580671
0.0507675
0.0462233
0.0574181
0.0369108
0.0398214
0.0353907
0.0484824
0.0282019
0.0415106
0.0469784
0.0592327
0.0427501
0.0580864
0.0750154
0.0571664
0.0696619
0.058748
0.296831
0.284919
0.411142
0.267115
0.35215
0.343837
0.252139
0.368093
0.182521
0.0100932
0.214509
0.246504
0.195876
0.258227
0.406805
0.386672
0.421124
0.408604
0.324606
0.344581
0.3913
0.322194
0.368945
0.288327
0.282109
0.426688
0.388447
0.438393
0.402827
0.416945
0.42361
0.418786
0.366002
0.384249
0.33704
0.333842
0.324723
0.340695
0.301724
0.308667
0.420576
0.357328
0.352445
0.38286
0.338429
0.410054
0.323844
0.410094
0.305881
0.412758
0.368513
0.392633
0.380053
0.371956
0.367099
0.362363
0.315838
0.300438
0.334526
0.342133
0.381541
0.396439
0.35265
0.368967
0.389033
0.366813
0.312001
0.339595
0.319475
0.382124
0.376426
0.382109
0.363495
0.371144
0.299155
0.377333
0.351964
0.239255
0.372703
0.333744
0.371703
0.334685
0.297426
0.328222
0.277309
0.353733
0.236737
0.359789
0.357648
0.184439
0.338736
0.307061
0.354577
0.25267
0.346043
0.291008
0.33102
0.347934
0.343494
0.279789
0.258417
0.306603
0.336805
0.337893
0.333852
0.333018
0.287629
0.33032
0.326499
0.330907
0.439594
0.324613
0.41274
0.453231
0.382562
0.37384
0.375329
0.368047
0.389233
0.318491
0.339541
0.341032
0.336611
0.336214
0.333347
0.33593
0.329665
0.312952
0.30957
0.29778
0.295107
0.294369
0.25812
0.255565
0.320947
0.323871
0.316041
0.293751
0.263843
0.236062
0.287849
0.209079
0.242033
0.217444
0.180981
0.127133
0.142789
0.179983
0.143373
0.135764
0.235097
0.125008
0.103878
0.256831
0.106093
0.144043
0.0975982
0.103001
0.152952
0.0934951
0.0871757
0.309361
0.30446
0.240904
0.245675
0.239383
0.229689
0.227099
0.215926
0.219979
0.209628
0.207261
0.180241
0.18903
0.188511
0.175809
0.166729
0.162082
0.180761
0.166524
0.161092
0.164708
0.168369
0.161767
0.164579
0.147221
0.132233
0.388941
0.152405
0.342978
0.38323
0.375237
0.38161
0.0942646
0.0787072
0.0806387
0.0755529
0.0691069
0.0636856
0.0836045
0.0642418
0.044652
0.077591
0.0453315
0.0435775
0.0340971
0.0959086
0.0319762
0.0216102
0.0214685
0.0385018
0.0453227
0.0347884
0.0397973
0.0194569
0.0549207
0.0299182
0.0346961
0.0694109
0.0715447
0.386759
0.397901
0.402296
0.362087
0.451006
0.361926
0.345436
0.347218
0.368218
0.370317
0.27424
0.411196
0.428157
0.411591
0.400148
0.408268
0.392688
0.383655
0.353951
0.466922
0.370981
0.45015
0.4579
0.443419
0.380487
0.454572
0.371817
0.385791
0.405028
0.355823
0.372942
0.349434
0.368692
0.236236
0.241742
0.273555
0.316489
0.288731
0.296127
0.41676
0.406038
0.444897
0.415112
0.309629
0.319163
0.377842
0.401092
0.425066
0.31995
0.410947
0.325555
0.346349
0.39269
0.461125
0.376517
0.423773
0.453178
0.427405
0.454568
0.380006
0.451924
0.380167
0.345955
0.353666
0.400348
0.375814
0.450508
0.434586
0.341401
0.382761
0.410767
0.353953
0.369659
0.438474
0.390476
0.336926
0.331958
0.429147
0.424942
0.406207
0.398767
0.406597
0.43435
0.427524
0.419988
0.437888
0.445549
0.482791
0.511292
0.474144
0.423907
0.481581
0.426328
0.458704
0.451905
0.418191
0.394938
0.469988
0.414299
0.45784
0.496823
0.468681
0.46423
0.460303
0.42404
0.434049
0.431216
0.494905
0.504523
0.463697
0.484086
0.370352
0.489726
0.38219
0.492742
0.462755
0.459945
0.379639
0.421412
0.453574
0.396821
0.385364
0.363512
0.46533
0.425744
0.377988
0.454028
0.456372
0.442521
0.366999
0.361142
0.363117
0.348889
0.348635
0.340341
0.340068
0.475686
0.45424
0.44438
0.437184
0.408714
0.41413
0.442001
0.468869
0.451626
0.463028
0.499568
0.48996
0.492259
0.456627
0.480121
0.45752
0.406247
0.415842
0.408614
0.394175
0.411866
0.365274
0.357518
0.390571
0.414554
0.382857
0.34473
0.372839
0.380059
0.487492
0.475072
0.396317
0.379064
0.357017
0.376136
0.452586
0.43743
0.417174
0.408207
0.410568
0.467858
0.443105
0.421193
0.403726
0.402659
0.466214
0.449341
0.450931
0.42295
0.40517
0.436053
0.416044
0.436497
0.38654
0.374394
0.411339
0.391283
0.417021
0.428244
0.400289
0.419591
0.40426
0.379765
0.357452
0.410093
0.341376
0.456825
0.440881
0.412358
0.415453
0.461326
0.451163
0.434836
0.42169
0.426415
0.451402
0.48021
0.427731
0.328557
0.508419
0.501392
0.456406
0.46525
0.457243
0.482191
0.43599
0.462568
0.449074
0.425876
0.46322
0.403459
0.410798
0.402626
0.426642
0.316768
0.420388
0.394667
0.415454
0.366424
0.421593
0.37527
0.385481
0.455688
0.442481
0.446227
0.453145
0.466543
0.42249
0.440869
0.39242
0.442281
0.493489
0.487495
0.485077
0.453127
0.447896
0.441335
0.442592
0.439784
0.426908
0.412019
0.413112
0.4076
0.393038
0.384265
0.386065
0.374162
0.372807
0.370894
0.350992
0.347371
0.344275
0.319688
0.466094
0.419043
0.430216
0.403545
0.462053
0.456675
0.433983
0.437991
0.443644
0.449556
0.454301
0.459871
0.456575
0.515067
0.518416
0.497193
0.493939
0.485947
0.479383
0.484449
0.435777
0.503809
0.502476
0.495656
0.485151
0.502294
0.497011
0.46396
0.471828
0.448886
0.459057
0.474072
0.479354
0.501385
0.5231
0.501591
0.479075
0.43341
0.472377
0.481485
0.476962
0.485314
0.458372
0.489127
0.366879
0.314994
0.337377
0.491442
0.38541
0.42959
0.321892
0.331204
0.325803
0.326155
0.280509
0.281822
0.370792
0.422276
0.395771
0.382342
0.0745397
0.075494
0.0917717
0.0295855
0.0241944
0.0382898
0.0445467
0.0578407
0.109452
0.0957316
0.0663933
0.0638829
0.156926
0.34509
0.362684
0.356634
0.271276
0.269184
0.277021
0.269867
0.268569
0.318617
0.34183
0.42241
0.429327
0.459299
0.454553
0.454976
0.470376
0.45893
0.404855
0.400011
0.457695
0.428986
0.335286
0.522804
0.585705
0.58854
0.596455
0.544303
0.55846
0.558861
0.541245
0.586503
0.611483
0.579812
0.575399
0.576802
0.572629
0.546441
0.651559
0.648363
0.655513
0.6905
0.583848
0.595695
0.569173
0.564154
0.583705
0.545579
0.565305
0.579283
0.571153
0.585867
0.584159
0.557365
0.532521
0.551235
0.709508
0.552461
0.680528
0.5608
0.703338
0.620822
0.572473
0.631359
0.588604
0.622947
0.679448
0.691781
0.633872
0.605928
0.571283
0.569564
0.579905
0.691722
0.71326
0.623735
0.628396
0.647535
0.698081
0.614824
0.680873
0.708062
0.611412
0.639467
0.703313
0.623054
0.67563
0.63426
0.623471
0.698342
0.632741
0.631401
0.668746
0.648615
0.679829
0.690249
0.701
0.544381
0.544393
0.547269
0.539952
0.563745
0.562
0.5846
0.709375
0.695542
0.642779
0.604174
0.604327
0.631808
0.616531
0.689429
0.625505
0.704808
0.689559
0.662982
0.639798
0.622203
0.634498
0.627926
0.668992
0.703383
0.703887
0.611979
0.613763
0.634205
0.706867
0.642976
0.536044
0.575232
0.56824
0.712522
0.707421
0.628049
0.621837
0.643141
0.715498
0.560758
0.58223
0.571204
0.630997
0.631351
0.606991
0.664013
0.612609
0.659243
0.59777
0.587438
0.614898
0.569091
0.569019
0.713708
0.694101
0.680886
0.626985
0.578813
0.601646
0.618938
0.628801
0.633086
0.651203
0.57401
0.5882
0.706605
0.686851
0.584226
0.703498
0.662011
0.636038
0.576821
0.593861
0.590166
0.692348
0.68332
0.62578
0.695051
0.604904
0.651978
0.599636
0.6684
0.668932
0.696702
0.674771
0.707191
0.614999
0.607297
0.626827
0.689222
0.683205
0.704841
0.640701
0.613979
0.616974
0.741769
0.66422
0.599981
0.641868
0.659267
0.647563
0.627747
0.617074
0.610284
0.622763
0.625693
0.629781
0.593459
0.641028
0.734566
0.630737
0.614198
0.61367
0.695581
0.665502
0.668085
0.677888
0.655888
0.61944
0.674
0.646447
0.641792
0.65078
0.678808
0.599509
0.64146
0.544675
0.555633
0.548323
0.557479
0.583331
0.602688
0.594631
0.5749
0.727036
0.650508
0.662422
0.750212
0.634181
0.606451
0.600796
0.586542
0.585119
0.59727
0.629532
0.618299
0.583457
0.609973
0.610526
0.554274
0.569505
0.684917
0.6902
0.596445
0.587765
0.581211
0.521902
0.513126
0.528411
0.608514
0.583447
0.609096
0.583045
0.588805
0.600287
0.698345
0.682705
0.742394
0.706342
0.570897
0.603986
0.575387
0.617151
0.595796
0.667499
0.602061
0.683556
0.67385
0.673806
0.639451
0.635038
0.630086
0.622081
0.611188
0.778943
0.664204
0.650114
0.651042
0.636075
0.59833
0.625894
0.580176
0.578496
0.561484
0.578372
0.79541
0.592054
0.591795
0.740654
0.721941
0.70586
0.68027
0.796422
0.755382
0.75226
0.718791
0.681758
0.755936
0.756958
0.717133
0.662075
0.732796
0.715134
0.668855
0.655148
0.675496
0.646427
0.640969
0.645998
0.651689
0.683158
0.664779
0.677741
0.683362
0.639074
0.642075
0.712728
0.70397
0.736337
0.712187
0.670582
0.667708
0.682165
0.638727
0.652612
0.736997
0.656413
0.705011
0.710358
0.678261
0.741696
0.628065
0.725407
0.736464
0.724975
0.734111
0.756149
0.769593
0.737747
0.726851
0.699405
0.719632
0.692176
0.683532
0.661764
0.656647
0.636822
0.723322
0.616324
0.628589
0.658281
0.631599
0.611978
0.703743
0.633277
0.64934
0.615672
0.693443
0.60971
0.636281
0.78165
0.77212
0.565156
0.573058
0.580736
0.54726
0.588096
0.576442
0.779929
0.793378
0.766184
0.785454
0.792109
0.76696
0.741511
0.755716
0.729723
0.776581
0.797888
0.750169
0.691685
0.7119
0.705251
0.694385
0.675122
0.638364
0.650788
0.646614
0.61664
0.618978
0.651023
0.620538
0.679623
0.726468
0.742786
0.594001
0.634351
0.773354
0.752437
0.568335
0.56619
0.69251
0.62953
0.639482
0.60222
0.61869
0.612618
0.620701
0.651622
0.640907
0.608194
0.631689
0.600756
0.620283
0.646755
0.599987
0.625451
0.631673
0.555479
0.65178
0.621831
0.603503
0.628944
0.613995
0.529046
0.586299
0.55325
0.595506
0.604195
0.591273
0.612786
0.570911
0.563858
0.629318
0.614963
0.612821
0.562477
0.5247
0.520712
0.586435
0.529805
0.562134
0.521227
0.513082
0.53568
0.808674
0.815762
0.788536
0.766355
0.779824
0.629079
0.631312
0.623216
0.640865
0.620752
0.617059
0.60763
0.643072
0.617658
0.647517
0.608508
0.619325
0.602039
0.625859
0.649586
0.804755
0.79215
0.697412
0.709007
0.703331
0.721119
0.692729
0.685291
0.748669
0.71488
0.693526
0.704671
0.678697
0.644594
0.578136
0.576605
0.593147
0.589116
0.669325
0.573299
0.557584
0.752647
0.735261
0.574891
0.560544
0.56402
0.546941
0.534828
0.540688
0.532763
0.51469
0.574903
0.622417
0.590142
0.556006
0.590881
0.608906
0.631222
0.562853
0.631487
0.553166
0.554672
0.562378
0.787182
0.751367
0.745165
0.733341
0.686466
0.584716
0.612133
0.652398
0.659893
0.623855
0.619757
0.691268
0.631243
0.6225
0.693359
0.622978
0.683437
0.723714
0.677473
0.71153
0.698355
0.638503
0.696679
0.669044
0.705041
0.715717
0.709564
0.662813
0.685018
0.680647
0.691225
0.683622
0.684503
0.695188
0.691284
0.695399
0.696106
0.705055
0.728721
0.721446
0.683335
0.735721
0.767111
0.752669
0.738701
0.624447
0.605287
0.666343
0.717167
0.585131
0.597714
0.566216
0.550679
0.573286
0.571684
0.786666
0.692716
0.712559
0.685592
0.731784
0.696125
0.742214
0.737443
0.694463
0.691559
0.659101
0.711444
0.675738
0.696017
0.634893
0.656588
0.644719
0.66325
0.634779
0.661158
0.651263
0.628603
0.696962
0.629794
0.681615
0.610857
0.715589
0.751735
0.642326
0.538202
0.527641
0.813481
0.764144
0.789539
0.775026
0.698379
0.720544
0.78165
0.689817
0.75648
0.680171
0.743918
0.684048
0.681669
0.672112
0.758632
0.778112
0.780195
0.673974
0.667581
0.681524
0.669764
0.65598
0.667225
0.646561
0.669696
0.64847
0.659037
0.667081
0.637232
0.634062
0.631879
0.634535
0.624983
0.619884
0.614446
0.66765
0.814277
0.746456
0.756851
0.607642
0.822062
0.799979
0.793358
0.78278
0.775081
0.779912
0.761334
0.761912
0.756622
0.741936
0.689003
0.730487
0.681611
0.730043
0.732872
0.714326
0.708755
0.673895
0.685321
0.666486
0.641084
0.693017
0.709246
0.663613
0.656053
0.674305
0.698399
0.646851
0.679136
0.610907
0.773651
0.782584
0.600654
0.624019
0.631622
0.658945
0.739623
0.665604
0.638602
0.680362
0.537151
0.706735
0.708834
0.699247
0.806829
0.74413
0.784633
0.780276
0.719425
0.803521
0.786791
0.71255
0.794092
0.712738
0.764557
0.681092
0.67875
0.719705
0.765694
0.760989
0.714107
0.632904
0.765108
0.676908
0.653595
0.644754
0.788936
0.712222
0.726084
0.733742
0.693053
0.774178
0.742547
0.769728
0.723219
0.721289
0.719272
0.733493
0.72418
0.680285
0.731999
0.745403
0.735118
0.74077
0.736838
0.745562
0.753559
0.734909
0.750852
0.73691
0.748682
0.740198
0.758978
0.763211
0.746402
0.753501
0.749735
0.775645
0.765782
0.765896
0.771095
0.773012
0.795363
0.80228
0.816012
0.7608
0.80554
0.813617
0.792786
0.665944
0.669615
0.670766
0.672812
0.669974
0.655905
0.656366
0.674583
0.680494
0.655672
0.646282
0.692727
0.696711
0.705603
0.695749
0.687148
0.700482
0.678922
0.707868
0.690936
0.722763
0.729725
0.678654
0.78897
0.775225
0.758987
0.748483
0.59372
0.572126
0.725522
0.542366
0.73184
0.737075
0.737807
0.50787
0.5137
0.728393
0.774733
0.611084
0.600667
0.585252
0.578758
0.543482
0.715262
0.508291
0.616818
0.703092
0.715086
0.598596
0.732398
0.740983
0.657787
0.64544
0.655739
0.649236
0.578925
0.78571
0.79859
0.650915
0.631518
0.686721
0.680404
0.671965
0.671825
0.663447
0.658772
0.60321
0.630293
0.620181
0.598102
0.585829
0.590861
0.609148
0.67355
0.69921
0.755383
0.772675
0.771818
0.811138
0.751569
0.643215
0.642214
0.676952
0.555112
0.621447
0.735245
0.719295
0.748483
0.717487
0.721927
0.74291
0.676548
0.671578
0.646224
0.632937
0.513561
0.513991
0.800154
0.798221
0.817711
0.774661
0.773553
0.758356
0.781841
0.749939
0.791403
0.756362
0.752974
0.699477
0.746135
0.652376
0.750426
0.763751
0.759596
0.771317
0.772184
0.758801
0.752904
0.737633
0.721295
0.691269
0.652335
0.706263
0.711966
0.721818
0.614061
0.675039
0.67855
0.721127
0.734976
0.680707
0.569479
0.700152
0.805629
0.6884
0.683768
0.671655
0.660857
0.764352
0.748253
0.668712
0.621951
0.581057
0.581867
0.639776
0.66829
0.656448
0.675822
0.710214
0.598236
0.571242
0.674156
0.700386
0.78437
0.781587
0.529619
0.561235
0.567159
0.510592
0.529464
0.502532
0.601169
0.590425
0.655762
0.664001
0.771925
0.760903
0.668444
0.71205
0.800521
0.610907
0.620879
0.666104
0.611941
0.646515
0.661034
0.730946
0.789772
0.774169
0.69467
0.697668
0.714858
0.571857
0.58476
0.780001
0.740047
0.744323
0.771203
0.803439
0.859333
0.865042
0.726651
0.746069
0.885717
0.753316
0.757745
0.869256
0.878588
0.916177
0.865525
0.758477
0.875135
0.722803
0.876719
0.805335
0.899038
0.77008
0.783717
0.811876
0.862074
0.837447
0.843753
0.789113
0.825513
0.789286
0.826544
0.826982
0.729964
0.750624
0.763962
0.7977
0.767877
0.788578
0.753948
0.773665
0.774983
0.763549
0.71519
0.745244
0.764949
0.748719
0.827227
0.93072
0.735829
0.880154
0.899451
0.890286
0.743309
0.899181
0.895898
0.928025
0.880726
0.811973
0.76948
0.876124
0.813694
0.926994
0.880461
0.956203
0.885567
0.865875
0.939771
0.748523
0.867791
0.797307
0.801494
0.804604
0.817415
0.782529
0.788696
0.780963
0.755935
0.813729
0.742772
0.781399
0.805655
0.81893
0.779332
0.764693
0.759189
0.750695
0.759761
0.83055
0.778204
0.74703
0.731367
0.774139
0.745109
0.721665
0.840799
0.81829
0.763328
0.71563
0.742522
0.728634
0.807144
0.767456
0.825686
0.71252
0.789018
0.74941
0.869126
0.798164
0.810501
0.712313
0.705295
0.814803
0.704077
0.810263
0.774958
0.713865
0.755058
0.72339
0.788651
0.800981
0.714445
0.740511
0.718189
0.820496
0.762442
0.77725
0.743101
0.750949
0.736924
0.820263
0.841103
0.804532
0.865776
0.873426
0.771406
0.799616
0.881884
0.863606
0.851352
0.838557
0.90857
0.892777
0.805238
0.870486
0.78552
0.805699
0.85988
0.865938
0.764533
0.778017
0.872744
0.856341
0.762779
0.857338
0.85981
0.789268
0.78941
0.747208
0.75788
0.896409
0.735555
0.903174
0.876051
0.77352
0.789756
0.902335
0.80691
0.811088
0.839324
0.877642
0.843642
0.878992
0.857769
0.86349
0.841438
0.743086
0.880545
0.870409
0.860967
0.843464
0.850607
0.852312
0.84125
0.840588
0.857865
0.840891
0.804039
0.851142
0.773811
0.849354
0.852763
0.845601
0.845162
0.849881
0.821047
0.842011
0.81059
0.820952
0.803517
0.871776
0.852914
0.8524
0.725442
0.747135
0.742943
0.744767
0.725227
0.712512
0.852871
0.8397
0.818801
0.831363
0.855601
0.877989
0.78694
0.814792
0.7815
0.77359
0.7944
0.816324
0.784876
0.802165
0.797563
0.815436
0.785544
0.848292
0.790411
0.815094
0.80851
0.843112
0.764051
0.799404
0.757375
0.782787
0.842399
0.804793
0.865992
0.774407
0.769852
0.81616
0.825582
0.794712
0.821995
0.772533
0.795795
0.768947
0.81316
0.787936
0.828538
0.849935
0.760486
0.757542
0.809291
0.846616
0.796412
0.875989
0.886254
0.773379
0.871345
0.790922
0.882251
0.838959
0.89518
0.79947
0.831174
0.886211
0.834556
0.83205
0.845349
0.862962
0.933248
0.915303
0.905484
0.947413
0.742445
0.847861
0.869419
0.834718
0.914865
0.901106
0.86227
0.934399
0.864017
0.871554
0.951366
0.759626
0.831314
0.870283
0.884121
0.88491
0.876004
0.973385
0.946573
0.777617
0.76651
0.755778
0.77421
0.768254
0.760014
0.822879
0.802448
0.892646
0.793102
0.73712
0.751017
0.759589
0.748009
0.754058
0.748466
0.776122
0.741453
0.80187
0.795236
0.871066
0.814648
0.75319
0.82285
0.798554
0.878554
0.830633
0.845111
0.824336
0.829692
0.843344
0.864186
0.836708
0.734796
0.730797
0.738626
0.776165
0.906599
0.919731
0.944162
0.839225
0.897957
0.842062
0.870916
0.882374
0.962527
0.866998
0.843323
0.870013
0.845224
0.852313
0.857459
0.783364
0.773858
0.779437
0.737728
0.857468
0.843337
0.904819
0.875014
0.90109
0.851397
0.854551
0.841574
0.826685
0.862117
0.893999
0.88518
0.821639
0.887753
0.883589
0.800363
0.842021
0.793301
0.787719
0.825207
0.832371
0.797564
0.829294
0.787437
0.821827
0.819325
0.830849
0.826765
0.82825
0.828812
0.83457
0.832731
0.836755
0.844596
0.842955
0.848478
0.859171
0.786756
0.869024
0.862789
0.784951
0.781639
0.855433
0.802948
0.856787
0.817063
0.792216
0.809927
0.825368
0.82521
0.822985
0.792218
0.839857
0.752325
0.721662
0.718796
0.718723
0.776089
0.872969
0.865779
0.830434
0.832349
0.86527
0.854107
0.736708
0.780675
0.957329
0.917229
0.921879
0.861046
0.867018
0.884585
0.812404
0.791944
0.831615
0.815137
0.838521
0.835696
0.82985
0.85059
0.843086
0.842536
0.792127
0.805979
0.801349
0.847286
0.838558
0.826455
0.813002
0.81476
0.814195
0.799019
0.796418
0.799913
0.828903
0.840345
0.836931
0.822747
0.794559
0.786895
0.852455
0.823866
0.880566
0.799274
0.789929
0.807357
0.859782
0.782453
0.759271
0.823288
0.817295
0.82807
0.808448
0.821354
0.786548
0.765832
0.775436
0.787731
0.908101
0.89328
0.880922
0.867173
0.852065
0.934321
0.943464
0.928267
0.914852
0.927064
0.971717
0.972305
0.735663
0.723684
0.721031
0.805773
0.813656
0.78342
0.591796
0.613906
0.656197
0.56235
0.628883
0.566489
0.682468
0.663182
0.671193
0.665927
0.652461
0.640381
0.707316
0.626809
0.668964
0.764196
0.781612
0.7214
0.706837
0.704743
0.748247
0.75611
0.734041
0.712016
0.7114
0.681863
0.655982
0.640304
0.793441
0.774067
0.763726
0.757299
0.631874
0.545108
0.692145
0.704109
0.700048
0.711006
0.729254
0.493031
0.499947
0.509939
0.455844
0.44982
0.439161
0.430808
0.485612
0.479459
0.475892
0.460641
0.46573
0.452436
0.425854
0.429354
0.468248
0.454522
0.459556
0.46971
0.547558
0.55827
0.52734
0.53704
0.527506
0.502053
0.53473
0.517526
0.512637
0.525618
0.542312
0.518799
0.539932
0.494786
0.461685
0.514397
0.508767
0.475293
0.468999
0.45772
0.44449
0.453718
0.475903
0.476892
0.462904
0.471003
0.466845
0.492829
0.518008
0.543452
0.537565
0.532945
0.482122
0.480086
0.521967
0.487974
0.533608
0.523689
0.531291
0.516124
0.528451
0.510848
0.538477
0.52626
0.522036
0.436447
0.455185
0.45012
0.456095
0.514443
0.5334
0.517762
0.513006
0.534523
0.518283
0.535331
0.479166
0.516115
0.500578
0.487054
0.501106
0.511374
0.484141
0.583434
0.577837
0.564402
0.561796
0.558588
0.571101
0.546633
0.556657
0.561649
0.553314
0.543315
0.534014
0.542019
0.55032
0.523406
0.488599
0.493406
0.482372
0.564846
0.553309
0.56336
0.572138
0.547762
0.571497
0.520761
0.517145
0.511232
0.51133
0.494826
0.558117
0.544117
0.560941
0.557988
0.559398
0.520179
0.560868
0.533294
0.527894
0.529164
0.529409
0.491777
0.484141
0.491602
0.568228
0.566164
0.586464
0.564328
0.541909
0.546155
0.563791
0.565386
0.57241
