# M2_reordered
# Number of vertices: 3527, Number of faces: 7050
# Preprocessing time: 0.0189502
# Query time: 0.00076175
0.21566
0.246341
0.13902
0.277443
0.334326
0.325861
0.22085
0.265246
0.284092
0.228113
0.274087
0.175318
0.103559
0.0700393
0.206955
0.374931
0
0.261541
0.191545
0.290089
0.329842
0.282032
0.375002
0.313095
0.394371
0.423901
0.360681
0.326665
0.195445
0.314516
0.315507
0.342421
0.375171
0.366369
0.27919
0.404398
0.283546
0.115377
0.0526909
0.0713195
0.0586956
0.375779
0.35655
0.25568
0.35767
0.295404
0.36314
0.345548
0.185214
0.325054
0.314038
0.353665
0.353086
0.298696
0.141134
0.0998631
0.244238
0.191542
0.126659
0.133705
0.0828427
0.0714965
0.0471289
0.327859
0.390348
0.407755
0.319141
0.403667
0.305817
0.455326
0.4517
0.384581
0.407983
0.421885
0.330624
0.298808
0.417228
0.408563
0.423538
0.383585
0.441174
0.40376
0.427541
0.427195
0.357808
0.435852
0.444125
0.238886
0.0363926
0.445473
0.445308
0.438334
0.527412
0.544416
0.583859
0.564529
0.652154
0.718106
0.644976
0.619571
0.709087
0.636599
0.592875
0.60613
0.655047
0.609637
0.600297
0.575166
0.521139
0.51321
0.651397
0.69375
0.728431
0.654305
0.643308
0.678794
0.732069
0.637492
0.601473
0.629024
0.605031
0.585848
0.707946
0.684918
0.658911
0.568624
0.592895
0.695518
0.73309
0.711249
0.672342
0.636387
0.543705
0.753941
0.684424
0.734955
0.643959
0.756763
0.705143
0.618078
0.744647
0.693448
0.671376
0.720735
0.637167
0.643789
0.737377
0.734751
0.551801
0.687524
0.516275
0.619462
0.55875
0.709354
0.620035
0.613232
0.696737
0.683501
0.722779
0.711591
0.666762
0.786171
0.706996
0.773226
0.658357
0.579581
0.757565
0.737861
0.692131
0.757867
0.699055
0.704024
0.740609
0.717044
0.744055
0.728925
0.71701
0.716335
0.75904
0.734356
0.74563
0.681717
0.806951
0.737977
0.804663
0.780571
0.731204
0.720055
0.746244
0.717551
0.733548
0.75917
0.728867
0.7803
0.72802
0.74888
0.714522
0.776058
0.76991
0.751155
0.768501
0.756678
0.794526
0.787703
0.753213
0.753356
0.752427
0.750475
0.710458
0.689586
0.693499
0.704192
0.754664
0.69781
0.426014
0.508277
0.512166
0.468355
0.479456
0.533745
0.525116
0.529635
0.238679
0.253165
0.293613
0.182484
0.245828
0.241716
0.254671
0.300728
0.166123
0.183078
0.22611
0.243854
0.231169
0.121534
0.267612
0.370682
0.111756
0.299715
0.312574
0.254703
0.304096
0.312413
0.268582
0.283986
0.227566
0.285671
0.269568
0.283308
0.148126
0.12338
0.163691
0.0285893
0.031506
0.340473
0.321423
0.301765
0.203321
0.114903
0.100677
0.128046
0.0785591
0.0523328
0.324894
0.316356
0.24091
0.221603
0.194593
0.251942
0.148322
0.180538
0.248736
0.395782
0.359729
0.342144
0.330801
0.316049
0.0451573
0.0665369
0.023554
0.0448809
0.0382975
0.0504368
0.121192
0.135732
0.135077
0.32345
0.303674
0.209384
0.31763
0.285591
0.371508
0.348396
0.361638
0.420187
0.302754
0.377703
0.321941
0.412384
0.35589
0.459161
0.380157
0.378569
0.282655
0.302487
0.323433
0.289745
0.301221
0.209406
0.306143
0.350938
0.370977
0.452989
0.373617
0.400747
0.386599
0.342452
0.367017
0.332677
0.308124
0.294583
0.41338
0.281732
0.392114
0.392429
0.411801
0.296138
0.117852
0.0823483
0.0923588
0.0654606
0.091828
0.0427079
0.0442994
0.050914
0.319112
0.258607
0.282942
0.14445
0.127891
0.257902
0.337446
0.342196
0.405716
0.324891
0.417052
0.321265
0.270465
0.284037
0.32265
0.391136
0.392541
0.318851
0.382761
0.352246
0.283592
0.37338
0.314933
0.360362
0.234225
0.256937
0.343843
0.285783
0.307414
0.276497
0.317588
0.322999
0.451399
0.29233
0.382232
0.340996
0.314837
0.299459
0.269901
0.283205
0.219071
0.275147
0.217257
0.183101
0.150891
0.17104
0.119531
0.162894
0.160709
0.380496
0.086695
0.0787535
0.0784266
0.087949
0.0690456
0.0613125
0.0537829
0.0745266
0.0516979
0.0576326
0.0658741
0.0168851
0.0271183
0.411563
0.425384
0.329398
0.337747
0.453994
0.398473
0.437241
0.202739
0.278178
0.276265
0.437991
0.400404
0.420524
0.37161
0.333396
0.402891
0.462923
0.429318
0.348425
0.332586
0.377155
0.336376
0.388468
0.419612
0.420185
0.480428
0.470438
0.45263
0.469193
0.431342
0.45801
0.389401
0.433046
0.443984
0.301854
0.449866
0.4569
0.289374
0.352181
0.4462
0.430991
0.392355
0.423269
0.378574
0.35435
0.352562
0.423036
0.293074
0.479961
0.376894
0.390432
0.361625
0.377184
0.438587
0.396067
0.387082
0.369824
0.353276
0.335148
0.390123
0.447857
0.446829
0.436152
0.494601
0.425634
0.477424
0.479059
0.496638
0.482432
0.482982
0.453765
0.450692
0.46308
0.489292
0.404698
0.311055
0.266519
0.064598
0.0432957
0.375136
0.440227
0.247029
0.319571
0.365242
0.428929
0.443515
0.544038
0.572701
0.687335
0.706059
0.56939
0.534395
0.560874
0.674092
0.596328
0.620392
0.657533
0.638007
0.706278
0.556592
0.55477
0.669007
0.611928
0.638233
0.61806
0.686125
0.632502
0.545289
0.561373
0.658937
0.639975
0.589386
0.553238
0.519629
0.700078
0.670517
0.652636
0.637445
0.718476
0.571126
0.614216
0.598516
0.677734
0.60153
0.677248
0.64573
0.66998
0.603565
0.69244
0.640311
0.582624
0.636892
0.523173
0.518951
0.568288
0.580727
0.621731
0.607253
0.6229
0.760853
0.592337
0.534745
0.53505
0.577791
0.59347
0.645561
0.644395
0.675607
0.640782
0.612532
0.703634
0.684315
0.64951
0.638562
0.680659
0.654293
0.7124
0.660063
0.64954
0.612298
0.689755
0.770997
0.641548
0.723883
0.676027
0.7188
0.68253
0.724322
0.678464
0.692155
0.648944
0.496252
0.568914
0.762482
0.713552
0.76931
0.623334
0.67258
0.678851
0.57402
0.680111
0.738658
0.58699
0.544403
0.516572
0.560683
0.536267
0.695913
0.778384
0.673
0.724742
0.754903
0.656207
0.544705
0.567965
0.640271
0.650334
0.551736
0.561568
0.573218
0.497931
0.649682
0.583207
0.59382
0.564488
0.636114
0.738899
0.605448
0.677417
0.662088
0.699707
0.696905
0.711705
0.726803
0.715259
0.70776
0.608912
0.560684
0.604345
0.705868
0.6875
0.665189
0.63222
0.659455
0.673529
0.748117
0.794595
0.690925
0.77258
0.722753
0.656624
0.633838
0.597819
0.749023
0.726275
0.702134
0.705448
0.672678
0.677567
0.68757
0.658181
0.712763
0.710883
0.676781
0.712616
0.696419
0.723405
0.789704
0.782611
0.778322
0.732923
0.704255
0.643182
0.698456
0.664189
0.6572
0.655032
0.713923
0.739203
0.709311
0.711179
0.675893
0.713608
0.740764
0.722935
0.693168
0.657346
0.623013
0.637611
0.638864
0.650554
0.667695
0.780757
0.570034
0.585488
0.709577
0.573673
0.5445
0.571096
0.636427
0.777421
0.62636
0.646274
0.576463
0.643685
0.705789
0.699074
0.678191
0.578352
0.640313
0.631151
0.65191
0.71728
0.727958
0.792894
0.689736
0.667621
0.694228
0.665452
0.642527
0.720991
0.684513
0.696311
0.792596
0.661747
0.645575
0.635303
0.625915
0.669746
0.665325
0.707474
0.759057
0.637092
0.704431
0.627024
0.695847
0.70721
0.638031
0.583126
0.728702
0.729875
0.752636
0.723536
0.713548
0.794157
0.801126
0.807722
0.797767
0.717951
0.71797
0.703689
0.717359
0.71418
0.716034
0.695252
0.80011
0.658671
0.740506
0.690698
0.742677
0.799214
0.724629
0.73875
0.747538
0.767552
0.755221
0.769784
0.748116
0.767314
0.752844
0.7381
0.753374
0.742478
0.754558
0.74824
0.723912
0.709473
0.740444
0.773719
0.74365
0.770073
0.778291
0.781663
0.802532
0.832746
0.754895
0.71233
0.752483
0.739755
0.810832
0.744004
0.73763
0.735507
0.74278
0.728292
0.747424
0.735759
0.749541
0.750795
0.734922
0.714003
0.746298
0.694133
0.752881
0.692629
0.733492
0.638657
0.742897
0.725644
0.734515
0.715453
0.708338
0.787924
0.811304
0.742632
0.687117
0.763695
0.751268
0.651382
0.704474
0.749976
0.687962
0.749116
0.745275
0.747641
0.747392
0.759976
0.753595
0.758893
0.762429
0.747527
0.77984
0.791986
0.738936
0.735426
0.811665
0.682015
0.676283
0.711434
0.768636
0.769962
0.749468
0.771469
0.806829
0.749543
0.754669
0.76679
0.752016
0.745305
0.813675
0.751116
0.734899
0.75799
0.758294
0.752669
0.713099
0.726567
0.65204
0.649521
0.668442
0.674895
0.697683
0.760041
0.614514
0.661812
0.582593
0.62126
0.711829
0.690906
0.700136
0.682846
0.636452
0.714267
0.694373
0.430798
0.432183
0.465669
0.510151
0.465172
0.48964
0.509899
0.505965
0.487172
0.477603
0.501732
0.479741
0.481778
0.50405
0.433878
0.501165
0.537337
0.496012
0.555377
0.56324
0.546426
0.531137
0.549774
0.554507
0.546926
0.511585
0.53697
0.558022
0.535249
0.53518
0.210367
0.263942
0.207633
0.258246
0.249907
0.234316
0.206225
0.219634
0.233165
0.198575
0.244373
0.281998
0.259126
0.275332
0.26323
0.259474
0.254883
0.277923
0.277429
0.264444
0.268895
0.249128
0.242774
0.207165
0.171639
0.159752
0.195775
0.187641
0.22467
0.168558
0.1652
0.159733
0.287495
0.313203
0.169914
0.225344
0.31378
0.278325
0.155158
0.293142
0.310008
0.232678
0.21879
0.249324
0.122728
0.230951
0.264917
0.207554
0.234414
0.279006
0.248343
0.277431
0.260431
0.320614
0.36837
0.169066
0.131834
0.110994
0.109168
0.096225
0.318726
0.366042
0.336236
0.300735
0.35574
0.307957
0.310214
0.318019
0.261232
0.174943
0.268823
0.348136
0.338804
0.298408
0.277809
0.194378
0.294047
0.310587
0.311133
0.310225
0.325872
0.345961
0.36604
0.278157
0.297644
0.30162
0.299987
0.405472
0.292119
0.273617
0.272451
0.277931
0.271646
0.255542
0.314395
0.294082
0.286607
0.206792
0.308769
0.300624
0.305193
0.304582
0.306626
0.294366
0.284212
0.295918
0.294252
0.285324
0.290366
0.239363
0.226349
0.29075
0.227204
0.209943
0.253709
0.251454
0.290643
0.29441
0.206409
0.21473
0.234261
0.425485
0.398455
0.423707
0.397843
0.424592
0.401988
0.398551
0.410799
0.388384
0.397262
0.424664
0.279663
0.263743
0.175825
0.306639
0.272629
0.239946
0.214933
0.147034
0.158104
0.164271
0.135305
0.156853
0.187575
0.172198
0.13606
0.151827
0.151783
0.130829
0.373209
0.0807273
0.0767965
0.0144413
0.346592
0.332853
0.325474
0.264089
0.1855
0.171116
0.140247
0.280302
0.322459
0.313192
0.136437
0.134294
0.127892
0.313304
0.124016
0.27249
0.120059
0.293995
0.113527
0.109496
0.104598
0.106214
0.123916
0.297132
0.298533
0.305394
0.312587
0.0885188
0.0851943
0.325926
0.0796622
0.340537
0.0835456
0.0764699
0.363452
0.0598417
0.0642833
0.0572387
0.329667
0.275582
0.315666
0.288924
0.316754
0.309827
0.289336
0.294252
0.293933
0.270752
0.25728
0.270662
0.324542
0.307208
0.228343
0.245326
0.102148
0.233069
0.155874
0.256764
0.187446
0.152591
0.213925
0.193814
0.185418
0.154227
0.224739
0.243935
0.167117
0.225895
0.216759
0.192811
0.312368
0.382194
0.384974
0.380057
0.434771
0.405874
0.406821
0.372624
0.361554
0.353745
0.346671
0.373969
0.35222
0.359916
0.381589
0.318056
0.305809
0.1522
0.190547
0.182685
0.201127
0.226249
0.189506
0.188161
0.0624667
0.0602332
0.0575162
0.0456308
0.0605201
0.0820435
0.093187
0.0315378
0.154479
0.129261
0.133461
0.120516
0.118994
0.137666
0.108342
0.126121
0.134723
0.113369
0.0914875
0.13043
0.333425
0.342916
0.385497
0.333641
0.348038
0.304493
0.304013
0.29789
0.308642
0.303338
0.288961
0.310088
0.251659
0.314232
0.298317
0.323976
0.326872
0.239629
0.306091
0.304125
0.265277
0.305257
0.269578
0.352617
0.200512
0.184495
0.355016
0.334027
0.368598
0.346949
0.345281
0.306284
0.296963
0.288918
0.329843
0.294506
0.290923
0.326116
0.368324
0.363774
0.332694
0.293571
0.353781
0.341501
0.335011
0.356862
0.368343
0.324603
0.295869
0.294977
0.291405
0.445133
0.424727
0.434374
0.429109
0.383218
0.400673
0.446159
0.415073
0.392507
0.45202
0.319396
0.341927
0.364835
0.430902
0.334255
0.326814
0.44302
0.423171
0.436224
0.344476
0.356356
0.404071
0.368844
0.436777
0.384469
0.452698
0.434372
0.391885
0.367206
0.373058
0.424302
0.387835
0.382786
0.292911
0.283109
0.29389
0.309925
0.345056
0.350888
0.337563
0.364385
0.335288
0.285188
0.273173
0.239188
0.21849
0.322441
0.284515
0.224513
0.215294
0.216246
0.292734
0.197892
0.255332
0.321846
0.421478
0.330973
0.450387
0.388189
0.328485
0.340989
0.359843
0.38895
0.404607
0.416523
0.428495
0.40996
0.4469
0.358224
0.40673
0.382056
0.401998
0.353804
0.35751
0.359458
0.379217
0.362869
0.431428
0.368361
0.393997
0.273267
0.343457
0.33746
0.341828
0.354132
0.351482
0.331922
0.336701
0.327593
0.362178
0.384306
0.347918
0.341439
0.324325
0.315424
0.372049
0.402291
0.386719
0.288303
0.433029
0.426003
0.416418
0.406412
0.416911
0.415327
0.391733
0.401326
0.413968
0.39783
0.31629
0.312085
0.304924
0.302817
0.294384
0.291262
0.286877
0.285957
0.286503
0.310169
0.305797
0.271674
0.277561
0.279399
0.276686
0.286134
0.194915
0.149278
0.159181
0.288679
0.136517
0.123649
0.122465
0.110598
0.121736
0.129571
0.10784
0.132082
0.104501
0.100496
0.0766818
0.065768
0.0669477
0.0524356
0.0801504
0.070803
0.0688598
0.0482819
0.0686727
0.081093
0.0714217
0.0595885
0.0418119
0.0606924
0.0545826
0.0515643
0.057892
0.0323363
0.0327421
0.0273426
0.0479969
0.0209059
0.0316264
0.041964
0.0532748
0.0365736
0.0513385
0.0648109
0.0539246
0.0629894
0.0534713
0.266923
0.255241
0.407588
0.237192
0.345425
0.334974
0.229342
0.366355
0.161762
0.00754385
0.211588
0.245876
0.192745
0.256615
0.395941
0.375135
0.410794
0.398656
0.287955
0.331835
0.382473
0.292588
0.359942
0.260349
0.253682
0.414287
0.379142
0.424865
0.392534
0.405691
0.409472
0.414922
0.355032
0.374314
0.322875
0.316775
0.288754
0.324904
0.264337
0.272301
0.415139
0.34485
0.338865
0.371251
0.314794
0.3966
0.28588
0.395968
0.264812
0.402407
0.355949
0.379231
0.366871
0.359262
0.34847
0.34086
0.272197
0.255806
0.291031
0.299221
0.36726
0.384172
0.309769
0.340132
0.373533
0.328866
0.266394
0.294412
0.27641
0.368902
0.350432
0.363389
0.322646
0.329499
0.261503
0.366416
0.311015
0.20726
0.358031
0.292467
0.332937
0.295312
0.265526
0.290207
0.248955
0.314347
0.208513
0.349792
0.347212
0.160623
0.302356
0.275716
0.335657
0.228603
0.33656
0.263416
0.30038
0.33513
0.327106
0.254852
0.238228
0.281799
0.326746
0.327174
0.321652
0.320009
0.266981
0.315791
0.307925
0.319437
0.430296
0.316449
0.40283
0.431589
0.354154
0.345499
0.354231
0.339841
0.367428
0.293388
0.32861
0.328548
0.325555
0.321723
0.324924
0.321146
0.320122
0.301509
0.294583
0.293512
0.283967
0.283462
0.252584
0.234585
0.29039
0.297619
0.286365
0.262992
0.234079
0.207911
0.250262
0.173375
0.200555
0.179853
0.143484
0.10943
0.11701
0.147899
0.117615
0.114434
0.203375
0.108521
0.0946479
0.228438
0.0969526
0.119104
0.090419
0.0977175
0.135431
0.0881504
0.0827792
0.299613
0.294139
0.217037
0.23309
0.221646
0.214988
0.215503
0.201346
0.210263
0.197137
0.196195
0.159738
0.180147
0.185248
0.16192
0.146919
0.142114
0.176261
0.151214
0.145292
0.15567
0.15834
0.157052
0.163369
0.13591
0.11892
0.383103
0.131317
0.345056
0.375541
0.368741
0.37399
0.0882805
0.0830311
0.0772567
0.0744715
0.0693943
0.0693078
0.0838771
0.0661582
0.0477635
0.0766083
0.045559
0.0471682
0.0360456
0.0928038
0.0314498
0.0218943
0.023131
0.0405994
0.0455074
0.0295002
0.0287364
0.0172053
0.0470669
0.0252871
0.032254
0.0573498
0.0579548
0.373779
0.39199
0.397667
0.345739
0.444172
0.352814
0.334393
0.338533
0.362377
0.364342
0.263684
0.40687
0.418861
0.405285
0.395447
0.403159
0.388716
0.38035
0.351235
0.462525
0.366164
0.438419
0.447774
0.436852
0.365427
0.448579
0.360006
0.374316
0.392954
0.338497
0.352192
0.329871
0.349884
0.203394
0.211116
0.266748
0.30794
0.281899
0.289719
0.413698
0.403205
0.441176
0.41258
0.300084
0.308845
0.381507
0.40552
0.423967
0.313747
0.40892
0.320075
0.346471
0.393201
0.459329
0.380448
0.420021
0.453721
0.422344
0.451023
0.368659
0.444615
0.361441
0.321048
0.333494
0.38268
0.357598
0.429804
0.414729
0.322089
0.366373
0.392055
0.334702
0.351309
0.419653
0.3723
0.316153
0.306008
0.411534
0.41332
0.397794
0.391339
0.40027
0.421349
0.412979
0.402737
0.420232
0.427503
0.462509
0.488024
0.450008
0.402297
0.457955
0.409303
0.439812
0.433401
0.401117
0.381454
0.447662
0.39809
0.442997
0.47893
0.448318
0.444191
0.438959
0.404301
0.41453
0.411976
0.469841
0.483842
0.443081
0.459955
0.354875
0.469058
0.368884
0.472941
0.442384
0.445021
0.366915
0.41072
0.4411
0.388222
0.379057
0.35204
0.454159
0.415245
0.364606
0.432944
0.43722
0.423952
0.332727
0.326892
0.336569
0.313275
0.313566
0.306583
0.306741
0.467743
0.446021
0.435995
0.43404
0.408576
0.412681
0.439779
0.446621
0.428757
0.436704
0.475662
0.470316
0.474927
0.437348
0.465506
0.435541
0.373958
0.406332
0.400311
0.381292
0.395991
0.349094
0.342265
0.374724
0.394659
0.364547
0.333039
0.364899
0.37309
0.465041
0.456671
0.383011
0.366519
0.343964
0.366707
0.44116
0.425997
0.404292
0.394652
0.398369
0.458085
0.432294
0.416788
0.395806
0.401623
0.440755
0.425456
0.428026
0.39763
0.380811
0.413905
0.393834
0.416944
0.362325
0.345712
0.388648
0.370761
0.396265
0.408753
0.38053
0.399391
0.384358
0.36184
0.335572
0.390086
0.308129
0.428413
0.410164
0.386442
0.392013
0.436491
0.425852
0.412922
0.399937
0.40788
0.432341
0.472661
0.395882
0.296829
0.484787
0.477271
0.433672
0.442206
0.434907
0.461674
0.419588
0.443455
0.430052
0.409164
0.451107
0.388349
0.398362
0.389678
0.418386
0.28687
0.411937
0.385368
0.405312
0.355352
0.410494
0.365413
0.374043
0.427961
0.415584
0.417168
0.422597
0.437737
0.409216
0.418049
0.363552
0.424789
0.47811
0.465777
0.470873
0.432712
0.42494
0.422773
0.423148
0.421565
0.407301
0.392917
0.391154
0.387897
0.381684
0.367996
0.372305
0.359734
0.355687
0.35377
0.338871
0.332526
0.329364
0.287475
0.442771
0.398599
0.409312
0.382547
0.434825
0.434921
0.423232
0.432364
0.439472
0.435616
0.441601
0.449692
0.447128
0.49323
0.494953
0.481214
0.484477
0.478347
0.472554
0.471399
0.425856
0.48775
0.48755
0.485466
0.476414
0.492838
0.486367
0.460543
0.467247
0.438205
0.448081
0.459773
0.462734
0.492075
0.498558
0.491865
0.466744
0.423867
0.460751
0.469023
0.462837
0.470972
0.451169
0.479324
0.356355
0.305686
0.328367
0.479153
0.376951
0.421937
0.301195
0.309322
0.287191
0.303059
0.252445
0.254397
0.346284
0.403138
0.384068
0.37409
0.0737312
0.0725406
0.0858897
0.0297207
0.0211701
0.0283914
0.0377622
0.0488645
0.107489
0.0922522
0.0676032
0.0595989
0.131251
0.342026
0.359517
0.353044
0.25675
0.245937
0.256794
0.262269
0.258732
0.307207
0.317316
0.395601
0.408726
0.429018
0.427422
0.4282
0.443382
0.436809
0.394012
0.386096
0.449188
0.42721
0.326155
0.518251
0.581312
0.582263
0.590484
0.538903
0.553252
0.554781
0.536467
0.580216
0.602001
0.573543
0.56827
0.570196
0.568262
0.541893
0.652715
0.639637
0.653958
0.691105
0.575214
0.586832
0.561014
0.556765
0.57642
0.540315
0.559264
0.570772
0.565109
0.578872
0.578882
0.550098
0.53047
0.549657
0.712712
0.55117
0.68695
0.559817
0.709532
0.627354
0.572612
0.636829
0.589045
0.626896
0.683303
0.696785
0.636705
0.608505
0.568346
0.563349
0.580954
0.694502
0.714626
0.625195
0.6289
0.648168
0.697485
0.617066
0.679587
0.707159
0.613439
0.639704
0.700826
0.627081
0.671795
0.633384
0.624069
0.693944
0.630446
0.625756
0.666359
0.650086
0.678231
0.68834
0.700088
0.540119
0.537587
0.544829
0.535868
0.560011
0.556735
0.580989
0.716183
0.702871
0.646752
0.604134
0.606293
0.636352
0.61964
0.695274
0.626655
0.710127
0.695058
0.664798
0.639655
0.613879
0.631912
0.62083
0.669826
0.702607
0.705429
0.614747
0.618734
0.636757
0.704366
0.645317
0.529842
0.570972
0.56107
0.713043
0.710364
0.627983
0.622855
0.643603
0.711632
0.553288
0.577177
0.562592
0.634606
0.625278
0.605845
0.661092
0.606695
0.658739
0.592068
0.581016
0.603819
0.559235
0.560588
0.717075
0.702661
0.68845
0.634906
0.58143
0.607992
0.622183
0.632115
0.636613
0.654402
0.568462
0.578926
0.713462
0.695659
0.577491
0.709039
0.667314
0.64219
0.571433
0.589575
0.591762
0.698383
0.690237
0.631662
0.701369
0.609279
0.658141
0.597258
0.672804
0.672099
0.703232
0.678828
0.711548
0.618334
0.609321
0.629552
0.691874
0.684061
0.702452
0.631279
0.616305
0.608833
0.723872
0.64779
0.584271
0.619999
0.642531
0.632092
0.616765
0.598447
0.594373
0.610959
0.612663
0.623058
0.596458
0.645833
0.699734
0.624446
0.610477
0.615955
0.686523
0.664915
0.663862
0.673967
0.65652
0.599698
0.660799
0.650435
0.674802
0.641698
0.712623
0.623047
0.648194
0.542714
0.556078
0.546769
0.555939
0.585495
0.577919
0.573285
0.563725
0.683636
0.619888
0.630836
0.733417
0.624417
0.607041
0.584589
0.570601
0.56546
0.577964
0.605818
0.595546
0.56412
0.588817
0.586498
0.53672
0.553858
0.676077
0.681779
0.579212
0.571003
0.562919
0.518903
0.509645
0.527523
0.59453
0.573957
0.59762
0.577398
0.587262
0.60302
0.714602
0.697543
0.713929
0.706404
0.580002
0.608091
0.587168
0.620691
0.60708
0.660661
0.617513
0.676742
0.651146
0.652938
0.614185
0.609555
0.601145
0.597374
0.588121
0.746454
0.633867
0.624621
0.627695
0.61511
0.591739
0.611595
0.581304
0.581396
0.562594
0.596452
0.659548
0.611331
0.614141
0.702832
0.683842
0.668238
0.647382
0.738921
0.711447
0.709068
0.683333
0.648638
0.723742
0.720793
0.683707
0.633009
0.70171
0.684655
0.642675
0.632989
0.666628
0.647688
0.64334
0.646032
0.653261
0.679803
0.66718
0.67966
0.684642
0.618092
0.619879
0.701496
0.693945
0.727972
0.70306
0.652816
0.648072
0.661046
0.61658
0.62897
0.697079
0.662008
0.679185
0.690055
0.659562
0.707101
0.660085
0.707132
0.696857
0.706779
0.700352
0.68396
0.738541
0.710891
0.696989
0.678556
0.691801
0.675074
0.670592
0.65294
0.63833
0.638088
0.699062
0.613934
0.630028
0.661528
0.636211
0.612506
0.696704
0.639721
0.656882
0.622849
0.708339
0.620105
0.658298
0.668997
0.673326
0.562651
0.570639
0.579998
0.545961
0.587906
0.578037
0.768722
0.780003
0.757625
0.77776
0.784685
0.759674
0.733639
0.75158
0.724248
0.771864
0.788299
0.744913
0.683569
0.703281
0.694196
0.685553
0.666309
0.626199
0.630828
0.624797
0.600817
0.601259
0.62028
0.600407
0.656585
0.69651
0.708209
0.574361
0.607914
0.741505
0.717955
0.561781
0.555375
0.65532
0.601084
0.611073
0.577883
0.59341
0.588121
0.594767
0.624408
0.614977
0.582861
0.606364
0.576446
0.594917
0.619965
0.576312
0.601401
0.607206
0.536157
0.627042
0.596866
0.581597
0.605894
0.590863
0.514148
0.566563
0.535818
0.574818
0.582979
0.571152
0.592281
0.552228
0.5461
0.61262
0.593734
0.595222
0.544362
0.509595
0.505609
0.570303
0.515934
0.547514
0.507883
0.499885
0.520905
0.799262
0.796592
0.778011
0.762165
0.77545
0.613628
0.61859
0.607241
0.620902
0.606568
0.601274
0.59201
0.618332
0.595255
0.618288
0.587227
0.594486
0.580672
0.619671
0.638708
0.789478
0.776852
0.68921
0.69975
0.69433
0.710005
0.683466
0.677839
0.735902
0.699173
0.675052
0.6802
0.658294
0.629825
0.563635
0.561612
0.578249
0.571897
0.640091
0.556776
0.538009
0.73784
0.723052
0.574224
0.554152
0.561946
0.5455
0.531924
0.540315
0.531829
0.501917
0.566655
0.624633
0.580986
0.554957
0.592452
0.60887
0.630204
0.567255
0.629011
0.561216
0.565306
0.574285
0.66404
0.684954
0.693123
0.702125
0.681835
0.601838
0.627755
0.655949
0.663052
0.638851
0.637191
0.685584
0.649163
0.657166
0.694839
0.657287
0.686423
0.708143
0.680015
0.706804
0.70157
0.67767
0.699518
0.682105
0.707762
0.719017
0.717578
0.71128
0.703736
0.708022
0.716366
0.7133
0.714115
0.724188
0.72019
0.727455
0.726456
0.721708
0.707242
0.714945
0.666508
0.706862
0.734941
0.724603
0.706485
0.61827
0.599295
0.649112
0.699293
0.591755
0.609918
0.571687
0.553746
0.589419
0.587041
0.735683
0.655782
0.677079
0.651164
0.694508
0.660011
0.714823
0.711459
0.667327
0.663579
0.637336
0.694348
0.656757
0.68289
0.619478
0.647635
0.631915
0.65685
0.620397
0.658208
0.648656
0.615756
0.6919
0.618306
0.67974
0.60193
0.687021
0.7231
0.641418
0.530478
0.52244
0.798802
0.752177
0.780906
0.765886
0.68959
0.712177
0.777591
0.675496
0.750397
0.661957
0.740343
0.67756
0.666625
0.65781
0.753804
0.772215
0.775372
0.648465
0.644427
0.657786
0.648688
0.637946
0.644861
0.626188
0.642046
0.625885
0.635578
0.647176
0.618879
0.618628
0.61334
0.616967
0.608525
0.605337
0.59734
0.655195
0.779858
0.690377
0.686369
0.634517
0.785294
0.769599
0.765536
0.748367
0.741733
0.752435
0.730745
0.732676
0.727765
0.713739
0.670932
0.701606
0.66203
0.702641
0.702345
0.688329
0.683898
0.665992
0.672418
0.661711
0.615372
0.681536
0.69418
0.642393
0.67268
0.700258
0.719657
0.672993
0.720289
0.635598
0.66932
0.66526
0.622708
0.658553
0.672291
0.715784
0.699057
0.712735
0.646098
0.705159
0.53544
0.698387
0.70101
0.687013
0.787957
0.731573
0.767994
0.768587
0.714241
0.796561
0.780382
0.708075
0.787409
0.708393
0.760093
0.674859
0.656124
0.690195
0.722613
0.723363
0.685809
0.626174
0.723414
0.662134
0.642072
0.635705
0.735116
0.690138
0.702419
0.710037
0.674784
0.730835
0.717753
0.733288
0.702834
0.701734
0.697867
0.714423
0.705715
0.663072
0.708771
0.722054
0.709258
0.710811
0.711115
0.71464
0.721988
0.706225
0.720865
0.708822
0.715326
0.709797
0.7289
0.732406
0.713738
0.723343
0.717227
0.74173
0.732356
0.732175
0.741072
0.737865
0.760487
0.771609
0.783
0.677583
0.792319
0.805909
0.785779
0.649743
0.658838
0.653914
0.652234
0.647202
0.623147
0.633468
0.641499
0.645613
0.632732
0.624018
0.656385
0.658878
0.669183
0.664394
0.655671
0.670697
0.649298
0.676341
0.664381
0.685314
0.689884
0.655205
0.763784
0.749749
0.728043
0.716768
0.583559
0.566858
0.698461
0.538703
0.700732
0.694669
0.696247
0.505417
0.507911
0.68247
0.730419
0.597336
0.587789
0.572486
0.568328
0.532819
0.701798
0.499924
0.609915
0.696021
0.701134
0.601512
0.709425
0.713779
0.645805
0.630565
0.637571
0.634135
0.560646
0.766904
0.778149
0.632612
0.612102
0.677294
0.659308
0.658907
0.652093
0.649555
0.640806
0.586518
0.612651
0.602978
0.582724
0.568911
0.574076
0.630272
0.711809
0.718713
0.681609
0.66875
0.66996
0.780654
0.723127
0.633122
0.664123
0.720926
0.563119
0.628829
0.706536
0.690438
0.718059
0.672726
0.679395
0.714436
0.67252
0.672084
0.645462
0.630626
0.509589
0.509217
0.78543
0.784963
0.800312
0.761448
0.761852
0.74877
0.775384
0.744562
0.78447
0.751119
0.747697
0.693447
0.741198
0.633883
0.746485
0.760808
0.756551
0.768153
0.738283
0.727752
0.722315
0.710047
0.68764
0.669544
0.641762
0.712584
0.715113
0.706681
0.631514
0.721273
0.722089
0.70853
0.700054
0.702234
0.566305
0.68935
0.791489
0.680196
0.675998
0.659691
0.649862
0.75841
0.742952
0.660442
0.598072
0.588418
0.575559
0.645636
0.675109
0.662787
0.680923
0.714488
0.599543
0.569891
0.671612
0.671978
0.777077
0.774338
0.523719
0.554475
0.55824
0.505738
0.525117
0.497842
0.58726
0.574469
0.635477
0.654457
0.739406
0.727394
0.708186
0.71677
0.772735
0.607662
0.617627
0.664993
0.604339
0.646245
0.656975
0.704598
0.661527
0.668845
0.72223
0.726327
0.71268
0.569249
0.573568
0.728978
0.710257
0.711036
0.737445
0.756605
0.752113
0.745533
0.726103
0.720124
0.713921
0.708783
0.712996
0.732839
0.722768
0.688372
0.811848
0.715055
0.735622
0.713368
0.73051
0.769019
0.702876
0.770425
0.770852
0.764335
0.801768
0.79374
0.811034
0.763548
0.79089
0.744511
0.772169
0.746113
0.705704
0.708088
0.717222
0.735371
0.721926
0.730941
0.711416
0.72382
0.72833
0.725625
0.698207
0.712742
0.727891
0.710404
0.739366
0.666937
0.709439
0.747155
0.729971
0.736012
0.715974
0.720478
0.721577
0.681039
0.732297
0.76069
0.729671
0.818909
0.779132
0.667197
0.735353
0.659648
0.732024
0.746616
0.677891
0.685615
0.746199
0.762342
0.761135
0.770762
0.787004
0.750051
0.754364
0.746821
0.727566
0.777129
0.718889
0.744757
0.770472
0.775959
0.737855
0.73215
0.727102
0.723172
0.728577
0.780459
0.738697
0.724313
0.720381
0.735168
0.723696
0.722289
0.79357
0.769412
0.732937
0.721179
0.731354
0.734049
0.758738
0.736776
0.773631
0.727295
0.755182
0.745434
0.821196
0.749913
0.759138
0.724028
0.723274
0.763263
0.730134
0.759455
0.760455
0.740958
0.766277
0.740148
0.770292
0.768483
0.725383
0.754961
0.723947
0.766639
0.759042
0.769396
0.742483
0.751133
0.73158
0.76599
0.759
0.769202
0.747941
0.740796
0.748492
0.763726
0.735526
0.750431
0.755325
0.754375
0.684874
0.698066
0.738109
0.728966
0.72964
0.740121
0.740088
0.736517
0.720934
0.727242
0.737546
0.742831
0.722471
0.746225
0.743366
0.740537
0.744146
0.716165
0.724685
0.704049
0.715257
0.692184
0.725481
0.74286
0.743125
0.715288
0.759946
0.761724
0.780886
0.816829
0.790694
0.819222
0.801574
0.803934
0.791076
0.716989
0.735953
0.80983
0.803626
0.795287
0.798217
0.80133
0.797333
0.798403
0.810274
0.799881
0.768638
0.809282
0.75918
0.788857
0.80686
0.802705
0.792927
0.785055
0.748159
0.79014
0.737216
0.738522
0.735997
0.822037
0.805217
0.807475
0.704277
0.706521
0.70438
0.707558
0.702782
0.710424
0.809079
0.797287
0.75911
0.78392
0.794599
0.814736
0.741368
0.759588
0.73624
0.730153
0.744013
0.760272
0.732582
0.748594
0.740818
0.757866
0.736083
0.796248
0.734171
0.753709
0.743803
0.77784
0.743227
0.741016
0.730848
0.745799
0.773634
0.742137
0.818304
0.732263
0.726813
0.739109
0.773164
0.736102
0.736503
0.724344
0.733215
0.723251
0.733974
0.728315
0.739744
0.745961
0.719095
0.716282
0.733822
0.746112
0.731702
0.74652
0.726388
0.723829
0.750663
0.73021
0.751237
0.750353
0.720999
0.733852
0.745279
0.753226
0.751105
0.751265
0.754094
0.749899
0.665643
0.681725
0.691162
0.655284
0.709574
0.755889
0.748774
0.76275
0.687816
0.697624
0.738005
0.677234
0.737066
0.733415
0.664625
0.712732
0.740253
0.730014
0.723812
0.732791
0.736733
0.647488
0.668482
0.734367
0.728791
0.723634
0.733815
0.73034
0.72682
0.771238
0.760421
0.722702
0.751171
0.714422
0.723887
0.732235
0.722481
0.726049
0.724334
0.743935
0.717113
0.769366
0.760641
0.742499
0.780109
0.726872
0.78639
0.745372
0.737971
0.791166
0.803917
0.787221
0.802801
0.808464
0.803603
0.785447
0.717793
0.714167
0.724085
0.745095
0.694112
0.688862
0.674922
0.75962
0.702971
0.756653
0.731687
0.719191
0.660871
0.743295
0.744864
0.724921
0.744996
0.751668
0.74591
0.77117
0.77041
0.758839
0.70191
0.74937
0.748358
0.711953
0.739733
0.72031
0.749834
0.7429
0.746481
0.750305
0.745508
0.724117
0.73028
0.752797
0.728228
0.732602
0.762216
0.759822
0.761879
0.757557
0.76575
0.764542
0.765664
0.765034
0.764215
0.754394
0.757267
0.759283
0.766345
0.769767
0.776461
0.770902
0.777186
0.781068
0.784658
0.784089
0.788455
0.797425
0.747072
0.804423
0.801201
0.745159
0.743115
0.798914
0.754889
0.805091
0.768665
0.746916
0.764099
0.774673
0.775393
0.776359
0.74894
0.797054
0.709762
0.702056
0.707947
0.701775
0.741149
0.74134
0.746285
0.749002
0.760685
0.747787
0.754605
0.702415
0.741778
0.664331
0.683353
0.682932
0.743579
0.733382
0.712742
0.769418
0.76935
0.762767
0.766155
0.758464
0.761348
0.763572
0.750692
0.755131
0.756697
0.747786
0.759065
0.755418
0.795629
0.774745
0.775561
0.757534
0.76204
0.752798
0.748905
0.74846
0.750632
0.785639
0.799334
0.785309
0.776807
0.761208
0.749019
0.750822
0.73593
0.725005
0.751
0.74458
0.752196
0.815748
0.748783
0.749864
0.73714
0.738061
0.741192
0.736361
0.742764
0.758557
0.754657
0.76295
0.76351
0.682594
0.695799
0.712251
0.729119
0.744749
0.660217
0.655907
0.666703
0.676265
0.665214
0.640106
0.639099
0.706499
0.697163
0.69385
0.76737
0.772662
0.749934
0.609495
0.636722
0.684495
0.572497
0.653831
0.577808
0.707011
0.689773
0.686817
0.688721
0.672071
0.658308
0.681853
0.634559
0.709265
0.746632
0.759031
0.689712
0.685883
0.680057
0.720528
0.731638
0.706299
0.685237
0.691589
0.723871
0.713228
0.653792
0.758982
0.742279
0.768061
0.765046
0.626217
0.551653
0.669613
0.676394
0.680296
0.69115
0.702189
0.481665
0.485768
0.497446
0.445045
0.43845
0.429145
0.421832
0.472508
0.467549
0.46456
0.448146
0.455067
0.441586
0.416356
0.420709
0.458607
0.443175
0.45062
0.463114
0.524014
0.53052
0.503142
0.512155
0.512655
0.490506
0.5205
0.500974
0.496935
0.505597
0.520657
0.499437
0.522051
0.482325
0.45242
0.502706
0.5007
0.466749
0.461991
0.449974
0.437594
0.446328
0.469543
0.470408
0.456878
0.464068
0.45727
0.48662
0.501856
0.516295
0.517821
0.515998
0.468699
0.46915
0.509435
0.475522
0.519049
0.5071
0.51877
0.502318
0.505376
0.497344
0.524274
0.512577
0.50616
0.426999
0.44648
0.442134
0.44708
0.500314
0.518471
0.506877
0.497008
0.51882
0.503957
0.518479
0.469187
0.503916
0.497896
0.483445
0.498041
0.50726
0.479559
0.560187
0.550824
0.535699
0.533824
0.531062
0.548127
0.53064
0.539529
0.543035
0.532746
0.526801
0.518284
0.528945
0.535958
0.520145
0.480101
0.487369
0.475893
0.547949
0.535736
0.542164
0.552308
0.530337
0.553312
0.503772
0.501902
0.497773
0.497654
0.48404
0.544
0.530338
0.54533
0.541623
0.544399
0.503576
0.545598
0.525724
0.517956
0.524082
0.526401
0.48733
0.478947
0.488789
0.551669
0.548241
0.558843
0.541278
0.531157
0.531374
0.543169
0.550163
0.554189
