# DS0
# Number of vertices: 222, Number of faces: 440
# Preprocessing time: 4.2e-08
# Query time: 0.000881375
0.225521
0.266216
0.158916
0.285538
0.356243
0.345665
0.239102
0.28507
0.295158
0.241069
0.289656
0.206321
0.0992148
0.0395592
0.241739
0.404973
0
0.271848
0.183363
0.306496
0.34988
0.296518
0.398048
0.327291
0.395973
0.432431
0.366375
0.348558
0.209326
0.312691
0.319086
0.35798
0.393226
0.36689
0.307463
0.431894
0.303514
0.119324
0.0461205
0.0512819
0.024362
0.404103
0.394225
0.291628
0.360218
0.344463
0.381863
0.367961
0.215487
0.33566
0.341095
0.363648
0.377498
0.331102
0.157944
0.087998
0.263406
0.209298
0.159694
0.108061
0.082349
0.0431481
0.0322357
0.337435
0.382052
0.417298
0.325643
0.407757
0.335439
0.491373
0.487862
0.419849
0.428056
0.432671
0.334497
0.297482
0.441252
0.407333
0.438585
0.405208
0.474303
0.40598
0.427407
0.450659
0.389701
0.458866
0.475566
0.258988
0.028015
0.450411
0.448657
0.437287
0.580554
0.598064
0.629896
0.600994
0.687652
0.744816
0.691474
0.650135
0.741343
0.661612
0.641194
0.641708
0.705005
0.652363
0.647945
0.606934
0.574996
0.53624
0.72208
0.760173
0.778111
0.690992
0.690962
0.686503
0.785519
0.688471
0.640454
0.692242
0.652044
0.630722
0.748414
0.728275
0.707253
0.611978
0.605246
0.728587
0.742751
0.749032
0.707745
0.676657
0.607328
0.807817
0.72542
0.784427
0.680018
0.791078
0.76681
0.630683
0.791459
0.739855
0.733116
0.764748
0.685187
0.676164
0.787795
0.785789
0.593499
0.778288
0.54901
0.655756
0.593592
0.758585
0.664909
0.637584
0.779255
0.726663
0.736539
0.766983
0.675051
0.822947
0.739996
0.814688
0.679901
0.608089
0.886508
0.91416
0.918854
0.842874
0.764887
0.776292
0.813683
0.798505
0.915551
0.9182
0.936043
0.771303
0.825405
0.912524
0.902037
0.921641
0.875264
0.901134
0.866894
0.853111
0.812702
0.792793
0.884519
0.9252
0.832674
0.870006
0.92659
0.850081
0.774904
0.812146
0.802538
0.835583
0.825242
0.864876
0.856777
0.857578
0.872387
0.848584
0.889742
0.899353
0.845855
0.81572
0.762503
0.732756
0.734181
0.685233
0.791016
0.73474
0.465358
0.530954
0.548267
0.480079
0.514967
0.578676
0.547367
0.551789
