# DS0
# Number of vertices: 222, Number of faces: 440
# Preprocessing time: 0
# Query time: 0.00102146
0.225521
0.266216
0.158916
0.285538
0.355632
0.34379
0.238499
0.28507
0.294395
0.240306
0.289656
0.206321
0.0992148
0.0395592
0.241488
0.405355
0
0.271848
0.1826
0.305061
0.349117
0.294193
0.395895
0.325702
0.395772
0.432229
0.365147
0.347167
0.209326
0.311102
0.318231
0.35798
0.393069
0.358299
0.306072
0.432016
0.303396
0.11908
0.0461205
0.051181
0.024362
0.403848
0.394225
0.291628
0.359596
0.349586
0.380577
0.368048
0.215702
0.334897
0.34037
0.36206
0.37729
0.331102
0.157769
0.087998
0.261818
0.209298
0.159694
0.108061
0.082349
0.043148
0.0322357
0.335846
0.381851
0.417096
0.325441
0.396014
0.323697
0.491373
0.487862
0.420063
0.426687
0.420929
0.333106
0.297226
0.441252
0.401483
0.426843
0.393465
0.473559
0.404465
0.416204
0.451017
0.389701
0.456706
0.473424
0.257598
0.028015
0.45021
0.448455
0.436851
0.580554
0.598516
0.629963
0.600994
0.686241
0.745217
0.691874
0.650111
0.741058
0.662064
0.641595
0.642119
0.705303
0.652646
0.648097
0.605536
0.575442
0.53624
0.722467
0.756444
0.778117
0.689594
0.689747
0.686503
0.785524
0.688471
0.639056
0.69263
0.652431
0.630722
0.748414
0.728275
0.707285
0.612323
0.601442
0.728587
0.741367
0.747634
0.70394
0.674885
0.607696
0.807822
0.725425
0.783916
0.678952
0.788475
0.765053
0.630681
0.791462
0.739855
0.733122
0.760765
0.685532
0.676509
0.784363
0.784574
0.593499
0.778403
0.549409
0.65575
0.593979
0.756313
0.665124
0.637584
0.77937
0.725265
0.736654
0.767097
0.675007
0.822953
0.740218
0.814694
0.679398
0.608488
0.886515
0.91416
0.918854
0.842874
0.764507
0.776515
0.813683
0.79907
0.918843
0.921281
0.936043
0.771418
0.82543
0.911103
0.902037
0.924504
0.875289
0.897755
0.866951
0.853135
0.811304
0.791122
0.881571
0.925201
0.83624
0.870006
0.924131
0.850106
0.774929
0.812171
0.802533
0.835608
0.825242
0.863073
0.856777
0.857649
0.87346
0.848727
0.88985
0.902455
0.845855
0.815745
0.758231
0.731028
0.734259
0.685233
0.791016
0.733342
0.465746
0.531454
0.548267
0.47986
0.514967
0.578676
0.544256
0.551927
