# DS0
# Number of vertices: 222, Number of faces: 440
# Preprocessing time: 0.000528042
# Query time: 5.7667e-05
0.24335
0.270095
0.161855
0.31174
0.390105
0.370276
0.254515
0.274192
0.301846
0.252788
0.317389
0.205207
0.10524
0.0403388
0.229569
0.436714
0
0.278625
0.200277
0.318083
0.367228
0.317839
0.420618
0.324789
0.410085
0.437436
0.356158
0.340077
0.217545
0.307425
0.317157
0.360898
0.395879
0.359691
0.303169
0.445976
0.299072
0.12782
0.0482927
0.0403283
0.00953818
0.430902
0.443926
0.278943
0.388098
0.322668
0.392552
0.365822
0.209278
0.34477
0.319163
0.361238
0.409218
0.369789
0.153947
0.0850616
0.263727
0.215002
0.163105
0.11608
0.0846398
0.0483898
0.0271149
0.331473
0.400215
0.431679
0.336297
0.399194
0.325102
0.524735
0.538884
0.456687
0.460099
0.41378
0.332002
0.287556
0.495863
0.397452
0.421521
0.392424
0.500057
0.396044
0.418365
0.489997
0.435412
0.47937
0.498225
0.254391
0.0259169
0.457816
0.461546
0.452634
0.628444
0.653963
0.674149
0.642096
0.751033
0.801993
0.750565
0.700971
0.795543
0.706403
0.701696
0.692528
0.77203
0.692751
0.67728
0.638144
0.63122
0.585838
0.764383
0.801635
0.837032
0.718716
0.733497
0.738813
0.852018
0.744417
0.670481
0.741034
0.709545
0.688912
0.79266
0.782638
0.755484
0.664091
0.656188
0.7874
0.806429
0.777493
0.759778
0.732858
0.668831
0.873801
0.774891
0.851081
0.711733
0.824075
0.805859
0.677877
0.847406
0.80496
0.799174
0.810483
0.734651
0.717272
0.820458
0.822568
0.639565
0.833591
0.606702
0.709521
0.657451
0.80757
0.714183
0.691043
0.832496
0.771817
0.796807
0.824213
0.726586
0.884941
0.798221
0.880242
0.722072
0.664846
0.947732
0.967826
0.9759
0.890892
0.818987
0.832233
0.861592
0.854097
0.95709
0.964251
0.991667
0.825474
0.876421
0.970594
0.95882
0.955812
0.932035
0.954198
0.921558
0.904129
0.846149
0.837777
0.922858
0.969647
0.882991
0.919593
0.981856
0.906157
0.829478
0.86514
0.850337
0.888672
0.882104
0.904585
0.921341
0.887872
0.921923
0.905015
0.950624
0.946703
0.911481
0.86562
0.802238
0.780394
0.788326
0.743906
0.849015
0.781607
0.5162
0.579136
0.60187
0.518651
0.571411
0.612011
0.576513
0.571554
