# DS1
# Number of vertices: 882, Number of faces: 1760
# Preprocessing time: 0.0011055
# Query time: 0.000107708
0.227376
0.270225
0.165202
0.288579
0.35915
0.351082
0.243916
0.302692
0.306224
0.246762
0.291729
0.212915
0.104858
0.0409025
0.24717
0.419523
0
0.292885
0.188839
0.312849
0.361527
0.301143
0.404122
0.344491
0.425467
0.459897
0.372144
0.349993
0.209978
0.329325
0.336386
0.380534
0.419753
0.367226
0.307918
0.438866
0.308676
0.120377
0.0544278
0.0538452
0.0248488
0.411965
0.4058
0.300915
0.362361
0.355281
0.402145
0.400127
0.223306
0.35183
0.36132
0.382549
0.385416
0.341534
0.160462
0.0986062
0.280131
0.225268
0.1678
0.114263
0.083684
0.0433018
0.03505
0.363754
0.404716
0.445315
0.347157
0.413025
0.34248
0.505002
0.504795
0.427561
0.431545
0.441006
0.335835
0.297634
0.451202
0.409185
0.445753
0.412073
0.480283
0.408045
0.428063
0.460425
0.40244
0.465343
0.490322
0.259687
0.0286864
0.480763
0.475024
0.459873
0.58791
0.610567
0.637703
0.612992
0.70147
0.759814
0.703338
0.665103
0.753692
0.677863
0.654423
0.654243
0.717867
0.664721
0.669963
0.620898
0.594348
0.556986
0.746829
0.795118
0.797983
0.7067
0.714014
0.702515
0.802702
0.703599
0.65524
0.716586
0.674946
0.644459
0.764709
0.743602
0.720523
0.624319
0.626345
0.755497
0.765644
0.76558
0.741331
0.700768
0.624852
0.828755
0.742982
0.800473
0.695607
0.815344
0.791043
0.648621
0.809551
0.75517
0.749444
0.795913
0.70637
0.702466
0.812833
0.810392
0.618818
0.797431
0.563888
0.681343
0.619138
0.775223
0.678516
0.663314
0.792465
0.757962
0.756009
0.780583
0.700648
0.846388
0.755337
0.833712
0.695653
0.62312
0.913265
0.943599
0.942835
0.86913
0.784332
0.79249
0.835126
0.822056
0.945985
0.952701
0.973911
0.792412
0.855424
0.943583
0.935315
0.953435
0.910995
0.930569
0.901402
0.8896
0.844135
0.820304
0.923149
0.955056
0.858119
0.900514
0.956859
0.885007
0.804853
0.843966
0.826156
0.868287
0.851667
0.897983
0.887403
0.892748
0.910078
0.877811
0.922657
0.931191
0.873294
0.846494
0.78689
0.756391
0.749645
0.710253
0.818186
0.772478
0.479857
0.548342
0.559659
0.491801
0.529086
0.59812
0.558943
0.563869
0.212392
0.183278
0.190435
0.242085
0.249491
0.214699
0.264074
0.28805
0.259493
0.203766
0.21621
0.234272
0.267138
0.258856
0.278782
0.29854
0.283941
0.25028
0.322068
0.325433
0.276267
0.144649
0.171591
0.260304
0.231893
0.34381
0.319018
0.313913
0.289947
0.267861
0.0737955
0.114548
0.0740631
0.134789
0.114331
0.101077
0.094078
0.123306
0.352263
0.339587
0.326832
0.37444
0.375185
0.241701
0.270205
0.331656
0.35781
0.344568
0.331481
0.352631
0.297358
0.293818
0.308634
0.328076
0.350801
0.332325
0.410647
0.450368
0.444294
0.179696
0.200972
0.159053
0.220169
0.354839
0.324535
0.321258
0.251005
0.232183
0.227874
0.234791
0.1075
0.136314
0.0736661
0.074785
0.0487157
0.102121
0.0739228
0.367283
0.347186
0.325318
0.372958
0.340935
0.373388
0.280924
0.275841
0.194715
0.209284
0.195695
0.235309
0.273671
0.30641
0.282842
0.30788
0.38497
0.327622
0.3001
0.146096
0.149323
0.17254
0.368159
0.356142
0.374525
0.438941
0.423509
0.44881
0.329698
0.376494
0.377663
0.320518
0.343341
0.335191
0.437515
0.418634
0.447871
0.362684
0.399853
0.38905
0.467224
0.449401
0.425776
0.33198
0.288219
0.308299
0.307148
0.287784
0.298283
0.286253
0.315106
0.341136
0.363749
0.358411
0.406821
0.389094
0.425503
0.371644
0.391138
0.401307
0.321428
0.300899
0.315951
0.385915
0.394273
0.427276
0.366514
0.397846
0.396429
0.423185
0.441046
0.471888
0.350253
0.327877
0.319954
0.0734216
0.0512724
0.0702003
0.0372712
0.0420334
0.0457302
0.0288139
0.0285177
0.0171046
0.0120308
0.0262065
0.0153455
0.260717
0.400056
0.413723
0.406186
0.366233
0.482325
0.44408
0.447042
0.410163
0.44937
0.333125
0.401617
0.311343
0.324264
0.390678
0.422839
0.389811
0.384947
0.401499
0.336377
0.364699
0.262977
0.381043
0.377379
0.354533
0.252486
0.401917
0.372487
0.360529
0.287823
0.318792
0.331685
0.34962
0.164282
0.134412
0.311725
0.308904
0.16194
0.188567
0.193244
0.397937
0.0643928
0.0755424
0.0420294
0.0621782
0.0441198
0.0293886
0.0177367
0.0115002
0.384851
0.471029
0.475456
0.454545
0.469894
0.465574
0.47545
0.469295
0.349068
0.334556
0.356665
0.38143
0.397847
0.431844
0.464571
0.478882
0.454022
0.485691
0.530809
0.500841
0.529625
0.476426
0.492635
0.458015
0.463409
0.400283
0.446957
0.441026
0.447287
0.429441
0.434034
0.430695
0.40794
0.460588
0.501333
0.498015
0.37568
0.375969
0.431874
0.444309
0.409187
0.397434
0.459327
0.534643
0.489026
0.518669
0.452825
0.430079
0.412454
0.412826
0.430705
0.381552
0.415622
0.381119
0.381206
0.385332
0.436839
0.538971
0.430082
0.417699
0.390241
0.508333
0.524906
0.420027
0.475445
0.573196
0.535605
0.502827
0.219155
0.370555
0.624876
0.643745
0.655457
0.611887
0.593402
0.593123
0.618672
0.591606
0.597703
0.61716
0.590617
0.612323
0.650102
0.628995
0.633489
0.675982
0.6702
0.737391
0.738056
0.761932
0.712666
0.737011
0.569544
0.676349
0.688315
0.678407
0.660036
0.762238
0.76156
0.667789
0.645405
0.588842
0.567105
0.683822
0.710425
0.74127
0.687933
0.635459
0.594857
0.613202
0.710715
0.678655
0.658115
0.645428
0.63059
0.74282
0.740433
0.672171
0.643431
0.638685
0.775128
0.79077
0.772598
0.772387
0.762347
0.7839
0.663242
0.638684
0.667851
0.606538
0.579853
0.587307
0.587895
0.555228
0.68382
0.674931
0.719959
0.650779
0.656622
0.695332
0.740619
0.755275
0.823457
0.801588
0.747776
0.77413
0.717259
0.708762
0.743703
0.766559
0.770269
0.666074
0.640796
0.64712
0.676951
0.685296
0.773961
0.78218
0.763997
0.731091
0.747568
0.765975
0.687066
0.702306
0.676496
0.665461
0.638491
0.702444
0.619124
0.830124
0.806512
0.830743
0.785436
0.776588
0.801223
0.819944
0.82521
0.731144
0.725597
0.748094
0.759583
0.737253
0.733646
0.736506
0.676892
0.662523
0.698957
0.736738
0.620434
0.634874
0.607
0.636034
0.657698
0.619994
0.574965
0.597756
0.833611
0.839609
0.843585
0.672391
0.696291
0.678268
0.700175
0.755566
0.758968
0.763876
0.813769
0.785752
0.79663
0.763899
0.743372
0.734805
0.726424
0.713913
0.695509
0.703358
0.700708
0.691945
0.707834
0.728956
0.64671
0.6644
0.64066
0.667144
0.679741
0.725739
0.782464
0.708391
0.6826
0.734028
0.717195
0.741915
0.764387
0.767314
0.788133
0.780898
0.795665
0.792125
0.620483
0.601304
0.583035
0.636777
0.819256
0.800799
0.826504
0.772636
0.75996
0.65461
0.81963
0.815848
0.79711
0.777625
0.7245
0.687041
0.697041
0.670164
0.650571
0.815689
0.806927
0.808611
0.800271
0.812899
0.798092
0.720901
0.733183
0.754716
0.733081
0.731554
0.70288
0.664149
0.768618
0.758253
0.841984
0.828187
0.814295
0.79176
0.780075
0.799939
0.776052
0.808365
0.806514
0.807413
0.807732
0.722287
0.714012
0.733535
0.715268
0.708448
0.721322
0.800493
0.683727
0.657087
0.694454
0.828838
0.630935
0.789741
0.746978
0.774012
0.545108
0.789519
0.783152
0.769981
0.749689
0.63106
0.87027
0.876682
0.843729
0.929399
0.919889
0.901485
0.892434
0.871222
0.889956
0.917478
0.899905
0.907712
0.806229
0.809799
0.791823
0.813131
0.807751
0.792651
0.828019
0.819831
0.801372
0.879724
0.904148
0.876316
0.913303
0.937573
0.92462
0.777808
0.79544
0.969855
0.964765
0.962087
0.957553
0.975251
0.891509
0.903389
0.893565
0.887604
0.877621
0.935408
0.951125
0.840957
0.859168
0.844982
0.820568
0.843213
0.801608
0.809066
0.79894
0.788839
0.869912
0.884424
0.950845
0.940537
0.948081
0.836829
0.849365
0.933715
0.946161
0.949427
0.950865
0.944881
0.936378
0.939742
0.880259
0.898533
0.910603
0.946855
0.95523
0.835268
0.85819
0.772878
0.773191
0.868294
0.885863
0.860535
0.869066
0.869654
0.869349
0.843131
0.889421
0.872263
0.886418
0.860961
0.842837
0.951293
0.924518
0.934365
0.920443
0.945049
0.933879
0.971441
0.962735
0.848946
0.82564
0.864866
0.948395
0.814372
0.834816
0.861198
0.93362
0.959075
0.901091
0.882071
0.907848
0.932094
0.900863
0.876666
0.908162
0.900352
0.853631
0.855221
0.909033
0.93438
0.927962
0.899316
0.92071
0.903228
0.919758
0.856905
0.769349
0.763408
0.753266
0.767297
0.707602
0.847677
0.740844
0.735224
0.554156
0.539256
0.610142
0.580931
0.597967
0.564067
0.555727
0.605085
0.528321
0.519826
0.514449
0.559783
0.541535
0.5788
0.524358
