# DS2
# Number of vertices: 3522, Number of faces: 7040
# Preprocessing time: 0.00111154
# Query time: 0.000354334
0.227213
0.270656
0.165589
0.28871
0.359273
0.349517
0.242258
0.302923
0.304968
0.245432
0.291855
0.213282
0.105529
0.0415917
0.249296
0.416373
0
0.28979
0.187336
0.311508
0.36029
0.29947
0.402694
0.344862
0.42591
0.463049
0.373304
0.350731
0.210715
0.32965
0.33442
0.377303
0.416632
0.368055
0.308709
0.435901
0.309469
0.121166
0.0551334
0.0543417
0.0250269
0.409384
0.405157
0.297716
0.36257
0.352348
0.402564
0.400456
0.223503
0.35186
0.360949
0.383064
0.382713
0.340784
0.162406
0.0990809
0.280099
0.224902
0.167987
0.11418
0.0840405
0.0435437
0.0358997
0.364111
0.402558
0.443382
0.344261
0.411364
0.342677
0.505525
0.504146
0.427685
0.431742
0.440609
0.336917
0.297397
0.450362
0.410506
0.447397
0.412357
0.480621
0.409341
0.428974
0.460837
0.40101
0.46398
0.487082
0.260421
0.0288349
0.47908
0.472483
0.457769
0.587793
0.605985
0.637713
0.613209
0.697452
0.754771
0.698928
0.66095
0.749433
0.673777
0.650147
0.649688
0.713575
0.664089
0.668673
0.618667
0.593983
0.554475
0.744138
0.793471
0.795249
0.704984
0.712376
0.700549
0.800618
0.70089
0.653325
0.716429
0.672211
0.643649
0.758906
0.73918
0.717263
0.623611
0.623996
0.750889
0.761411
0.763904
0.741499
0.698542
0.625115
0.826409
0.741178
0.798089
0.695661
0.812559
0.786532
0.646069
0.807363
0.752861
0.747121
0.794954
0.704658
0.700077
0.808599
0.807657
0.614016
0.794091
0.563743
0.679601
0.615714
0.771062
0.676256
0.658646
0.790398
0.755799
0.753543
0.778371
0.695939
0.844237
0.750963
0.831573
0.693455
0.621245
0.908925
0.939487
0.936338
0.865825
0.782088
0.789851
0.833105
0.818915
0.941532
0.949014
0.973697
0.790368
0.854247
0.939333
0.931398
0.947102
0.90965
0.929477
0.900005
0.887603
0.840132
0.819371
0.919628
0.954142
0.855067
0.896012
0.953561
0.883479
0.802037
0.842315
0.824885
0.866796
0.846982
0.896903
0.882871
0.888988
0.907066
0.877028
0.918143
0.927023
0.872115
0.844387
0.785832
0.755068
0.747009
0.705442
0.816524
0.77155
0.479598
0.547693
0.558941
0.489286
0.528733
0.596836
0.556505
0.56412
0.212972
0.183899
0.190805
0.242206
0.249216
0.214335
0.263876
0.288102
0.25957
0.203111
0.214914
0.23364
0.265608
0.255688
0.27742
0.29708
0.280815
0.25006
0.319025
0.324207
0.276038
0.145325
0.172366
0.259323
0.230872
0.343802
0.319164
0.313915
0.288973
0.266176
0.0746476
0.114901
0.0744684
0.135256
0.116337
0.101441
0.0925019
0.123802
0.350616
0.338331
0.325168
0.373039
0.373634
0.240039
0.268504
0.331435
0.35751
0.345067
0.330379
0.350972
0.297622
0.2944
0.308904
0.327601
0.349954
0.331409
0.40732
0.447068
0.441066
0.179358
0.199624
0.157517
0.218483
0.355183
0.324663
0.321542
0.251804
0.232764
0.228697
0.235552
0.108168
0.136985
0.0741315
0.0754838
0.0491967
0.102576
0.074709
0.366335
0.343715
0.32442
0.372207
0.341165
0.373779
0.277614
0.27672
0.195455
0.211301
0.196556
0.236283
0.274726
0.307286
0.281475
0.306448
0.38162
0.326037
0.29837
0.146281
0.149416
0.172722
0.368601
0.356563
0.375145
0.43757
0.421809
0.452307
0.328487
0.377315
0.378045
0.320852
0.34442
0.335458
0.435322
0.417204
0.446479
0.363496
0.400303
0.38952
0.466073
0.449922
0.426228
0.332347
0.288588
0.308228
0.307678
0.287829
0.299034
0.287784
0.312019
0.338093
0.360446
0.356028
0.404956
0.3872
0.423487
0.369554
0.388598
0.398096
0.321299
0.298104
0.313217
0.387066
0.395158
0.428818
0.367337
0.398727
0.394621
0.424923
0.439691
0.470788
0.353077
0.328651
0.320405
0.0741176
0.0525939
0.0719928
0.0379424
0.0421936
0.0473265
0.0291335
0.0292041
0.0171672
0.0125581
0.0271465
0.0153685
0.261946
0.399165
0.413905
0.403579
0.362825
0.48112
0.443576
0.445673
0.410564
0.449752
0.330557
0.399373
0.31158
0.321101
0.39131
0.42177
0.390411
0.385389
0.402425
0.337253
0.365635
0.263185
0.380777
0.377517
0.353549
0.252857
0.40241
0.373311
0.361328
0.288536
0.319511
0.332444
0.350348
0.165006
0.135088
0.311991
0.306846
0.162554
0.188586
0.193478
0.394586
0.0646806
0.0754294
0.0423383
0.0625845
0.0442375
0.0295256
0.0179788
0.0120602
0.383346
0.473708
0.473784
0.452464
0.468328
0.464759
0.474915
0.467434
0.34979
0.33543
0.356678
0.381336
0.396689
0.428732
0.462526
0.480263
0.455326
0.484932
0.532454
0.50237
0.528978
0.478294
0.493352
0.458261
0.463804
0.400437
0.448131
0.443025
0.447166
0.429329
0.434335
0.429189
0.407827
0.460122
0.500974
0.496624
0.37427
0.375961
0.432311
0.44428
0.409174
0.397531
0.459542
0.534837
0.489238
0.518981
0.45306
0.43033
0.411811
0.415803
0.432159
0.382675
0.416986
0.382378
0.384192
0.385647
0.438545
0.539374
0.43041
0.41695
0.389436
0.507501
0.524246
0.418158
0.476425
0.572191
0.536625
0.503775
0.219473
0.368437
0.624944
0.64396
0.655754
0.611828
0.593418
0.592872
0.618454
0.591802
0.595823
0.617279
0.585944
0.607717
0.645616
0.624497
0.62892
0.671775
0.665762
0.733027
0.734112
0.757455
0.709626
0.732572
0.569312
0.671616
0.684249
0.677514
0.658885
0.757863
0.756795
0.663236
0.643963
0.585357
0.566996
0.679761
0.70623
0.737027
0.683653
0.630822
0.592424
0.609901
0.70587
0.67415
0.653422
0.641208
0.631217
0.73784
0.735585
0.671326
0.642593
0.637406
0.773145
0.78926
0.771554
0.771153
0.760107
0.781981
0.661329
0.636437
0.665753
0.604191
0.577514
0.584946
0.583234
0.552854
0.684036
0.672781
0.715791
0.649161
0.654311
0.692289
0.739016
0.752182
0.820012
0.799074
0.745681
0.772427
0.714533
0.706635
0.741185
0.764289
0.767483
0.665971
0.64118
0.646381
0.676642
0.685203
0.769416
0.779109
0.760387
0.728773
0.745303
0.763531
0.684813
0.700238
0.67409
0.663262
0.63646
0.700297
0.616735
0.827989
0.804425
0.828673
0.783242
0.774388
0.798943
0.817632
0.823107
0.728831
0.723284
0.745822
0.759607
0.735552
0.733707
0.734301
0.676462
0.661276
0.697837
0.735645
0.619157
0.634559
0.606717
0.63332
0.655623
0.617945
0.57466
0.595439
0.831455
0.836902
0.841758
0.671443
0.696016
0.676324
0.699448
0.751347
0.753401
0.760418
0.810653
0.783707
0.794619
0.762458
0.741957
0.731787
0.724886
0.711943
0.693521
0.699527
0.699662
0.689686
0.706139
0.724509
0.642054
0.66
0.638322
0.662318
0.673546
0.722099
0.778317
0.7024
0.677915
0.72803
0.71251
0.737075
0.759823
0.765696
0.786516
0.779528
0.794401
0.787919
0.621182
0.60163
0.58342
0.634941
0.817355
0.797253
0.824312
0.768455
0.757052
0.65129
0.816576
0.813501
0.794104
0.775262
0.722773
0.685165
0.69595
0.667901
0.648271
0.813477
0.802469
0.805551
0.79722
0.808826
0.795375
0.718519
0.73089
0.752396
0.73115
0.729495
0.700836
0.662142
0.766596
0.753973
0.838745
0.82588
0.811593
0.790885
0.777345
0.798985
0.775008
0.806788
0.805546
0.806378
0.805279
0.720002
0.714692
0.733198
0.714228
0.70842
0.721347
0.797399
0.682019
0.655397
0.690352
0.82614
0.62887
0.786897
0.742528
0.771785
0.544505
0.788317
0.779736
0.767664
0.747807
0.628928
0.868156
0.872065
0.839241
0.92453
0.915342
0.896501
0.889321
0.868754
0.887831
0.91557
0.89806
0.905442
0.80411
0.807463
0.789283
0.810552
0.805913
0.790372
0.825839
0.817697
0.79993
0.877214
0.902002
0.874202
0.911306
0.935617
0.922511
0.775536
0.79129
0.965638
0.962117
0.961992
0.953563
0.96874
0.889146
0.901893
0.891403
0.886175
0.87535
0.931723
0.946696
0.837406
0.856934
0.843807
0.817229
0.8406
0.797112
0.804399
0.794741
0.784767
0.864967
0.879768
0.946987
0.936639
0.941735
0.833721
0.847253
0.928544
0.94092
0.944846
0.946966
0.941096
0.932234
0.936623
0.878399
0.896726
0.908932
0.945802
0.954439
0.83026
0.853546
0.770225
0.770861
0.866313
0.879346
0.856759
0.866213
0.867216
0.86743
0.842125
0.889498
0.871445
0.885839
0.858216
0.841007
0.95076
0.920046
0.929674
0.916192
0.940578
0.929749
0.967149
0.958766
0.84627
0.823995
0.863185
0.944953
0.812478
0.83178
0.858818
0.92723
0.954056
0.899251
0.880234
0.907292
0.931529
0.897235
0.872974
0.903653
0.894163
0.852388
0.854382
0.908102
0.929979
0.924414
0.898245
0.916527
0.898074
0.914634
0.85501
0.768036
0.762043
0.751698
0.763818
0.705399
0.844951
0.739192
0.73354
0.554321
0.537947
0.610566
0.581379
0.597296
0.562811
0.556548
0.604287
0.52585
0.519642
0.513527
0.559416
0.541125
0.577522
0.521911
0.199822
0.188579
0.201969
0.245162
0.232995
0.229491
0.275956
0.274838
0.261116
0.209435
0.223495
0.218096
0.249042
0.260579
0.243206
0.286185
0.281895
0.270611
0.268272
0.265661
0.252809
0.30802
0.311032
0.321513
0.269763
0.255335
0.263522
0.165292
0.177519
0.155841
0.260171
0.245044
0.245323
0.332606
0.316757
0.328251
0.277314
0.262721
0.273835
0.0943577
0.0940119
0.0727405
0.129122
0.110446
0.11891
0.104153
0.123135
0.108046
0.341709
0.328944
0.33812
0.362163
0.361333
0.373435
0.253565
0.267707
0.25357
0.334912
0.347665
0.344801
0.338204
0.340759
0.348026
0.287065
0.283793
0.293894
0.301373
0.320724
0.31088
0.337133
0.327159
0.340971
0.426493
0.443671
0.423732
0.197142
0.173637
0.194104
0.179809
0.167594
0.19173
0.216335
0.223274
0.209148
0.340135
0.322801
0.338046
0.241712
0.231037
0.240779
0.223886
0.223608
0.234228
0.126125
0.122933
0.139736
0.074796
0.0607299
0.0611672
0.0882389
0.074088
0.0875812
0.355231
0.333242
0.345506
0.322457
0.305405
0.305155
0.354149
0.357403
0.370274
0.263698
0.263515
0.27483
0.202594
0.221394
0.211983
0.216353
0.223489
0.203048
0.279638
0.29262
0.291527
0.293775
0.292017
0.278147
0.390324
0.377509
0.393337
0.324144
0.312064
0.3113
0.146175
0.161866
0.158188
0.360853
0.36643
0.370199
0.429656
0.43877
0.445086
0.319777
0.32992
0.317722
0.214763
0.228404
0.226409
0.366695
0.368331
0.379516
0.287252
0.27151
0.283772
0.333593
0.338512
0.326219
0.427334
0.433446
0.441549
0.352954
0.356505
0.356026
0.384715
0.395854
0.376908
0.456929
0.450705
0.46053
0.44678
0.438792
0.432369
0.344917
0.34056
0.351639
0.305351
0.298378
0.314606
0.299272
0.291172
0.305887
0.295797
0.300002
0.312475
0.315563
0.3288
0.325914
0.35823
0.347415
0.349222
0.396015
0.405371
0.414831
0.353682
0.363023
0.36027
0.383867
0.375385
0.378813
0.407082
0.398085
0.413642
0.308343
0.305212
0.315721
0.39542
0.41341
0.407638
0.37965
0.381348
0.396508
0.400221
0.411133
0.415778
0.439579
0.457557
0.454498
0.341688
0.340888
0.330147
0.308915
0.320108
0.306386
0.0922096
0.0751672
0.091386
0.0615709
0.0622097
0.0736863
0.0401132
0.0468386
0.0457029
0.0798399
0.0592193
0.0624062
0.0414489
0.0385454
0.0335521
0.0216616
0.0136459
0.0219878
0.0345197
0.0318104
0.0395846
0.0222931
0.0130382
0.0210541
0.274979
0.27441
0.286277
0.408104
0.407661
0.401537
0.345101
0.334148
0.353568
0.154263
0.13385
0.136729
0.461203
0.443415
0.46425
0.430632
0.447388
0.425906
0.331224
0.330594
0.322524
0.384448
0.402897
0.391408
0.316024
0.33239
0.325441
0.315478
0.326309
0.321775
0.407881
0.412195
0.396168
0.372536
0.388039
0.371312
0.39803
0.398422
0.386508
0.322671
0.32733
0.313541
0.336564
0.350228
0.351275
0.255901
0.249535
0.269453
0.37379
0.381047
0.38972
0.389702
0.37686
0.390051
0.36701
0.365341
0.378594
0.342531
0.329049
0.340369
0.256902
0.270912
0.276301
0.401752
0.41326
0.414096
0.365843
0.371311
0.380407
0.300465
0.299705
0.311515
0.293176
0.303754
0.310569
0.3264
0.339559
0.335246
0.249322
0.252266
0.23911
0.178366
0.179691
0.19194
0.136113
0.150697
0.150887
0.11849
0.115066
0.131376
0.32002
0.30695
0.31967
0.320794
0.320982
0.307612
0.1782
0.175405
0.191533
0.198229
0.182536
0.187674
0.371764
0.380411
0.388372
0.0831059
0.0714284
0.0894749
0.0767011
0.0600701
0.057263
0.0617404
0.0523847
0.0524434
0.035489
0.0367578
0.0420993
0.0291179
0.0146725
0.025105
0.0223631
0.0154733
0.0247686
0.021541
0.0209579
0.0141907
0.393703
0.404137
0.397096
0.399267
0.38506
0.405518
0.474248
0.478381
0.470772
0.296775
0.308931
0.293554
0.430343
0.444498
0.439528
0.46135
0.466599
0.458653
0.477182
0.473222
0.470631
0.470262
0.471724
0.464538
0.468908
0.464186
0.458755
0.361052
0.354897
0.358255
0.331088
0.343639
0.340788
0.368478
0.38723
0.375406
0.328338
0.337533
0.345679
0.409588
0.411824
0.425178
0.433333
0.45014
0.446196
0.46918
0.467781
0.480097
0.51645
0.513577
0.527212
0.490629
0.491439
0.480623
0.474793
0.462012
0.479049
0.383295
0.401019
0.384841
0.447806
0.44888
0.453233
0.43873
0.430328
0.440292
0.41952
0.419292
0.428745
0.480604
0.49728
0.476855
0.371938
0.359927
0.356361
0.437409
0.426758
0.420029
0.401508
0.384801
0.392315
0.461312
0.470584
0.452164
0.511442
0.503443
0.526043
0.440332
0.442288
0.453455
0.421804
0.420128
0.414622
0.427514
0.423513
0.433158
0.401365
0.401395
0.383281
0.381239
0.367605
0.364038
0.401066
0.40064
0.383747
0.442024
0.448275
0.436031
0.427952
0.435953
0.435389
0.508095
0.515889
0.530766
0.447169
0.444723
0.46291
0.416135
0.398364
0.413826
0.429342
0.448977
0.439231
0.378156
0.393823
0.403518
0.494794
0.518169
0.505037
0.443666
0.425647
0.437625
0.395381
0.380246
0.405422
0.436938
0.427303
0.428796
0.45298
0.469483
0.469233
0.456687
0.469242
0.465129
0.555817
0.535964
0.557308
0.48999
0.481066
0.488967
0.373277
0.384265
0.384812
0.36344
0.379734
0.364886
0.235486
0.234926
0.250198
0.151582
0.149715
0.138763
0.203167
0.189017
0.20538
0.394536
0.394935
0.378813
0.288705
0.29184
0.280801
0.399598
0.407007
0.404431
0.0774107
0.0812045
0.0684685
0.372214
0.364114
0.378379
0.363128
0.370787
0.37613
0.634572
0.65062
0.6411
0.618655
0.603648
0.608786
0.60279
0.615486
0.605221
0.593447
0.605735
0.604698
0.587438
0.596638
0.599789
0.634704
0.624866
0.636053
0.657462
0.656318
0.668677
0.733111
0.747378
0.746355
0.719838
0.734506
0.723793
0.586979
0.57552
0.581135
0.678118
0.679045
0.671591
0.667045
0.657557
0.667162
0.761917
0.760607
0.761236
0.654585
0.651895
0.661276
0.588353
0.579431
0.573602
0.663525
0.669828
0.673203
0.69459
0.686362
0.694115
0.719578
0.734496
0.722626
0.676931
0.688872
0.693881
0.615703
0.627239
0.619168
0.60313
0.598164
0.588182
0.692743
0.689302
0.676606
0.642393
0.644887
0.634166
0.662225
0.673164
0.66329
0.638437
0.64825
0.636931
0.722669
0.736439
0.720696
0.748318
0.746724
0.734358
0.656598
0.637435
0.65404
0.788657
0.789682
0.773157
0.768581
0.770622
0.777852
0.651105
0.648782
0.666079
0.590217
0.579964
0.593731
0.566715
0.565499
0.579057
0.677838
0.690816
0.702402
0.649518
0.663547
0.661024
0.71495
0.748256
0.720617
0.805774
0.810818
0.794352
0.759716
0.762335
0.775186
0.711789
0.728471
0.729908
0.752638
0.766062
0.753633
0.654695
0.643753
0.655256
0.680353
0.675536
0.673045
0.772286
0.770583
0.764129
0.736067
0.755463
0.746665
0.694238
0.689863
0.678873
0.669013
0.649217
0.655686
0.68417
0.662529
0.681123
0.605386
0.588014
0.600275
0.817953
0.817375
0.829564
0.777818
0.789532
0.792475
0.810039
0.820724
0.811446
0.723871
0.733543
0.735911
0.752648
0.739172
0.746458
0.747579
0.748021
0.733801
0.669807
0.679946
0.686807
0.707289
0.72494
0.716137
0.627182
0.649328
0.640659
0.619718
0.621777
0.635991
0.681102
0.6691
0.698181
0.634052
0.64554
0.628681
0.590735
0.582655
0.597516
0.836154
0.842525
0.838372
0.826067
0.833445
0.837005
0.67123
0.685238
0.682255
0.673484
0.68577
0.687191
0.750609
0.756503
0.756586
0.796652
0.79091
0.802802
0.755307
0.751571
0.746286
0.77484
0.763706
0.773623
0.738038
0.728999
0.733165
0.7023
0.696319
0.705936
0.695081
0.695192
0.690028
0.713873
0.723466
0.716175
0.647864
0.650091
0.636307
0.647726
0.668422
0.656477
0.72924
0.748424
0.761706
0.68947
0.689993
0.677081
0.714784
0.722302
0.710182
0.747231
0.74313
0.732769
0.77694
0.782541
0.771504
0.788144
0.792342
0.781825
0.612235
0.594277
0.602569
0.627976
0.632509
0.637467
0.632703
0.619416
0.620003
0.787371
0.805403
0.797268
0.755116
0.772373
0.750097
0.80864
0.811626
0.82362
0.784809
0.771609
0.785012
0.744827
0.735705
0.763342
0.654227
0.669792
0.672387
0.814096
0.8047
0.805289
0.783382
0.769843
0.781381
0.729352
0.717306
0.722162
0.824924
0.815595
0.822968
0.69049
0.685806
0.679717
0.677335
0.680129
0.688523
0.657915
0.655564
0.645593
0.809157
0.804172
0.810827
0.797785
0.803848
0.804308
0.788242
0.788247
0.796159
0.723276
0.707922
0.712354
0.716352
0.71194
0.726371
0.74296
0.732101
0.742598
0.730085
0.716692
0.717319
0.681102
0.65931
0.682066
0.780809
0.775195
0.789327
0.75708
0.757264
0.761425
0.832627
0.821678
0.829698
0.799249
0.782724
0.791605
0.79571
0.785655
0.781799
0.812322
0.80197
0.811887
0.809916
0.810893
0.804314
0.805257
0.812661
0.811243
0.713521
0.724477
0.723018
0.721804
0.71651
0.727697
0.703646
0.703558
0.706504
0.721183
0.708934
0.721078
0.708082
0.693196
0.69605
0.606131
0.594548
0.606138
0.779874
0.779575
0.753979
0.6947
0.702254
0.690896
0.661284
0.675012
0.668674
0.664901
0.645122
0.650493
0.718424
0.702927
0.704558
0.832825
0.827426
0.821064
0.638638
0.642497
0.651631
0.805777
0.797083
0.796745
0.830769
0.818636
0.822768
0.748366
0.749147
0.754167
0.734089
0.725525
0.736449
0.758132
0.772401
0.759598
0.786604
0.785819
0.772813
0.645131
0.633714
0.627328
0.73815
0.748701
0.74972
0.632032
0.635022
0.622406
0.568181
0.557425
0.555797
0.721866
0.704338
0.710327
0.730437
0.730817
0.720481
0.788676
0.793922
0.792546
0.784025
0.778892
0.772536
0.757004
0.764996
0.755935
0.619575
0.619394
0.62816
0.637313
0.631605
0.629683
0.870077
0.856899
0.854706
0.919585
0.904974
0.911499
0.878447
0.87955
0.888527
0.908077
0.902892
0.910259
0.805209
0.798169
0.797166
0.80958
0.798984
0.800246
0.819541
0.809479
0.816787
0.810474
0.801872
0.808492
0.89055
0.888466
0.876664
0.925065
0.929362
0.920022
0.776125
0.783918
0.786455
0.964378
0.963516
0.970642
0.959677
0.969879
0.962252
0.897229
0.904983
0.898673
0.888505
0.880295
0.883367
0.938711
0.935831
0.927613
0.848339
0.848583
0.83834
0.826325
0.82747
0.838153
0.819124
0.822944
0.799846
0.77678
0.795811
0.776388
0.790611
0.799379
0.807635
0.880722
0.871612
0.887395
0.942255
0.93789
0.944605
0.839782
0.835585
0.829893
0.934783
0.943827
0.937523
0.950155
0.947708
0.943754
0.936094
0.938535
0.935496
0.882998
0.891919
0.887932
0.904104
0.906595
0.899924
0.955136
0.950473
0.958817
0.848836
0.858793
0.842915
0.770685
0.761548
0.7612
0.782016
0.772478
0.780716
0.870059
0.868523
0.857425
0.859469
0.850043
0.846391
0.867301
0.878121
0.878938
0.857784
0.831083
0.841625
0.882192
0.878645
0.888856
0.834948
0.827535
0.853428
0.858762
0.848554
0.870307
0.957697
0.949204
0.943409
0.9116
0.913404
0.922649
0.925935
0.92293
0.917068
0.943044
0.947336
0.943965
0.860407
0.870471
0.855869
0.940421
0.930398
0.939078
0.962919
0.952558
0.957339
0.836136
0.82496
0.834781
0.856951
0.855886
0.86642
0.949758
0.952442
0.958154
0.815751
0.821587
0.825293
0.867153
0.861633
0.866565
0.793393
0.791684
0.78556
0.932195
0.930856
0.924377
0.947057
0.9366
0.942341
0.802287
0.796099
0.800631
0.836289
0.825864
0.827221
0.88047
0.888524
0.869488
0.919886
0.920018
0.911058
0.936369
0.943827
0.941688
0.884508
0.887654
0.899011
0.887384
0.889005
0.895205
0.860166
0.86326
0.850325
0.894812
0.887623
0.894777
0.908653
0.913718
0.912529
0.966707
0.961373
0.974946
0.918385
0.909561
0.924074
0.938379
0.935972
0.931057
0.897854
0.910823
0.913102
0.925191
0.93034
0.921073
0.885516
0.88954
0.875
0.921978
0.912604
0.919546
0.900177
0.899978
0.890516
0.86053
0.855285
0.845782
0.863113
0.861614
0.851164
0.901448
0.895281
0.888181
0.860323
0.867576
0.871525
0.916294
0.908202
0.906602
0.874179
0.894914
0.890443
0.935749
0.935725
0.941888
0.776571
0.777451
0.768435
0.767724
0.771161
0.764608
0.779726
0.768128
0.777805
0.683078
0.674501
0.670082
0.816018
0.806725
0.790291
0.756845
0.75742
0.762208
0.678397
0.69026
0.693606
0.769257
0.767994
0.775189
0.741597
0.730658
0.73957
0.805731
0.809869
0.812684
0.852429
0.843313
0.851409
0.83802
0.848842
0.842442
0.754633
0.737669
0.74745
0.73375
0.720369
0.719547
0.744253
0.745908
0.73548
0.540852
0.527237
0.540819
0.499864
0.517376
0.52371
0.59571
0.58823
0.602979
0.567964
0.574002
0.562296
0.56072
0.542496
0.549068
0.617842
0.613177
0.599002
0.519073
0.53027
0.514052
0.513854
0.529742
0.532318
0.566988
0.550778
0.558588
0.521473
0.508509
0.529719
0.549319
0.566962
0.557792
0.502001
0.517286
0.497149
0.570775
0.562258
0.547695
0.621323
0.626139
0.638314
0.611706
0.590469
0.597965
0.538515
0.524483
0.540016
0.587485
0.593906
0.579417
0.213432
0.203116
0.211812
0.196434
0.173476
0.177661
0.227152
0.21221
0.255876
0.259282
0.238669
0.21941
0.247578
0.244522
0.277957
0.288941
0.288486
0.274201
0.214004
0.229205
0.195392
0.202291
0.228573
0.238602
0.240652
0.254416
0.27748
0.273268
0.261835
0.291842
0.300444
0.293415
0.236751
0.285182
0.278642
0.26435
0.331865
0.333995
0.305026
0.313812
0.272171
0.282166
0.133094
0.148944
0.156813
0.193189
0.230083
0.274926
0.249263
0.236273
0.340403
0.325272
0.349952
0.337212
0.303348
0.302331
0.289712
0.293214
0.281411
0.252774
0.0536632
0.0537663
0.0980947
0.117738
0.11447
0.0952169
0.124158
0.10763
0.147586
0.137016
0.0973036
0.0930516
0.0957912
0.10954
0.0879715
0.140994
0.349129
0.336635
0.353328
0.35041
0.325236
0.315655
0.385685
0.386922
0.363251
0.361338
0.239837
0.255217
0.241287
0.282922
0.341242
0.354774
0.321301
0.359714
0.355614
0.357746
0.335534
0.329274
0.332136
0.343756
0.303071
0.303008
0.293649
0.283584
0.317589
0.289768
0.326254
0.335399
0.354801
0.345764
0.345427
0.317829
0.405021
0.421943
0.41187
0.431587
0.465454
0.461601
0.203861
0.153356
0.21278
0.192711
0.173529
0.142353
0.203905
0.23133
0.355039
0.337207
0.357644
0.342731
0.307914
0.306825
0.252433
0.239386
0.25326
0.243993
0.222586
0.219741
0.246402
0.224368
0.152242
0.11158
0.10667
0.121411
0.0620073
0.0511971
0.0892128
0.0906234
0.0596432
0.0470758
0.100619
0.087831
0.10414
0.0631808
0.363147
0.342167
0.375202
0.364666
0.322865
0.311621
0.388222
0.386843
0.355811
0.338074
0.349719
0.366812
0.287315
0.286846
0.268169
0.266131
0.205496
0.183041
0.189961
0.230774
0.182118
0.20989
0.229477
0.242944
0.29998
0.261648
0.28828
0.305958
0.26474
0.297006
0.30866
0.304906
0.39867
0.366101
0.313579
0.297669
0.337876
0.301921
0.158135
0.169113
0.132561
0.13178
0.168473
0.17923
0.376759
0.378506
0.358583
0.349679
0.362006
0.370581
0.451957
0.458221
0.423799
0.415697
0.432316
0.445703
0.316739
0.340212
0.390601
0.390176
0.364058
0.367384
0.311727
0.321358
0.330036
0.341751
0.350515
0.34854
0.447939
0.452806
0.419961
0.410418
0.423903
0.438911
0.354093
0.353809
0.368253
0.389613
0.412869
0.40915
0.468854
0.459031
0.46213
0.439107
0.422719
0.427042
0.33585
0.330631
0.324508
0.294864
0.282535
0.293473
0.317992
0.316445
0.300431
0.295318
0.275171
0.281073
0.279281
0.294607
0.323482
0.336249
0.300942
0.34066
0.351863
0.368664
0.366127
0.345918
0.424038
0.433126
0.388916
0.380341
0.395753
0.413687
0.366784
0.373136
0.383518
0.387178
0.40772
0.388206
0.33011
0.323744
0.313798
0.302209
0.296738
0.305637
0.398998
0.418708
0.377916
0.380404
0.413344
0.429656
0.414363
0.369164
0.368374
0.38339
0.429532
0.38329
0.404919
0.417208
0.454635
0.466472
0.422313
0.477372
0.318947
0.346491
0.351207
0.337128
0.312733
0.333796
0.0935319
0.0576935
0.085279
0.0527085
0.0532597
0.0613692
0.0457574
0.0327582
0.0352881
0.0483405
0.0474281
0.0410532
0.0274744
0.0342457
0.0336977
0.0249995
0.0261619
0.0230079
0.0083989
0.00421493
0.0290701
0.0255817
0.022634
0.00746005
0.264927
0.260526
0.391047
0.395447
0.414176
0.420093
0.410832
0.408006
0.372948
0.355596
0.486048
0.46778
0.478112
0.461561
0.42465
0.424481
0.405333
0.421874
0.440457
0.467213
0.330284
0.337718
0.382619
0.417373
0.323606
0.301551
0.30902
0.334417
0.378811
0.402568
0.409424
0.430094
0.373173
0.374508
0.403579
0.400709
0.401918
0.402847
0.321731
0.341626
0.357164
0.364367
0.283073
0.243078
0.391469
0.370047
0.390068
0.364311
0.356433
0.352117
0.237746
0.266396
0.391977
0.41323
0.39072
0.3595
0.355924
0.366917
0.328138
0.276259
0.298879
0.312488
0.346755
0.320738
0.342798
0.350887
0.164892
0.165586
0.120498
0.149202
0.321174
0.323456
0.29721
0.292221
0.205082
0.163567
0.163127
0.174933
0.209326
0.178707
0.402531
0.388582
0.093597
0.0748255
0.0543812
0.0586929
0.0380629
0.0449671
0.0435712
0.0727145
0.0572149
0.0488336
0.0289808
0.0345758
0.0221928
0.0309183
0.00716843
0.00489714
0.392338
0.365629
0.466077
0.469372
0.476915
0.47987
0.448256
0.455852
0.455904
0.463821
0.47117
0.4702
0.476704
0.472923
0.45715
0.474843
0.356403
0.348663
0.320726
0.351718
0.364592
0.347896
0.361864
0.39782
0.442088
0.397313
0.398211
0.41592
0.453091
0.464001
0.490288
0.495621
0.470526
0.458848
0.451588
0.471112
0.540074
0.540803
0.521676
0.504531
0.500767
0.515569
0.468384
0.49009
0.49887
0.481739
0.487138
0.46977
0.446275
0.447951
0.381109
0.417492
0.451924
0.44847
0.440326
0.440157
0.441873
0.443709
0.441448
0.436638
0.419364
0.422917
0.436254
0.420167
0.408744
0.407795
0.454216
0.475826
0.467989
0.487688
0.515983
0.514457
0.358183
0.388877
0.386979
0.367521
0.414803
0.402784
0.448599
0.453535
0.434869
0.417972
0.413584
0.380123
0.441842
0.479712
0.548944
0.541904
0.512043
0.488945
0.483048
0.497573
0.46641
0.437874
0.428046
0.431501
0.409478
0.413263
0.440481
0.414007
0.41145
0.422025
0.363168
0.362399
0.397896
0.415393
0.414956
0.398968
0.397035
0.365761
0.366762
0.401074
0.426222
0.445361
0.553732
0.52338
0.432601
0.42818
0.429845
0.408733
0.417438
0.363967
0.511978
0.481648
0.532265
0.539589
0.431353
0.407899
0.481772
0.472757
0.570092
0.563791
0.546994
0.514744
0.499315
0.498098
0.21965
0.221214
0.384549
0.355646
0.634241
0.646346
0.61849
0.628119
0.658611
0.665024
0.603036
0.625324
0.59843
0.59011
0.597987
0.609787
0.590666
0.62853
0.604757
0.618249
0.580237
0.583285
0.608683
0.61788
0.611708
0.574923
0.596022
0.6052
0.646867
0.640376
0.646495
0.636191
0.614365
0.617083
0.684017
0.678897
0.660315
0.656093
0.744826
0.754566
0.716959
0.717099
0.746182
0.754302
0.705578
0.703326
0.717179
0.743716
0.579312
0.56311
0.663624
0.670324
0.682106
0.688094
0.681203
0.676137
0.667323
0.649275
0.757
0.756378
0.754881
0.753689
0.668873
0.656413
0.646811
0.641245
0.573077
0.559853
0.599199
0.578529
0.686787
0.675363
0.710112
0.724988
0.702013
0.746106
0.699785
0.667053
0.623118
0.639214
0.574832
0.608856
0.615806
0.610107
0.661903
0.709013
0.703013
0.686431
0.630699
0.650933
0.65486
0.651402
0.622769
0.631636
0.718627
0.724599
0.748849
0.748015
0.669744
0.654269
0.660217
0.647956
0.621194
0.619057
0.758379
0.754535
0.787585
0.799924
0.777528
0.778008
0.780549
0.789878
0.763177
0.758827
0.760238
0.772558
0.678732
0.684498
0.649899
0.64366
0.628026
0.643016
0.609129
0.5997
0.605585
0.591778
0.56703
0.57082
0.596037
0.569927
0.552936
0.554114
0.714632
0.728044
0.653478
0.650539
0.6817
0.705338
0.637934
0.636355
0.639036
0.67355
0.695488
0.724107
0.686893
0.707022
0.775524
0.781942
0.782347
0.805986
0.829205
0.817359
0.783951
0.744859
0.746475
0.758029
0.730737
0.695596
0.690062
0.725128
0.742494
0.755792
0.741162
0.752384
0.778379
0.780612
0.665343
0.656275
0.66709
0.653837
0.630849
0.63533
0.670334
0.684082
0.688106
0.679576
0.761071
0.754681
0.777716
0.780587
0.780092
0.769619
0.739267
0.754586
0.718004
0.726568
0.764165
0.773023
0.668974
0.661934
0.700017
0.705014
0.696398
0.686199
0.644456
0.681004
0.64237
0.628383
0.695732
0.702291
0.612173
0.622103
0.837963
0.838639
0.816124
0.805765
0.802538
0.815318
0.796764
0.768532
0.762801
0.787282
0.799475
0.813099
0.798693
0.807437
0.826295
0.829588
0.740739
0.748724
0.716431
0.71312
0.734407
0.745195
0.741727
0.733537
0.7658
0.749347
0.721214
0.725611
0.719024
0.747034
0.693439
0.705128
0.661016
0.652016
0.668625
0.688477
0.726392
0.741953
0.632374
0.605466
0.614166
0.652611
0.650633
0.601059
0.610303
0.620247
0.666726
0.641971
0.616464
0.620824
0.607559
0.583409
0.566847
0.58224
0.832403
0.83681
0.828735
0.830547
0.841913
0.844161
0.684415
0.695121
0.658619
0.702257
0.689885
0.700542
0.663954
0.684191
0.760094
0.76573
0.744726
0.746318
0.757623
0.758575
0.812904
0.802506
0.804032
0.788656
0.777854
0.783687
0.738639
0.765916
0.756317
0.748172
0.731408
0.741636
0.723493
0.720863
0.714986
0.709243
0.707257
0.698942
0.686887
0.688576
0.682288
0.700598
0.699341
0.696056
0.712256
0.702371
0.713993
0.732801
0.630295
0.62414
0.65194
0.659062
0.666595
0.656614
0.663825
0.639228
0.68435
0.688005
0.795998
0.702781
0.738553
0.762199
0.666178
0.703939
0.699922
0.689208
0.702023
0.71848
0.737826
0.727722
0.723369
0.749798
0.761222
0.756766
0.761477
0.769832
0.773229
0.781896
0.78961
0.787559
0.777304
0.791816
0.795245
0.797205
0.612236
0.592307
0.61825
0.607296
0.583903
0.575157
0.642781
0.623741
0.807586
0.826869
0.836049
0.795669
0.799178
0.812304
0.784896
0.753385
0.781881
0.727751
0.638373
0.664456
0.807562
0.794155
0.822759
0.821245
0.805298
0.795545
0.788161
0.76113
0.735824
0.712037
0.673306
0.694766
0.698253
0.693759
0.664994
0.671042
0.635481
0.661655
0.813117
0.81107
0.811178
0.806712
0.795394
0.796307
0.803687
0.809421
0.789525
0.807943
0.801766
0.789322
0.733295
0.70399
0.739815
0.718635
0.751098
0.752611
0.74208
0.718211
0.701754
0.740644
0.717473
0.700909
0.683602
0.638177
0.771561
0.760828
0.757088
0.752131
0.837245
0.83546
0.843527
0.815495
0.804213
0.786397
0.819977
0.808503
0.778142
0.772192
0.772914
0.811782
0.790196
0.779497
0.810495
0.806175
0.812503
0.795725
0.798086
0.79544
0.810485
0.810958
0.730156
0.732187
0.710368
0.704196
0.71365
0.715923
0.70578
0.707637
0.722387
0.715261
0.697248
0.709335
0.802772
0.797557
0.678382
0.6891
0.66502
0.64814
0.695451
0.685148
0.812237
0.836852
0.625053
0.634463
0.785528
0.786861
0.740972
0.745601
0.758563
0.785977
0.547013
0.549482
0.782077
0.79182
0.76743
0.759957
0.789251
0.774273
0.751405
0.749091
0.628863
0.62567
0.852263
0.837084
0.881707
0.883547
0.859863
0.843192
0.915905
0.902448
0.931687
0.928778
0.899445
0.889715
0.898845
0.896804
0.87847
0.866348
0.872561
0.88092
0.912031
0.909828
0.913812
0.903917
0.892689
0.897407
0.795269
0.786997
0.811566
0.813773
0.799368
0.789859
0.800177
0.790177
0.820754
0.81791
0.796473
0.790286
0.82166
0.829668
0.816676
0.807475
0.817989
0.79299
0.864664
0.863564
0.890672
0.903379
0.899218
0.885169
0.906573
0.913204
0.914903
0.930373
0.940254
0.932147
0.793243
0.765864
0.7837
0.791297
0.974791
0.967236
0.95485
0.952677
0.956342
0.957144
0.953188
0.955617
0.947972
0.978858
0.889719
0.887212
0.893375
0.907396
0.880809
0.872528
0.895998
0.894152
0.87706
0.871361
0.920844
0.942516
0.94972
0.942168
0.827429
0.833897
0.850267
0.860196
0.855376
0.851382
0.852259
0.818656
0.817866
0.83038
0.775986
0.778383
0.81699
0.827454
0.77722
0.814599
0.774989
0.790881
0.894772
0.873893
0.855338
0.863948
0.946613
0.94616
0.948834
0.94241
0.931871
0.933705
0.82501
0.844317
0.851241
0.841585
0.930997
0.938545
0.925473
0.931141
0.950462
0.951409
0.937227
0.949277
0.943301
0.941785
0.935279
0.936188
0.931087
0.93593
0.881598
0.891066
0.873069
0.899548
0.904942
0.910274
0.96301
0.951068
0.938586
0.944767
0.823713
0.838725
0.837518
0.867684
0.759281
0.780161
0.780129
0.762322
0.854467
0.846054
0.878203
0.882434
0.880539
0.870957
0.876467
0.855727
0.856501
0.876658
0.8512
0.883734
0.869667
0.816233
0.896974
0.895558
0.882662
0.87515
0.868751
0.877301
0.877934
0.841518
0.8494
0.829327
0.937934
0.949909
0.930501
0.908857
0.908354
0.933405
0.928216
0.922002
0.945016
0.93841
0.936311
0.920443
0.959667
0.972622
0.96864
0.948841
0.844816
0.833582
0.84665
0.814867
0.873565
0.852238
0.940102
0.944023
0.836211
0.807598
0.818343
0.827725
0.861386
0.856186
0.916906
0.934302
0.948956
0.958018
0.859708
0.892367
0.908544
0.899994
0.903441
0.915358
0.927107
0.92797
0.909753
0.912838
0.883831
0.871848
0.87688
0.893043
0.901578
0.889298
0.840008
0.838818
0.862353
0.867573
0.90355
0.909169
0.935325
0.923443
0.920511
0.927757
0.913731
0.88398
0.910893
0.923974
0.895369
0.902064
0.923935
0.904329
0.848239
0.861252
0.761222
0.775754
0.758772
0.767459
0.767049
0.753163
0.752565
0.761018
0.708861
0.704019
0.855118
0.834682
0.748437
0.726981
0.74488
0.722343
0.556004
0.55149
0.546779
0.531788
0.617002
0.611151
0.604027
0.588127
0.572581
0.581056
0.553078
0.576205
0.576007
0.533805
0.582649
0.624298
0.509272
0.541502
0.540557
0.499138
0.495528
0.533005
0.54991
0.57608
0.543223
0.534331
0.569069
0.585338
0.506849
0.536802
