# M0_reordered
# Number of vertices: 222, Number of faces: 440
# Preprocessing time: 0.00245292
# Query time: 1.925e-05
0.249037
0.285863
0.179721
0.313362
0.377532
0.35995
0.251739
0.331591
0.315299
0.251714
0.309642
0.224741
0.118571
0.0693312
0.262752
0.433238
0
0.315655
0.208291
0.320123
0.372619
0.311051
0.412763
0.382276
0.469281
0.510457
0.40835
0.363515
0.235486
0.388167
0.378527
0.403056
0.442717
0.403021
0.316698
0.46286
0.327427
0.129669
0.0517345
0.0690481
0.0506657
0.439111
0.409178
0.311907
0.390469
0.360574
0.402534
0.420937
0.241434
0.358205
0.380525
0.423722
0.41137
0.342941
0.181995
0.1129
0.314741
0.25651
0.19181
0.135149
0.109186
0.0706622
0.041359
0.406356
0.43452
0.480933
0.368676
0.443593
0.348809
0.516377
0.506209
0.437552
0.459745
0.468995
0.358727
0.346868
0.465038
0.445998
0.472752
0.425368
0.495784
0.442246
0.470241
0.480095
0.404123
0.482476
0.485341
0.273977
0.0297327
0.52655
0.508246
0.48708
0.62373
0.611619
0.666831
0.63018
0.718592
0.794672
0.710193
0.676009
0.781613
0.696437
0.661189
0.664992
0.729556
0.685612
0.679528
0.638298
0.596173
0.564262
0.749954
0.780762
0.820564
0.728569
0.7279
0.725192
0.821049
0.715763
0.667614
0.718178
0.693343
0.660566
0.809567
0.75888
0.732144
0.634642
0.63827
0.740818
0.757445
0.786425
0.740644
0.686343
0.603109
0.848659
0.766116
0.81901
0.720897
0.873179
0.815511
0.663431
0.831702
0.771436
0.756525
0.807032
0.710044
0.739525
0.849597
0.851825
0.598518
0.817677
0.574788
0.668563
0.637494
0.791747
0.686371
0.649706
0.81494
0.780122
0.752893
0.784884
0.706692
0.88496
0.779335
0.861115
0.730461
0.632796
0.914483
0.954985
0.991635
0.890306
0.800719
0.796431
0.841485
0.819103
0.946927
0.945719
0.985229
0.79409
0.914908
0.944186
0.940937
0.974819
0.936721
0.951312
0.928404
0.925726
0.849858
0.831215
0.9352
0.974765
0.858315
0.889572
0.960182
0.898161
0.817607
0.85292
0.857466
0.88503
0.847536
0.91313
0.872616
0.89918
0.935436
0.901489
0.925332
0.917057
0.87289
0.874296
0.816344
0.788971
0.761259
0.708268
0.829843
0.811355
0.477448
0.568673
0.57453
0.517026
0.542329
0.601477
0.582752
0.591573
