# M0_reordered
# Number of vertices: 222, Number of faces: 440
# Preprocessing time: 0.004625
# Query time: 2.6708e-05
0.249037
0.285863
0.179721
0.313362
0.377532
0.358823
0.250611
0.330031
0.314172
0.250586
0.309642
0.224741
0.118571
0.0693312
0.262752
0.432111
0
0.314527
0.207164
0.318995
0.371492
0.309923
0.411635
0.375262
0.468154
0.49591
0.404254
0.363515
0.235486
0.387039
0.377399
0.401928
0.441589
0.403021
0.316698
0.46286
0.327427
0.129669
0.0517345
0.0690481
0.0506657
0.437983
0.407312
0.311907
0.390469
0.360574
0.399267
0.41767
0.241434
0.354938
0.378964
0.416708
0.410243
0.342941
0.181995
0.10927
0.313613
0.255382
0.190682
0.134022
0.109186
0.0706622
0.041359
0.405229
0.433392
0.479805
0.367548
0.443593
0.348809
0.508672
0.506209
0.437552
0.459745
0.468995
0.358727
0.346868
0.465038
0.445998
0.461818
0.425368
0.495784
0.442246
0.469955
0.47239
0.404123
0.481348
0.483518
0.273977
0.0297327
0.524505
0.502894
0.485952
0.617742
0.609753
0.664965
0.628314
0.716695
0.792807
0.708327
0.674143
0.779747
0.694571
0.659292
0.663126
0.727659
0.685612
0.678814
0.636433
0.594307
0.562397
0.748088
0.778453
0.819601
0.726703
0.726034
0.716359
0.820085
0.7148
0.665748
0.717214
0.691478
0.659602
0.808603
0.757916
0.732144
0.634642
0.636405
0.738952
0.755579
0.784559
0.738778
0.684477
0.601243
0.847696
0.765153
0.818047
0.720897
0.871105
0.813645
0.661566
0.830739
0.770472
0.755562
0.802652
0.710044
0.739525
0.847732
0.842992
0.596652
0.814536
0.572922
0.666698
0.635629
0.790783
0.686371
0.64784
0.8118
0.775742
0.749753
0.781743
0.704826
0.883996
0.777438
0.860151
0.728596
0.630931
0.912618
0.95312
0.98977
0.88844
0.791886
0.787598
0.835135
0.80974
0.945062
0.943853
0.983363
0.79095
0.913042
0.94232
0.939072
0.972953
0.934856
0.949447
0.926538
0.92386
0.843201
0.822382
0.933335
0.972899
0.848952
0.887707
0.958316
0.896296
0.815742
0.851055
0.855601
0.883164
0.845671
0.911264
0.870751
0.892522
0.93357
0.899624
0.923466
0.915191
0.871025
0.872431
0.814478
0.787105
0.752426
0.706402
0.827977
0.806975
0.475582
0.568673
0.57453
0.515161
0.540464
0.600762
0.580887
0.58975
