# M0_reordered
# Number of vertices: 222, Number of faces: 440
# Preprocessing time: 4.2e-08
# Query time: 0.00173925
0.24079
0.278015
0.171587
0.30385
0.3669
0.352885
0.245099
0.298075
0.299838
0.245074
0.301395
0.215693
0.110666
0.0693312
0.254104
0.403834
0
0.279726
0.201652
0.312924
0.357236
0.304411
0.404319
0.344533
0.411934
0.443776
0.399289
0.354454
0.230575
0.343724
0.341106
0.362237
0.399241
0.397774
0.311478
0.43671
0.319579
0.124758
0.0467305
0.0690481
0.0506657
0.419361
0.389543
0.303475
0.382221
0.351941
0.393637
0.378459
0.233528
0.349555
0.347008
0.383748
0.391621
0.326778
0.17409
0.107615
0.270298
0.221918
0.178446
0.12851
0.0923931
0.0706622
0.041359
0.356435
0.398591
0.42119
0.332747
0.43527
0.340025
0.495253
0.483771
0.42259
0.447053
0.455544
0.353507
0.341407
0.448875
0.440778
0.460926
0.416583
0.482602
0.437027
0.464994
0.46381
0.387838
0.471096
0.47353
0.268757
0.0297327
0.465321
0.460203
0.450875
0.587984
0.590458
0.642067
0.607176
0.690361
0.765924
0.687171
0.654848
0.758591
0.672708
0.632958
0.643785
0.700776
0.657821
0.650208
0.601152
0.564064
0.541835
0.712189
0.755897
0.785989
0.69028
0.678159
0.699538
0.789438
0.687551
0.630467
0.685751
0.656382
0.634407
0.780229
0.729542
0.706612
0.60911
0.615843
0.714321
0.732444
0.748136
0.718102
0.663916
0.581949
0.810954
0.732891
0.790795
0.691228
0.820026
0.765743
0.636066
0.803367
0.743224
0.728313
0.758296
0.676979
0.692185
0.79867
0.80609
0.573517
0.78996
0.553627
0.645164
0.60061
0.762409
0.660839
0.624706
0.784791
0.734935
0.725177
0.757167
0.681223
0.852018
0.749339
0.82872
0.690206
0.611636
0.884257
0.915721
0.95995
0.859344
0.771074
0.770777
0.816485
0.791714
0.915646
0.914367
0.937501
0.766374
0.850121
0.913404
0.900519
0.943467
0.896404
0.904132
0.892165
0.877847
0.805456
0.801569
0.888749
0.927584
0.825201
0.858291
0.923192
0.857844
0.783066
0.818379
0.822925
0.849342
0.818233
0.881848
0.841834
0.854778
0.897305
0.870707
0.891697
0.885705
0.842108
0.836652
0.766575
0.739202
0.735605
0.683267
0.799061
0.763406
0.456952
0.54603
0.554938
0.497392
0.519743
0.574571
0.563118
0.573982
