# M0_reordered
# Number of vertices: 222, Number of faces: 440
# Preprocessing time: 4.2e-08
# Query time: 0.00210012
0.24079
0.278015
0.171587
0.30385
0.3669
0.347619
0.242971
0.298075
0.297632
0.235962
0.301395
0.215693
0.110666
0.0693312
0.254104
0.403337
0
0.279726
0.201652
0.304371
0.348745
0.300766
0.400196
0.344382
0.411935
0.443776
0.398119
0.352264
0.230575
0.343724
0.341106
0.362237
0.399971
0.395587
0.309291
0.429029
0.316829
0.124758
0.0467305
0.0690481
0.0506657
0.419308
0.389543
0.303475
0.37958
0.349537
0.38541
0.376252
0.233528
0.341745
0.347008
0.383748
0.391572
0.326778
0.173912
0.107615
0.270298
0.221918
0.178446
0.12851
0.092048
0.0706622
0.041359
0.356435
0.398591
0.42119
0.332175
0.433083
0.337541
0.495444
0.483771
0.422589
0.447053
0.453088
0.351313
0.339204
0.447678
0.438584
0.458503
0.4141
0.488556
0.434833
0.462351
0.463902
0.38796
0.465768
0.471048
0.266563
0.0297327
0.465321
0.460203
0.450875
0.587984
0.590413
0.642067
0.607176
0.687832
0.765855
0.68721
0.654609
0.75863
0.669635
0.632997
0.643785
0.700815
0.656636
0.649193
0.601151
0.564064
0.541835
0.712189
0.762145
0.787011
0.69028
0.678166
0.699538
0.793961
0.688469
0.630467
0.685751
0.656382
0.635472
0.78265
0.731963
0.70427
0.608304
0.615843
0.715149
0.731492
0.74606
0.718102
0.663916
0.581988
0.815224
0.732563
0.795205
0.69059
0.818691
0.761259
0.636065
0.80789
0.747747
0.732792
0.758296
0.676173
0.691379
0.795222
0.806124
0.573806
0.790249
0.553666
0.645164
0.60061
0.76483
0.660033
0.624994
0.785079
0.734935
0.725465
0.756405
0.681512
0.853924
0.748286
0.833243
0.690206
0.611675
0.884295
0.916009
0.960238
0.859524
0.773406
0.771036
0.815533
0.792704
0.917912
0.915576
0.938628
0.765437
0.851709
0.91326
0.900807
0.944733
0.897767
0.904132
0.893754
0.879436
0.805453
0.801191
0.888695
0.931106
0.827488
0.858579
0.92348
0.859432
0.784654
0.819967
0.823823
0.850931
0.818521
0.884118
0.84169
0.854027
0.899082
0.870708
0.891697
0.886971
0.842109
0.836974
0.762661
0.739202
0.735836
0.683556
0.799061
0.763406
0.456952
0.546144
0.554844
0.496615
0.519743
0.574571
0.563118
0.573326
