# M2_reordered
# Number of vertices: 3527, Number of faces: 7050
# Preprocessing time: 0.0106491
# Query time: 0.000265917
0.237614
0.280846
0.179435
0.296259
0.355526
0.333419
0.227574
0.284467
0.304238
0.233775
0.297135
0.222394
0.12114
0.076906
0.24912
0.383151
0
0.278083
0.19747
0.304116
0.338196
0.284474
0.385764
0.336056
0.417935
0.443156
0.393995
0.360272
0.227749
0.332724
0.328294
0.355348
0.392598
0.392256
0.309341
0.429031
0.320058
0.121929
0.0580063
0.0752404
0.0703169
0.392415
0.381031
0.292068
0.381712
0.344229
0.385308
0.378268
0.217615
0.344336
0.345006
0.37413
0.367121
0.324419
0.177039
0.115948
0.259221
0.207919
0.14468
0.13819
0.0996179
0.0669843
0.0720519
0.350567
0.403692
0.422043
0.333339
0.427923
0.33054
0.495382
0.485254
0.409849
0.424034
0.446838
0.36788
0.337507
0.442962
0.437645
0.452068
0.405255
0.458465
0.438444
0.458082
0.467797
0.388821
0.455419
0.458292
0.270738
0.0373788
0.464515
0.456461
0.457426
0.552401
0.574978
0.615047
0.593297
0.679968
0.745017
0.672542
0.654148
0.74476
0.671654
0.620834
0.635012
0.680919
0.652409
0.653648
0.596574
0.556632
0.530785
0.709309
0.756152
0.766679
0.687576
0.672128
0.681589
0.762568
0.671845
0.626729
0.683659
0.650622
0.629467
0.739159
0.717849
0.700315
0.606654
0.614743
0.715875
0.720341
0.779759
0.716878
0.663232
0.576835
0.78909
0.721808
0.770056
0.69913
0.814125
0.756893
0.625132
0.788554
0.730547
0.710147
0.764874
0.679595
0.699477
0.786926
0.79355
0.563667
0.771126
0.548983
0.644383
0.597579
0.744377
0.655415
0.610507
0.75626
0.735701
0.702014
0.730969
0.679101
0.832465
0.736048
0.802774
0.676207
0.612485
0.8639
0.894543
0.938257
0.832532
0.75851
0.75457
0.803733
0.785128
0.8941
0.895878
0.931405
0.756873
0.821901
0.902809
0.880291
0.936353
0.900538
0.900268
0.878632
0.870695
0.805718
0.780788
0.871325
0.927884
0.814907
0.842356
0.910643
0.864158
0.790924
0.812936
0.763881
0.844781
0.79924
0.867437
0.830985
0.863442
0.882976
0.875418
0.881823
0.866322
0.84022
0.83713
0.766179
0.733723
0.716608
0.66525
0.789334
0.744705
0.454072
0.549868
0.544638
0.490492
0.510433
0.579662
0.556875
0.551497
0.265224
0.27924
0.31821
0.212461
0.26047
0.256127
0.289591
0.325746
0.201342
0.199898
0.236717
0.255028
0.236854
0.134489
0.275724
0.392357
0.108904
0.303541
0.31889
0.262307
0.32393
0.328573
0.301864
0.322866
0.261039
0.304434
0.287127
0.321502
0.172716
0.146608
0.181412
0.0334596
0.0356321
0.363387
0.344943
0.347992
0.248841
0.144541
0.116139
0.152603
0.0832702
0.063365
0.339819
0.321115
0.278421
0.267119
0.239101
0.296115
0.178307
0.213943
0.298014
0.403281
0.367277
0.333647
0.333875
0.308757
0.0497794
0.0838433
0.0244929
0.0550853
0.0512772
0.051435
0.125963
0.135296
0.121035
0.345062
0.325557
0.21881
0.339406
0.290473
0.385408
0.361283
0.374274
0.441818
0.32671
0.393625
0.34609
0.438069
0.379422
0.477313
0.402946
0.399713
0.302438
0.318911
0.350771
0.326424
0.336292
0.243512
0.32109
0.364746
0.386266
0.474312
0.395951
0.420354
0.409676
0.376353
0.395998
0.358807
0.33616
0.322858
0.440479
0.309065
0.410938
0.407844
0.420249
0.33342
0.131243
0.0965822
0.107032
0.0739099
0.107491
0.0489867
0.0509185
0.0616232
0.348973
0.295901
0.283357
0.165613
0.128793
0.270429
0.366466
0.364378
0.430319
0.350646
0.446382
0.344713
0.307136
0.324678
0.350066
0.42104
0.414257
0.367983
0.401703
0.391372
0.330795
0.38592
0.366174
0.384022
0.270075
0.296269
0.372813
0.322525
0.350805
0.298329
0.341064
0.350679
0.469511
0.328188
0.397744
0.344613
0.335689
0.313957
0.307592
0.3195
0.251868
0.288296
0.240719
0.210218
0.175333
0.189874
0.141654
0.16344
0.169792
0.398201
0.0937816
0.0827143
0.0779399
0.0924196
0.0666468
0.0629288
0.0623259
0.0799723
0.0545198
0.0746814
0.0660102
0.0171736
0.0264287
0.427651
0.443898
0.3539
0.364492
0.480434
0.422998
0.463564
0.235486
0.293547
0.287986
0.458101
0.408612
0.434105
0.379223
0.345485
0.416778
0.478805
0.446797
0.373189
0.35738
0.399595
0.363274
0.412783
0.438167
0.454862
0.51968
0.507966
0.48901
0.512268
0.456085
0.481003
0.414622
0.46168
0.473744
0.337228
0.465422
0.4847
0.331236
0.37395
0.461899
0.449248
0.405752
0.456562
0.411494
0.392576
0.381127
0.4639
0.334474
0.523476
0.400423
0.41579
0.382818
0.419157
0.470655
0.429086
0.41955
0.394001
0.374499
0.363244
0.416698
0.480964
0.474437
0.467427
0.523801
0.450918
0.507105
0.500133
0.54215
0.502036
0.497659
0.481653
0.480568
0.479851
0.511239
0.440097
0.346521
0.300753
0.0782769
0.0510096
0.386482
0.457685
0.265743
0.343449
0.393448
0.445757
0.45587
0.57034
0.598966
0.724054
0.746102
0.597079
0.56175
0.590798
0.698427
0.621912
0.647595
0.689919
0.666045
0.744376
0.578937
0.577804
0.698791
0.646433
0.677371
0.657971
0.72023
0.678446
0.574102
0.589715
0.697736
0.673344
0.621639
0.578423
0.547261
0.725433
0.695152
0.677636
0.662032
0.746264
0.600573
0.64076
0.625837
0.705139
0.625605
0.703426
0.675148
0.699323
0.617724
0.732512
0.69648
0.626022
0.626296
0.543071
0.537059
0.616174
0.60436
0.681055
0.637618
0.654843
0.806364
0.631406
0.554858
0.549503
0.620614
0.598229
0.67727
0.668747
0.711665
0.694781
0.668032
0.773525
0.745274
0.707213
0.692319
0.744532
0.715347
0.781132
0.717323
0.703075
0.658142
0.71312
0.815461
0.678699
0.705599
0.718614
0.722762
0.773102
0.781963
0.722704
0.746295
0.649327
0.514555
0.592994
0.794492
0.74733
0.801262
0.65996
0.719242
0.729901
0.619837
0.74715
0.820828
0.635144
0.586263
0.555016
0.599146
0.57227
0.731954
0.82518
0.709542
0.769747
0.797251
0.697885
0.577681
0.601671
0.690583
0.696949
0.595522
0.578683
0.605999
0.526576
0.681463
0.605853
0.617221
0.584647
0.66479
0.790715
0.601837
0.699169
0.655727
0.699755
0.67334
0.704219
0.748946
0.732109
0.764702
0.639762
0.569038
0.626933
0.757102
0.736137
0.704675
0.669963
0.689929
0.700587
0.788744
0.831851
0.727262
0.808538
0.757757
0.706887
0.682378
0.636931
0.799975
0.779073
0.763289
0.752251
0.696319
0.697098
0.66504
0.809322
0.677812
0.669639
0.784871
0.688207
0.728594
0.763614
0.827754
0.819104
0.809954
0.763334
0.769495
0.674095
0.748156
0.707449
0.694031
0.696861
0.754206
0.784458
0.752498
0.768682
0.727783
0.76859
0.797554
0.784486
0.758024
0.700302
0.673835
0.689299
0.685209
0.711371
0.729811
0.835379
0.60744
0.627451
0.758921
0.614664
0.580816
0.605299
0.674014
0.818813
0.669439
0.685091
0.614018
0.63875
0.75212
0.765074
0.782606
0.584596
0.657615
0.652344
0.682631
0.787489
0.759037
0.830794
0.744939
0.711653
0.754014
0.706988
0.64075
0.700699
0.718122
0.727049
0.829886
0.698053
0.686094
0.658892
0.65114
0.704573
0.697292
0.766706
0.792652
0.671705
0.692292
0.650421
0.765585
0.742393
0.666453
0.61612
0.912759
0.912996
0.879727
0.901942
0.775211
0.878951
0.878088
0.894628
0.883668
0.749506
0.790596
0.768016
0.771978
0.776927
0.787039
0.75594
0.858543
0.961645
0.894705
0.770191
0.804968
0.884579
0.76859
0.798401
0.747435
0.846445
0.754668
0.798398
0.777771
0.842466
0.877781
0.81912
0.838108
0.88749
0.864903
0.822292
0.766701
0.910631
0.908418
0.861131
0.890764
0.839642
0.867737
0.862343
0.863274
0.924167
0.804416
0.754457
0.835001
0.820239
0.89624
0.819644
0.837355
0.831442
0.860107
0.805699
0.886248
0.842087
0.895046
0.911615
0.92227
0.739558
0.881907
0.927255
0.869036
0.928652
0.88681
0.995655
0.841348
0.787962
0.805911
0.770666
0.753811
0.862728
0.891297
0.78796
0.940653
0.84833
0.87588
0.994027
0.917294
0.88082
0.926392
0.884122
0.887587
0.860192
0.865128
0.849827
0.876506
0.827584
0.831572
0.856516
0.882694
0.872715
0.848559
0.825118
0.901965
0.945007
0.964166
0.909858
0.822715
0.821438
0.87056
0.855141
0.894062
0.822875
0.842466
0.845501
0.869953
0.821913
0.8902
0.799661
0.831041
0.802859
0.814611
0.812501
0.901574
0.888168
0.969016
0.971796
0.950386
0.937965
0.743916
0.825889
0.61444
0.650277
0.584556
0.615229
0.672465
0.688222
0.691195
0.724478
0.655728
0.760371
0.734719
0.458802
0.460059
0.495645
0.538069
0.486351
0.513758
0.550827
0.554988
0.519988
0.506304
0.533841
0.509083
0.513406
0.521199
0.456057
0.529813
0.5805
0.528224
0.600348
0.605842
0.583882
0.56113
0.58056
0.591571
0.58273
0.552733
0.558816
0.595135
0.575988
0.561082
0.236119
0.291046
0.226504
0.295094
0.286673
0.242889
0.213818
0.230122
0.242825
0.206589
0.256502
0.293514
0.274615
0.293775
0.277589
0.276365
0.271027
0.293303
0.295349
0.281073
0.286712
0.279157
0.280342
0.236798
0.201155
0.190434
0.220742
0.212922
0.249345
0.212217
0.207372
0.202985
0.30957
0.337289
0.20685
0.251589
0.337105
0.304355
0.197848
0.318728
0.33387
0.258459
0.248819
0.274762
0.154662
0.24651
0.284584
0.215976
0.240755
0.290636
0.252697
0.277659
0.264291
0.316709
0.388992
0.209339
0.151923
0.122807
0.114581
0.095027
0.340931
0.377531
0.3486
0.297716
0.369899
0.311289
0.315909
0.327061
0.264896
0.18417
0.272548
0.364489
0.354465
0.312251
0.291247
0.201092
0.308723
0.33182
0.330439
0.328626
0.344326
0.3647
0.376108
0.297546
0.318072
0.325898
0.320968
0.429896
0.326271
0.309412
0.307421
0.314904
0.306356
0.290101
0.350857
0.330998
0.329923
0.239659
0.325074
0.313482
0.324165
0.319718
0.322043
0.309473
0.2969
0.314228
0.312853
0.304202
0.312289
0.252243
0.236354
0.313584
0.237553
0.218209
0.270972
0.266832
0.308256
0.308441
0.216742
0.220218
0.241441
0.436145
0.408367
0.432854
0.40574
0.438222
0.414984
0.411682
0.425305
0.401117
0.415296
0.440145
0.305624
0.2878
0.203516
0.34191
0.304654
0.273712
0.246001
0.178045
0.183964
0.192577
0.165824
0.182669
0.207483
0.192267
0.157175
0.172558
0.170413
0.160232
0.396571
0.0868514
0.0794932
0.0204659
0.373946
0.356403
0.361377
0.296705
0.226717
0.215164
0.181849
0.307047
0.347601
0.337766
0.173755
0.170119
0.163934
0.339099
0.156276
0.289177
0.149477
0.314502
0.143594
0.135333
0.123698
0.126048
0.141367
0.296292
0.294
0.30636
0.31019
0.0966717
0.0931202
0.324739
0.0876511
0.346874
0.0881053
0.0866875
0.380167
0.0655521
0.0695968
0.0633897
0.348717
0.314174
0.329291
0.310762
0.32934
0.319426
0.303674
0.302055
0.296974
0.271618
0.264606
0.272701
0.350468
0.327327
0.263167
0.279128
0.119291
0.269909
0.196893
0.296961
0.230498
0.19224
0.262848
0.238904
0.227158
0.187262
0.275318
0.294117
0.195981
0.269693
0.255209
0.224335
0.334495
0.403792
0.393715
0.401548
0.447076
0.413374
0.417045
0.378596
0.368621
0.361768
0.344333
0.386483
0.358353
0.369921
0.395219
0.315887
0.303648
0.164325
0.19854
0.187256
0.233626
0.248563
0.22417
0.216796
0.0736584
0.0722653
0.0665042
0.0537816
0.076289
0.0856586
0.101357
0.0281972
0.155306
0.143003
0.141357
0.131565
0.12213
0.140861
0.106739
0.11294
0.132856
0.102682
0.0866563
0.156172
0.358542
0.366326
0.405383
0.358185
0.366746
0.324137
0.324755
0.314371
0.321988
0.316032
0.308781
0.333736
0.267009
0.336388
0.319043
0.346288
0.350437
0.254192
0.323194
0.322043
0.278141
0.327285
0.280852
0.376739
0.207099
0.191985
0.371328
0.354237
0.379091
0.356511
0.354278
0.313906
0.303953
0.293501
0.342648
0.299391
0.297824
0.333321
0.385902
0.377839
0.345076
0.296088
0.365564
0.353364
0.347769
0.371373
0.381862
0.328775
0.337811
0.322422
0.311952
0.468368
0.448912
0.457065
0.45444
0.401375
0.421947
0.469177
0.437969
0.412796
0.466299
0.33941
0.364082
0.390121
0.464154
0.353608
0.35074
0.478076
0.453489
0.471282
0.36285
0.377389
0.430811
0.391213
0.466008
0.407631
0.477546
0.456374
0.416183
0.395648
0.402045
0.442193
0.409462
0.416087
0.31293
0.299365
0.309094
0.329962
0.388971
0.382031
0.374164
0.393607
0.371883
0.320515
0.309758
0.272746
0.25225
0.357431
0.324516
0.257298
0.247948
0.2491
0.306934
0.204753
0.26728
0.334737
0.433418
0.343691
0.463807
0.397903
0.34386
0.353605
0.374691
0.405436
0.417367
0.431772
0.441453
0.424833
0.459642
0.371309
0.426763
0.396978
0.417462
0.376049
0.372886
0.376732
0.393186
0.385782
0.450794
0.385663
0.412441
0.308307
0.382503
0.370199
0.37878
0.386625
0.376775
0.364487
0.371667
0.360031
0.388691
0.410862
0.374893
0.368778
0.35157
0.34338
0.401223
0.426998
0.411957
0.317372
0.464932
0.453301
0.427237
0.420051
0.443351
0.446241
0.408256
0.417484
0.42816
0.422011
0.353432
0.337788
0.341235
0.337309
0.332683
0.32684
0.328902
0.324335
0.321088
0.335157
0.330397
0.306237
0.313916
0.317647
0.30894
0.313984
0.226351
0.183697
0.18035
0.308503
0.162457
0.143039
0.141105
0.129019
0.121571
0.15056
0.123307
0.124675
0.117274
0.10969
0.0853554
0.0712903
0.0847702
0.0595666
0.0970937
0.0840656
0.0848007
0.0500036
0.0839606
0.0907929
0.0908527
0.0719398
0.0481293
0.0630004
0.0557008
0.061348
0.0801481
0.0401096
0.0439844
0.0353907
0.0658554
0.0282019
0.0465001
0.0529964
0.0719902
0.0450723
0.0641044
0.0804062
0.0607806
0.0735238
0.0622073
0.303682
0.29177
0.418456
0.272721
0.357982
0.351516
0.259297
0.379101
0.183318
0.0100932
0.217578
0.251099
0.199814
0.265709
0.419598
0.399465
0.435987
0.423468
0.329921
0.356345
0.404828
0.331603
0.382473
0.291261
0.285043
0.446465
0.401975
0.449163
0.416355
0.430473
0.437138
0.429752
0.381489
0.401642
0.347797
0.34413
0.332453
0.352147
0.305139
0.31429
0.431346
0.368085
0.363202
0.398347
0.346524
0.428392
0.329467
0.423282
0.308056
0.424094
0.37927
0.40812
0.39195
0.382712
0.377856
0.383803
0.318557
0.301409
0.339949
0.347555
0.392297
0.400254
0.358073
0.380145
0.39979
0.377701
0.313008
0.343305
0.323329
0.394107
0.392457
0.394072
0.374093
0.381743
0.30931
0.386556
0.361701
0.244655
0.38507
0.344342
0.384357
0.34655
0.310114
0.332662
0.287108
0.361525
0.242572
0.371717
0.370015
0.187045
0.346528
0.317587
0.369386
0.263252
0.35841
0.302479
0.34813
0.35872
0.353419
0.284739
0.263367
0.30963
0.354501
0.35026
0.34745
0.342943
0.288648
0.339596
0.337019
0.341306
0.454902
0.335701
0.421028
0.462718
0.391764
0.386455
0.388188
0.376392
0.393567
0.321997
0.349022
0.353585
0.346092
0.348935
0.343045
0.349035
0.339146
0.324259
0.320621
0.307261
0.303737
0.302999
0.263056
0.26175
0.326062
0.32985
0.321156
0.298866
0.266778
0.240859
0.288661
0.219221
0.249295
0.222666
0.186046
0.133086
0.148742
0.185101
0.144468
0.136859
0.240496
0.13161
0.110194
0.263262
0.114936
0.149655
0.111626
0.107378
0.155206
0.102339
0.104471
0.314897
0.312587
0.251487
0.245914
0.240211
0.230517
0.227338
0.219735
0.220218
0.213436
0.209175
0.185191
0.189818
0.18875
0.184282
0.171678
0.164688
0.181
0.17281
0.167378
0.174824
0.174914
0.166367
0.164818
0.15438
0.134488
0.397351
0.156532
0.349633
0.393696
0.38255
0.388923
0.0986413
0.0798021
0.0986438
0.0921664
0.082956
0.0647806
0.0850758
0.0760187
0.044652
0.0989409
0.0510573
0.0435775
0.0398229
0.10152
0.0319762
0.0216102
0.0264018
0.0575429
0.0643638
0.0354518
0.0397973
0.0194569
0.0624413
0.0299182
0.0366667
0.0769316
0.0715447
0.393455
0.406189
0.413278
0.367614
0.466141
0.368623
0.350553
0.355694
0.373301
0.374132
0.279602
0.424361
0.441529
0.425787
0.413521
0.421641
0.405768
0.394375
0.364131
0.477779
0.381161
0.462114
0.470525
0.455649
0.387866
0.467349
0.379898
0.393872
0.418725
0.368682
0.376959
0.352368
0.371626
0.238319
0.24654
0.278671
0.326888
0.294776
0.302814
0.432948
0.419204
0.459974
0.425921
0.314966
0.327337
0.39075
0.411272
0.435246
0.328238
0.421127
0.333843
0.356529
0.403547
0.473055
0.386697
0.43463
0.464035
0.44003
0.467503
0.388087
0.464549
0.384184
0.354297
0.361291
0.407278
0.382744
0.457323
0.43969
0.349026
0.387866
0.415872
0.357833
0.373539
0.443558
0.394356
0.339861
0.335465
0.440483
0.444322
0.415248
0.407808
0.415699
0.451183
0.441632
0.435864
0.453764
0.461425
0.498643
0.528276
0.496277
0.440795
0.503634
0.440906
0.472992
0.470975
0.433729
0.401374
0.487113
0.42378
0.477385
0.518666
0.486098
0.480106
0.476017
0.441262
0.453608
0.44693
0.511321
0.527323
0.485497
0.50121
0.388037
0.512807
0.402125
0.510368
0.480949
0.468077
0.392448
0.428416
0.460578
0.402653
0.391196
0.376065
0.484385
0.439784
0.390718
0.461313
0.463451
0.45009
0.375237
0.366994
0.366051
0.355318
0.355692
0.346769
0.349477
0.489767
0.466558
0.455354
0.447022
0.418552
0.423968
0.449596
0.475948
0.457252
0.467717
0.519602
0.499975
0.500786
0.475698
0.487327
0.466342
0.416459
0.433545
0.424565
0.413713
0.426444
0.379312
0.370624
0.405539
0.433642
0.395963
0.354211
0.378952
0.385891
0.506871
0.48936
0.408947
0.388545
0.366498
0.388717
0.468607
0.45345
0.43088
0.422314
0.424274
0.47369
0.448938
0.432167
0.410725
0.409973
0.473035
0.456162
0.457274
0.430988
0.412665
0.442397
0.422866
0.443576
0.392081
0.377328
0.417682
0.398105
0.424306
0.437066
0.406632
0.42716
0.413734
0.386109
0.362994
0.413027
0.346983
0.464321
0.450225
0.420659
0.424797
0.469592
0.459245
0.442636
0.42949
0.438191
0.467773
0.486649
0.436109
0.336476
0.528385
0.520488
0.480178
0.482385
0.474367
0.49219
0.448313
0.471095
0.466241
0.438199
0.470065
0.414916
0.425708
0.417537
0.432475
0.32292
0.438452
0.407823
0.429783
0.379155
0.434624
0.389599
0.39981
0.463726
0.450519
0.453723
0.46064
0.47513
0.436598
0.448669
0.404876
0.457719
0.514207
0.503347
0.503554
0.468842
0.468918
0.453658
0.458306
0.458079
0.447639
0.427733
0.426218
0.420706
0.406744
0.399651
0.401941
0.390039
0.385913
0.384
0.363544
0.364823
0.356827
0.326812
0.472915
0.426122
0.436288
0.407424
0.469308
0.464295
0.452476
0.448957
0.453471
0.462131
0.467309
0.474874
0.46852
0.537867
0.532982
0.506258
0.50755
0.501219
0.494655
0.499897
0.44943
0.511942
0.510222
0.505989
0.498762
0.517585
0.510151
0.476267
0.484968
0.466702
0.475989
0.48771
0.492991
0.517376
0.543066
0.507804
0.494522
0.447738
0.489308
0.498416
0.49422
0.502245
0.468199
0.502268
0.376102
0.327361
0.346386
0.506248
0.38938
0.44978
0.329987
0.3393
0.338491
0.330172
0.285624
0.286619
0.385067
0.43175
0.404731
0.38767
0.096215
0.0904491
0.0980106
0.0396662
0.0272303
0.0413258
0.0445467
0.0674956
0.113555
0.0974469
0.0854344
0.0848783
0.161053
0.35527
0.369998
0.361962
0.275607
0.274135
0.27804
0.274983
0.27393
0.324154
0.349385
0.429906
0.436613
0.46694
0.461839
0.462262
0.478414
0.467752
0.413028
0.411724
0.470445
0.441178
0.347107
0.542619
0.615619
0.610102
0.618018
0.56672
0.578275
0.581495
0.557049
0.609604
0.634226
0.601374
0.595915
0.599773
0.592587
0.566257
0.681522
0.678854
0.689034
0.724068
0.606217
0.617043
0.591541
0.584986
0.604221
0.565395
0.58512
0.603183
0.595838
0.603536
0.602272
0.584787
0.559702
0.574662
0.743971
0.582899
0.712694
0.588406
0.738497
0.65246
0.600079
0.662997
0.61621
0.65479
0.711943
0.724276
0.665715
0.633534
0.595973
0.592198
0.609424
0.724377
0.745916
0.654012
0.658873
0.679629
0.735884
0.653207
0.715663
0.742552
0.644246
0.668313
0.738103
0.654522
0.707724
0.663173
0.656305
0.733608
0.665904
0.6679
0.701278
0.679861
0.711712
0.722781
0.733562
0.567015
0.566384
0.56717
0.558065
0.586717
0.579669
0.604362
0.740894
0.730164
0.672273
0.637057
0.63721
0.664163
0.646025
0.721134
0.658388
0.737111
0.721446
0.692477
0.673319
0.649071
0.667381
0.657374
0.702673
0.737563
0.737348
0.641942
0.649633
0.664168
0.741865
0.672939
0.558446
0.593345
0.595544
0.744659
0.738639
0.655655
0.658488
0.684728
0.748722
0.583127
0.603761
0.59202
0.676345
0.661879
0.636954
0.695896
0.639051
0.691126
0.621994
0.610072
0.637007
0.589885
0.589813
0.744979
0.725373
0.713052
0.661666
0.608307
0.633403
0.649566
0.659972
0.663049
0.681167
0.5991
0.608158
0.737876
0.718123
0.610618
0.73812
0.69467
0.667743
0.59449
0.622006
0.623049
0.725007
0.715978
0.655274
0.726756
0.634398
0.683195
0.630512
0.699617
0.700149
0.72792
0.707363
0.739077
0.644963
0.63726
0.65679
0.721814
0.717701
0.739337
0.66394
0.629767
0.635907
0.766369
0.685193
0.619616
0.662877
0.6782
0.666496
0.64668
0.634209
0.627419
0.641696
0.646486
0.65302
0.609247
0.665638
0.764905
0.65707
0.639918
0.638887
0.722878
0.69525
0.694199
0.707635
0.686888
0.642512
0.694489
0.662235
0.657838
0.678475
0.702698
0.615422
0.665922
0.567152
0.580849
0.566711
0.575867
0.602633
0.62164
0.613584
0.597574
0.754223
0.672274
0.692055
0.780081
0.654435
0.627796
0.623793
0.609538
0.609164
0.62389
0.657036
0.64492
0.611999
0.638516
0.640402
0.580034
0.591215
0.707641
0.713607
0.618421
0.60974
0.606601
0.5394
0.530625
0.543094
0.636751
0.612475
0.640531
0.601434
0.607194
0.625504
0.714067
0.70061
0.774125
0.732214
0.586619
0.623274
0.591109
0.636939
0.611518
0.69371
0.6188
0.709671
0.692782
0.692739
0.668103
0.665583
0.648712
0.63981
0.630823
0.803188
0.687448
0.671122
0.673543
0.657084
0.615465
0.644826
0.595965
0.596656
0.583655
0.596127
0.813735
0.607776
0.607707
0.77174
0.744748
0.731939
0.703556
0.822769
0.786398
0.782599
0.748278
0.705106
0.782258
0.793913
0.746621
0.685226
0.766648
0.745473
0.696894
0.683187
0.701818
0.671644
0.666186
0.671214
0.676906
0.718847
0.689389
0.703614
0.707972
0.668057
0.675515
0.741022
0.732264
0.766983
0.739716
0.689144
0.687137
0.711689
0.661799
0.675684
0.753258
0.682039
0.726137
0.74035
0.701774
0.763354
0.644296
0.741944
0.753001
0.742164
0.7513
0.773973
0.791879
0.762073
0.751533
0.721064
0.744315
0.713835
0.70519
0.683603
0.683898
0.658416
0.743713
0.636814
0.64452
0.674069
0.647387
0.62791
0.722717
0.64995
0.666013
0.633602
0.709332
0.625433
0.654255
0.80146
0.79038
0.583545
0.591447
0.599124
0.565649
0.609665
0.595744
0.804715
0.818569
0.79097
0.810646
0.818056
0.793397
0.766298
0.780503
0.754509
0.80512
0.824666
0.775973
0.720539
0.736222
0.728576
0.718616
0.699353
0.663154
0.67699
0.672816
0.638616
0.641835
0.67842
0.645927
0.698555
0.757897
0.778746
0.622544
0.661949
0.79596
0.777119
0.591009
0.584321
0.715341
0.650664
0.661248
0.626015
0.639824
0.633752
0.641835
0.676434
0.665719
0.629328
0.656501
0.62189
0.644663
0.669734
0.622897
0.649825
0.653594
0.576613
0.678713
0.644196
0.625424
0.654651
0.63636
0.549369
0.60665
0.572678
0.617427
0.62834
0.612787
0.63948
0.590964
0.585779
0.657357
0.641657
0.64086
0.581889
0.544128
0.539434
0.610017
0.549217
0.584904
0.540638
0.532493
0.555804
0.839684
0.845189
0.815624
0.791141
0.805317
0.64764
0.654035
0.641778
0.667067
0.643475
0.635621
0.626191
0.668461
0.643487
0.673346
0.634338
0.645154
0.627868
0.644792
0.672637
0.834182
0.820377
0.720135
0.73173
0.726055
0.745719
0.715452
0.708014
0.776207
0.73765
0.71744
0.727402
0.697259
0.667792
0.596697
0.595167
0.616144
0.612113
0.690334
0.599576
0.575705
0.782286
0.767434
0.59068
0.577679
0.579808
0.56273
0.550616
0.55537
0.551152
0.541313
0.60393
0.647634
0.608649
0.574394
0.616097
0.634123
0.656439
0.579232
0.656704
0.568888
0.570394
0.5781
0.810318
0.767904
0.765965
0.760578
0.711682
0.600438
0.628872
0.677007
0.684503
0.639773
0.635479
0.720177
0.646965
0.638222
0.720606
0.6387
0.708852
0.751384
0.701413
0.73742
0.724227
0.654226
0.721289
0.689713
0.729693
0.741059
0.738148
0.678551
0.70074
0.699847
0.708806
0.699441
0.701224
0.711909
0.709178
0.714902
0.724201
0.73315
0.746626
0.76221
0.704482
0.758067
0.796185
0.776995
0.763384
0.647686
0.62608
0.693935
0.734318
0.604162
0.613436
0.585247
0.571317
0.589008
0.587406
0.812988
0.720676
0.735365
0.708878
0.762251
0.719643
0.768536
0.763764
0.721616
0.721058
0.692935
0.737766
0.702891
0.722339
0.669156
0.683761
0.669544
0.689571
0.654936
0.686375
0.677585
0.64876
0.722653
0.652202
0.706832
0.629245
0.746638
0.780127
0.667543
0.563458
0.551068
0.844506
0.79479
0.820163
0.805651
0.724588
0.7499
0.81361
0.715885
0.78844
0.706558
0.775878
0.713404
0.707737
0.699734
0.785376
0.805219
0.807301
0.69697
0.690578
0.717491
0.702717
0.688933
0.701208
0.676407
0.693688
0.68191
0.682437
0.690077
0.660229
0.663112
0.656872
0.66077
0.64798
0.648934
0.638946
0.689781
0.8396
0.76368
0.774555
0.623365
0.846388
0.823219
0.817395
0.805131
0.797432
0.803949
0.784806
0.784263
0.778908
0.768076
0.71013
0.752146
0.705124
0.756183
0.754018
0.735985
0.730413
0.695553
0.706181
0.688144
0.674883
0.708806
0.726397
0.694286
0.671976
0.690193
0.714936
0.66276
0.695673
0.626816
0.791035
0.799968
0.616885
0.639741
0.647344
0.675377
0.757327
0.681342
0.664318
0.6961
0.560781
0.729458
0.737119
0.727531
0.839244
0.773308
0.81085
0.805062
0.744211
0.836569
0.815859
0.740668
0.820794
0.738853
0.790672
0.707207
0.697682
0.742434
0.80023
0.795524
0.742129
0.651837
0.794323
0.698034
0.67353
0.663687
0.815258
0.745253
0.761714
0.768143
0.7142
0.80706
0.775613
0.799419
0.747903
0.742435
0.740419
0.759707
0.745327
0.707223
0.757935
0.76655
0.756776
0.76365
0.764262
0.766709
0.77714
0.756567
0.773055
0.758568
0.77034
0.761856
0.782146
0.787937
0.76806
0.779548
0.771393
0.800334
0.788619
0.787554
0.793702
0.79467
0.81797
0.830233
0.840225
0.778184
0.830326
0.844242
0.824746
0.695178
0.697766
0.697153
0.700811
0.699616
0.681294
0.687916
0.698735
0.705617
0.679823
0.669354
0.71544
0.719542
0.724586
0.714733
0.710342
0.719415
0.702116
0.7268
0.709869
0.749732
0.752532
0.697586
0.813296
0.797831
0.786485
0.774026
0.611838
0.589261
0.748869
0.558155
0.748377
0.76063
0.757932
0.523673
0.534498
0.753073
0.804814
0.639122
0.628903
0.611065
0.604571
0.568738
0.742964
0.533547
0.642058
0.728308
0.740777
0.623813
0.760068
0.770193
0.68051
0.66475
0.687035
0.682493
0.605335
0.814902
0.827835
0.678167
0.658213
0.709444
0.699965
0.697377
0.691386
0.687057
0.678083
0.625406
0.648855
0.638742
0.616664
0.608825
0.609423
0.62487
0.689288
0.714932
0.773288
0.792909
0.794853
0.836218
0.774176
0.663469
0.658314
0.692674
0.570834
0.645909
0.760851
0.750723
0.774088
0.73715
0.74374
0.770758
0.70825
0.69792
0.67144
0.658506
0.533376
0.536625
0.827352
0.830635
0.850396
0.807076
0.805968
0.790771
0.812466
0.78244
0.823296
0.787795
0.784407
0.730731
0.772879
0.675372
0.777533
0.790857
0.78913
0.800553
0.794087
0.780704
0.775122
0.759851
0.74611
0.714689
0.673461
0.722151
0.728503
0.73798
0.629783
0.691471
0.699191
0.739561
0.753175
0.696445
0.587867
0.723559
0.838043
0.716685
0.712052
0.694383
0.683585
0.79021
0.774369
0.699966
0.646763
0.596779
0.602372
0.672104
0.699562
0.686696
0.707039
0.742776
0.628199
0.58963
0.703903
0.731936
0.810506
0.80833
0.551042
0.582029
0.589842
0.530408
0.54928
0.522347
0.626317
0.608987
0.681964
0.690069
0.801442
0.786445
0.685985
0.728587
0.823903
0.631397
0.641368
0.681892
0.632734
0.668174
0.682692
0.750931
0.808218
0.792355
0.710392
0.715573
0.732763
0.602759
0.612064
0.802967
0.756942
0.762318
0.797752
0.825185
0.878127
0.890449
0.763268
0.77176
0.910206
0.775851
0.777294
0.89225
0.901582
0.938044
0.894501
0.778025
0.904184
0.741541
0.901519
0.823414
0.920999
0.788954
0.80259
0.831711
0.894993
0.874525
0.873184
0.810672
0.854189
0.815564
0.857698
0.852646
0.745852
0.775658
0.788996
0.821976
0.790843
0.813138
0.776914
0.797269
0.801535
0.794571
0.736137
0.76715
0.786856
0.770465
0.852436
0.957474
0.755952
0.903119
0.921938
0.912072
0.762047
0.920967
0.917236
0.949369
0.900562
0.842229
0.795801
0.905101
0.84237
0.951437
0.902801
0.977548
0.905473
0.88467
0.961519
0.767544
0.887697
0.838321
0.830169
0.83328
0.846091
0.811205
0.817371
0.809639
0.782739
0.842405
0.771786
0.810075
0.834331
0.847605
0.809316
0.794138
0.78488
0.778148
0.785651
0.868505
0.80765
0.77292
0.757256
0.798938
0.770999
0.747537
0.881019
0.85425
0.788127
0.742797
0.764809
0.755052
0.84092
0.792255
0.861826
0.728243
0.811984
0.765132
0.909346
0.82684
0.837358
0.728035
0.721017
0.845957
0.721658
0.836476
0.796516
0.732201
0.770781
0.743077
0.807524
0.819855
0.756558
0.766113
0.760303
0.840427
0.780459
0.795329
0.778973
0.776551
0.764327
0.839136
0.861033
0.825826
0.886937
0.894587
0.80012
0.819123
0.903045
0.883537
0.870146
0.858451
0.938441
0.922649
0.829797
0.894232
0.811591
0.833176
0.879715
0.885773
0.789037
0.803838
0.89458
0.878578
0.788599
0.876505
0.878976
0.811174
0.814425
0.765357
0.776179
0.923677
0.754293
0.923848
0.895886
0.799814
0.811219
0.928183
0.850421
0.851061
0.875035
0.911605
0.878959
0.911797
0.893086
0.898808
0.876756
0.771024
0.907009
0.901153
0.896284
0.878781
0.885925
0.891603
0.882953
0.873145
0.887296
0.871959
0.837168
0.884286
0.79537
0.880472
0.885563
0.877865
0.883879
0.888684
0.848258
0.880914
0.832052
0.842415
0.829839
0.911726
0.888924
0.884664
0.74133
0.770101
0.76591
0.764316
0.744776
0.7284
0.88747
0.8743
0.848307
0.86668
0.885174
0.907562
0.823902
0.844295
0.809439
0.799911
0.822338
0.845826
0.811197
0.830103
0.823884
0.844074
0.811866
0.882101
0.816732
0.843032
0.834831
0.880665
0.785513
0.820866
0.778643
0.804249
0.871056
0.826255
0.90609
0.795675
0.793433
0.840239
0.851795
0.81598
0.845206
0.794191
0.820592
0.790605
0.838369
0.809595
0.855728
0.873147
0.785168
0.782818
0.830949
0.871423
0.818843
0.898396
0.909899
0.798655
0.894886
0.816014
0.904657
0.858795
0.921028
0.823744
0.858651
0.911932
0.858308
0.854239
0.870194
0.887807
0.959568
0.941161
0.929769
0.973733
0.76044
0.867696
0.892384
0.854553
0.935239
0.921722
0.882105
0.956678
0.884391
0.891389
0.97271
0.78216
0.85445
0.892007
0.903956
0.910318
0.901412
0.99473
0.967918
0.805555
0.794449
0.786075
0.803495
0.797539
0.789299
0.856542
0.836111
0.916292
0.827244
0.772231
0.787561
0.792262
0.781919
0.787969
0.781138
0.805773
0.771104
0.835
0.828366
0.894727
0.847778
0.783103
0.851742
0.820534
0.900399
0.85961
0.878241
0.857466
0.859123
0.873972
0.895304
0.870516
0.764811
0.763588
0.757365
0.804879
0.927076
0.940105
0.967387
0.858392
0.918331
0.861943
0.89129
0.902748
0.984182
0.887334
0.86646
0.89729
0.869905
0.87815
0.877294
0.805276
0.792731
0.800946
0.762762
0.882095
0.868027
0.928464
0.898416
0.924735
0.875588
0.87611
0.865765
0.849528
0.88956
0.916676
0.908841
0.845208
0.909598
0.905434
0.821922
0.864452
0.81486
0.809278
0.847036
0.853532
0.819123
0.850455
0.808996
0.850579
0.847264
0.859506
0.861798
0.85898
0.857682
0.874163
0.859047
0.867909
0.874099
0.880492
0.877981
0.888674
0.812969
0.899154
0.892675
0.816616
0.808037
0.885461
0.829226
0.885763
0.846366
0.818494
0.840563
0.854671
0.855189
0.852587
0.813777
0.868834
0.777359
0.740636
0.734685
0.734611
0.808761
0.894814
0.887625
0.854625
0.855803
0.892372
0.877768
0.753245
0.8184
0.980199
0.939759
0.944334
0.881421
0.888977
0.904959
0.834753
0.810024
0.850409
0.833931
0.861558
0.85449
0.849685
0.869757
0.862921
0.862371
0.823792
0.844431
0.84149
0.881094
0.87611
0.860263
0.839216
0.840973
0.838229
0.825233
0.821508
0.821472
0.862033
0.873474
0.87074
0.858064
0.827689
0.821038
0.877301
0.847002
0.900402
0.82953
0.819214
0.836642
0.892959
0.811166
0.785245
0.848628
0.842635
0.852867
0.833787
0.848831
0.804959
0.791254
0.793847
0.806142
0.927937
0.913115
0.900758
0.887008
0.8719
0.95706
0.964894
0.948102
0.934687
0.948503
0.996657
0.996311
0.757321
0.745298
0.742645
0.834449
0.842332
0.81655
0.607518
0.629629
0.674325
0.578072
0.647387
0.582211
0.69819
0.68131
0.689098
0.68585
0.668682
0.656104
0.728975
0.651271
0.684702
0.779918
0.804276
0.743834
0.727984
0.726282
0.771828
0.780909
0.755655
0.734551
0.728551
0.697585
0.67172
0.663453
0.825313
0.807197
0.782599
0.776172
0.654925
0.56083
0.71696
0.728924
0.721194
0.732153
0.750401
0.516416
0.523331
0.528822
0.473207
0.465791
0.455112
0.448872
0.5063
0.497192
0.492253
0.478374
0.482091
0.468797
0.443148
0.445305
0.486149
0.470882
0.478278
0.489525
0.568746
0.581065
0.55014
0.557007
0.550984
0.525437
0.560958
0.538874
0.533986
0.547279
0.563973
0.539987
0.548597
0.511637
0.479306
0.530722
0.522853
0.493278
0.486984
0.475704
0.463944
0.473173
0.498537
0.491317
0.476557
0.485089
0.480992
0.506914
0.543256
0.558664
0.546634
0.539366
0.499983
0.497708
0.53964
0.505647
0.552338
0.545109
0.557473
0.539508
0.549639
0.528351
0.54469
0.543045
0.535236
0.454432
0.469513
0.463773
0.469748
0.528528
0.543376
0.523975
0.538255
0.540355
0.524116
0.549469
0.497888
0.533787
0.515003
0.504552
0.515192
0.527162
0.498565
0.608683
0.593959
0.583445
0.574025
0.570816
0.580169
0.572861
0.582885
0.586898
0.559697
0.568554
0.559195
0.560555
0.573317
0.539195
0.506584
0.518662
0.505006
0.571059
0.581505
0.572428
0.586383
0.554145
0.57771
0.538383
0.537468
0.530182
0.530052
0.514052
0.576653
0.564102
0.580925
0.578251
0.587171
0.538509
0.577294
0.54972
0.54198
0.544952
0.545197
0.511592
0.503956
0.508508
0.574441
0.577191
0.600776
0.577078
0.558335
0.570664
0.571619
0.581401
0.585434
