# DS0
# Number of vertices: 222, Number of faces: 440
# Preprocessing time: 0.0013055
# Query time: 0.000145333
0.225591
0.267994
0.160866
0.285841
0.356545
0.35189
0.244877
0.291534
0.302593
0.246749
0.289894
0.208704
0.103864
0.0395592
0.245359
0.413482
0
0.280298
0.189043
0.313159
0.360093
0.302293
0.404424
0.333797
0.404428
0.444055
0.369934
0.350008
0.209396
0.319197
0.326325
0.36923
0.40727
0.367141
0.307714
0.432265
0.305293
0.119394
0.049583
0.0512823
0.024362
0.410104
0.396636
0.296063
0.360456
0.349594
0.388852
0.377871
0.219605
0.341731
0.349097
0.371282
0.3835
0.331403
0.160488
0.0936341
0.269912
0.215342
0.16359
0.114033
0.0836874
0.0431481
0.0322357
0.344412
0.390502
0.427
0.334093
0.412343
0.340026
0.493482
0.490345
0.421245
0.428797
0.440757
0.334748
0.299908
0.441553
0.407584
0.44261
0.409794
0.476702
0.406231
0.427672
0.453174
0.392561
0.46556
0.482183
0.259239
0.028015
0.46164
0.461886
0.445736
0.586108
0.599351
0.634533
0.605262
0.6915
0.750313
0.696002
0.651376
0.746383
0.665715
0.645042
0.643016
0.708853
0.655263
0.653302
0.611449
0.576294
0.539298
0.725128
0.765227
0.784845
0.696402
0.695674
0.691254
0.789444
0.692256
0.644969
0.694766
0.654987
0.633586
0.75326
0.732072
0.710864
0.614863
0.608305
0.733264
0.746172
0.755478
0.712396
0.681913
0.608569
0.816414
0.729205
0.788212
0.682919
0.797654
0.771522
0.635192
0.797705
0.743641
0.736901
0.77158
0.692253
0.679332
0.79265
0.794385
0.596909
0.785123
0.550251
0.658949
0.595193
0.762995
0.668231
0.641236
0.78682
0.733495
0.743374
0.773818
0.678766
0.831808
0.746097
0.820675
0.685761
0.609329
0.891223
0.9189
0.925462
0.848599
0.771359
0.781966
0.817958
0.803836
0.921144
0.923793
0.943419
0.777087
0.838353
0.9171
0.906758
0.927234
0.88207
0.907651
0.872623
0.862228
0.821269
0.799047
0.89245
0.931718
0.839677
0.875599
0.931304
0.856386
0.778319
0.815561
0.809158
0.839438
0.82995
0.874215
0.861352
0.862056
0.884249
0.854068
0.895493
0.904946
0.851196
0.819135
0.767216
0.737468
0.738945
0.688643
0.796357
0.740899
0.466587
0.533942
0.549957
0.48249
0.517329
0.583844
0.549778
0.554912
