# DS0
# Number of vertices: 222, Number of faces: 440
# Preprocessing time: 8.825e-05
# Query time: 1.9208e-05
0.225591
0.268346
0.165417
0.285841
0.356545
0.351957
0.244943
0.302934
0.306195
0.246749
0.289894
0.213255
0.103864
0.0395592
0.248654
0.420049
0
0.296689
0.189043
0.313159
0.361541
0.30236
0.404491
0.344954
0.42625
0.465877
0.369934
0.350008
0.209396
0.330354
0.337482
0.383745
0.42251
0.367141
0.307714
0.43679
0.305644
0.119394
0.0520907
0.0512823
0.024362
0.416078
0.404433
0.29945
0.360456
0.352608
0.404339
0.400836
0.223316
0.353554
0.358478
0.382439
0.389474
0.338775
0.162593
0.0961418
0.28107
0.226499
0.167301
0.114033
0.0836874
0.0431481
0.0322357
0.364075
0.406894
0.447086
0.350484
0.412343
0.340026
0.502112
0.501609
0.424935
0.428797
0.440757
0.334748
0.299908
0.448925
0.407584
0.44261
0.409794
0.476827
0.406231
0.427672
0.461542
0.399934
0.465627
0.489803
0.259239
0.028015
0.481726
0.478278
0.462128
0.605834
0.609762
0.644943
0.618637
0.70191
0.760723
0.706412
0.661786
0.756793
0.676125
0.655452
0.653426
0.719264
0.662635
0.668149
0.619245
0.597627
0.552673
0.747408
0.790053
0.796527
0.704198
0.712277
0.707385
0.801126
0.703938
0.652765
0.714152
0.675683
0.645268
0.764942
0.743754
0.718236
0.622235
0.62168
0.752142
0.76505
0.763275
0.735986
0.695288
0.618979
0.828097
0.740887
0.799894
0.690291
0.814257
0.788125
0.658189
0.809388
0.755323
0.748584
0.794916
0.699625
0.700349
0.809253
0.812828
0.615787
0.801956
0.560661
0.683366
0.615889
0.774677
0.675603
0.660115
0.803653
0.756831
0.760208
0.790651
0.697644
0.84349
0.756508
0.832357
0.694078
0.61974
0.910101
0.940336
0.94434
0.872739
0.790142
0.796943
0.83761
0.826966
0.942429
0.945077
0.970038
0.794971
0.860555
0.944161
0.936606
0.948518
0.903544
0.932954
0.894098
0.883703
0.842172
0.819222
0.922865
0.957021
0.862807
0.896883
0.950182
0.877861
0.799793
0.837035
0.83136
0.860912
0.848828
0.897551
0.888413
0.889237
0.905723
0.878485
0.923745
0.92623
0.875613
0.840609
0.783819
0.754071
0.753922
0.707521
0.820773
0.776807
0.476998
0.545205
0.55733
0.490286
0.532279
0.595107
0.557575
0.560836
