# DS1
# Number of vertices: 882, Number of faces: 1760
# Preprocessing time: 4.2e-08
# Query time: 0.00349633
0.224027
0.266425
0.15848
0.281548
0.350429
0.341999
0.235848
0.284546
0.294183
0.239173
0.286889
0.205511
0.0993147
0.0404203
0.243145
0.399215
0
0.270725
0.18276
0.304329
0.347276
0.292995
0.394856
0.32351
0.396685
0.434023
0.364482
0.347482
0.209434
0.30978
0.315861
0.353758
0.391785
0.364931
0.307032
0.423166
0.304873
0.119681
0.0468729
0.0516358
0.0243681
0.39499
0.388229
0.288074
0.35711
0.341374
0.381678
0.369436
0.213555
0.333729
0.337364
0.361166
0.368601
0.328919
0.158391
0.0881918
0.260587
0.208794
0.157488
0.108619
0.0823334
0.0432126
0.0330377
0.335783
0.38147
0.415279
0.324827
0.402082
0.330204
0.487807
0.48911
0.415458
0.420592
0.427374
0.334636
0.293438
0.441117
0.407438
0.433352
0.399562
0.469616
0.406817
0.423478
0.44743
0.386167
0.455847
0.472388
0.25872
0.0285865
0.448862
0.446388
0.436549
0.558135
0.582385
0.609108
0.583444
0.673453
0.729297
0.674264
0.63764
0.724216
0.646656
0.626468
0.625643
0.689802
0.646856
0.647397
0.598796
0.569027
0.530726
0.716005
0.749031
0.767127
0.682341
0.680055
0.675637
0.775041
0.677542
0.6326
0.689586
0.646634
0.624734
0.732328
0.715459
0.694396
0.608718
0.599367
0.718999
0.732927
0.739682
0.696308
0.667336
0.59645
0.79722
0.714781
0.774393
0.676172
0.780357
0.756418
0.620489
0.781025
0.726838
0.723384
0.755489
0.67933
0.670976
0.778058
0.771088
0.584038
0.765591
0.537748
0.648895
0.587324
0.745746
0.654625
0.62794
0.761793
0.717299
0.725924
0.750532
0.66517
0.813307
0.725276
0.805833
0.667041
0.59631
0.875099
0.904261
0.89991
0.826708
0.750031
0.762468
0.80359
0.78229
0.905397
0.90968
0.932628
0.761531
0.815616
0.902614
0.889857
0.909744
0.870619
0.892035
0.862086
0.84936
0.802587
0.781275
0.876073
0.914204
0.817024
0.859176
0.916701
0.844831
0.768104
0.80631
0.788021
0.830001
0.814874
0.854762
0.84718
0.842533
0.867425
0.836196
0.879229
0.888834
0.836119
0.80966
0.752948
0.723415
0.719625
0.675409
0.78194
0.723663
0.459907
0.532498
0.544777
0.474177
0.50815
0.580795
0.541316
0.549709
0.208166
0.179079
0.18349
0.238417
0.246124
0.21238
0.260296
0.281325
0.254137
0.190881
0.209809
0.217609
0.249219
0.238159
0.269434
0.280537
0.262778
0.233458
0.299905
0.304587
0.272864
0.140639
0.171061
0.254126
0.22574
0.332068
0.310409
0.303647
0.283738
0.259775
0.0697764
0.109169
0.0688041
0.128026
0.113878
0.094628
0.0872392
0.116954
0.342007
0.328367
0.318117
0.364048
0.365992
0.234238
0.262128
0.319665
0.342912
0.321741
0.31187
0.33128
0.29314
0.290018
0.301419
0.31958
0.329063
0.313166
0.394461
0.430115
0.427969
0.176927
0.195332
0.153413
0.212875
0.341263
0.319575
0.31485
0.246607
0.227888
0.220013
0.23402
0.103656
0.1311
0.0675345
0.0710712
0.042591
0.0959347
0.0656206
0.357824
0.333399
0.317989
0.357677
0.333407
0.365501
0.271237
0.270012
0.189584
0.206431
0.188064
0.227181
0.263192
0.298306
0.275112
0.294488
0.369166
0.318557
0.291836
0.138523
0.142911
0.162696
0.347179
0.330288
0.34664
0.413484
0.398192
0.424262
0.3121
0.357747
0.363426
0.30073
0.323402
0.312968
0.414268
0.390306
0.418869
0.342222
0.374717
0.36805
0.437738
0.419655
0.400371
0.308633
0.269862
0.287968
0.301934
0.28403
0.297262
0.282262
0.29384
0.319863
0.340524
0.335841
0.381802
0.365224
0.398606
0.347755
0.363662
0.374259
0.315815
0.293179
0.305131
0.382672
0.387086
0.421549
0.363183
0.39375
0.387434
0.417457
0.431656
0.460672
0.345341
0.319519
0.312345
0.072778
0.0484795
0.0648001
0.0352872
0.0412267
0.0406109
0.023911
0.0240778
0.0171046
0.0120308
0.0235475
0.0153455
0.258178
0.390452
0.401363
0.38922
0.35088
0.46026
0.424153
0.428737
0.399123
0.43833
0.323859
0.3914
0.304015
0.310378
0.384863
0.403316
0.371054
0.367492
0.373737
0.320015
0.343741
0.248238
0.351828
0.349661
0.327319
0.237365
0.378998
0.369393
0.357024
0.287052
0.315981
0.329309
0.346571
0.159236
0.128756
0.292181
0.288842
0.15503
0.17961
0.180814
0.378563
0.063479
0.0705359
0.0370697
0.0607471
0.0437897
0.0290585
0.0177367
0.0115002
0.357535
0.444125
0.450089
0.427691
0.445075
0.438868
0.448715
0.438658
0.344954
0.333255
0.34925
0.370513
0.384183
0.412038
0.447013
0.467739
0.444351
0.474704
0.518655
0.488737
0.513918
0.462656
0.481408
0.447421
0.452186
0.390521
0.439007
0.434139
0.430641
0.416341
0.419539
0.419698
0.396466
0.443828
0.48192
0.4812
0.361886
0.363803
0.41888
0.43151
0.396965
0.387247
0.445153
0.516657
0.473002
0.505452
0.437677
0.415299
0.394045
0.401926
0.425782
0.380559
0.414631
0.380135
0.374371
0.373056
0.434949
0.523643
0.419424
0.401847
0.381302
0.49539
0.508405
0.405761
0.464087
0.554013
0.520767
0.489293
0.206725
0.347309
0.596699
0.613356
0.626253
0.581501
0.566968
0.567109
0.592618
0.563856
0.571563
0.587216
0.56355
0.584925
0.622096
0.601254
0.605286
0.647971
0.641992
0.707624
0.709386
0.730506
0.679306
0.707536
0.543906
0.648951
0.659238
0.64762
0.632219
0.733774
0.731082
0.63778
0.618227
0.559588
0.542293
0.654793
0.681429
0.712064
0.659933
0.608061
0.567884
0.583534
0.68206
0.650348
0.630717
0.61799
0.600714
0.714198
0.710489
0.644937
0.622651
0.61795
0.736702
0.762587
0.744541
0.732494
0.726891
0.748089
0.636811
0.612114
0.641149
0.581388
0.555239
0.568261
0.554692
0.530617
0.655411
0.634569
0.677397
0.612488
0.623191
0.662815
0.706142
0.718617
0.773667
0.766789
0.714499
0.728132
0.687515
0.67551
0.715018
0.737192
0.740717
0.647227
0.62316
0.629801
0.657519
0.665471
0.739449
0.748006
0.730057
0.70206
0.715457
0.732555
0.652297
0.671805
0.644185
0.639775
0.61639
0.673412
0.588804
0.801733
0.780306
0.802458
0.757104
0.750413
0.773344
0.792532
0.796811
0.704642
0.69954
0.722008
0.731997
0.711768
0.707279
0.701303
0.653737
0.634857
0.668534
0.704843
0.596937
0.60709
0.581962
0.607874
0.624911
0.587521
0.550078
0.567184
0.804606
0.807657
0.813905
0.649486
0.664143
0.653986
0.67036
0.72623
0.727726
0.733078
0.780753
0.756385
0.761562
0.740028
0.721681
0.707741
0.705836
0.685993
0.67097
0.677377
0.672909
0.664148
0.687556
0.701101
0.61145
0.627886
0.608217
0.632365
0.641358
0.688443
0.744088
0.66987
0.647147
0.69517
0.681716
0.707117
0.726264
0.737871
0.75863
0.751282
0.765748
0.754899
0.604022
0.578247
0.567297
0.608786
0.780031
0.756011
0.782846
0.728181
0.724997
0.622616
0.787793
0.787255
0.766407
0.751545
0.696649
0.662152
0.672151
0.646388
0.628821
0.780899
0.772152
0.773793
0.764307
0.774903
0.763551
0.691405
0.705238
0.72593
0.70481
0.702224
0.673626
0.635068
0.738605
0.727499
0.798319
0.791438
0.766803
0.742944
0.733098
0.759178
0.734995
0.773558
0.770855
0.773058
0.773416
0.694313
0.680177
0.696599
0.687871
0.685216
0.69449
0.762527
0.663469
0.636929
0.65716
0.797613
0.610778
0.755063
0.716708
0.74681
0.519471
0.760581
0.752087
0.740335
0.720246
0.599171
0.832569
0.836934
0.805038
0.889251
0.879604
0.861662
0.850006
0.830103
0.848704
0.873662
0.85857
0.863896
0.768729
0.776326
0.758072
0.782802
0.778524
0.763608
0.79426
0.779251
0.766411
0.837592
0.869037
0.840614
0.867059
0.89982
0.889418
0.747722
0.759048
0.929267
0.91887
0.921166
0.913198
0.929278
0.848171
0.863179
0.852524
0.848602
0.837229
0.897241
0.909681
0.798562
0.818689
0.805386
0.781586
0.804153
0.76316
0.772274
0.761187
0.75705
0.830823
0.84671
0.906066
0.898179
0.904655
0.796471
0.81474
0.888779
0.901028
0.902022
0.906842
0.897996
0.894387
0.897752
0.839861
0.858116
0.869723
0.906933
0.91417
0.796179
0.817967
0.742857
0.744202
0.829325
0.838481
0.814969
0.823841
0.826925
0.825198
0.801607
0.845777
0.831708
0.842764
0.813377
0.80223
0.902843
0.884769
0.892191
0.879093
0.900269
0.895261
0.924933
0.919515
0.806407
0.78821
0.825142
0.904748
0.776237
0.795299
0.820989
0.89202
0.913882
0.856222
0.837329
0.861963
0.884173
0.860462
0.836374
0.865932
0.850926
0.817383
0.81753
0.867261
0.892086
0.886875
0.861919
0.879112
0.861639
0.87522
0.818737
0.735407
0.723236
0.713617
0.720508
0.672591
0.80808
0.707899
0.696572
0.537336
0.521084
0.592705
0.563494
0.583045
0.547642
0.536982
0.586795
0.510697
0.497632
0.491128
0.536842
0.517656
0.558247
0.50024
