# DS1
# Number of vertices: 882, Number of faces: 1760
# Preprocessing time: 0.00135479
# Query time: 3.42064
0.227339
0.268141
0.161939
0.286848
0.356941
0.348446
0.241321
0.292847
0.302441
0.244922
0.291685
0.209034
0.103363
0.0409025
0.246598
0.407053
0
0.279627
0.186999
0.310454
0.354305
0.298548
0.401445
0.334644
0.408951
0.446725
0.367112
0.349447
0.209978
0.319385
0.324954
0.364894
0.403398
0.366808
0.307908
0.43111
0.306591
0.120377
0.0501046
0.0530234
0.0248488
0.403205
0.397622
0.293198
0.362316
0.346439
0.389335
0.37919
0.21947
0.343629
0.349097
0.37255
0.376749
0.335349
0.162563
0.093279
0.270284
0.2156
0.163342
0.112513
0.0836827
0.0433018
0.03505
0.347032
0.391445
0.428251
0.333886
0.408722
0.338534
0.495736
0.493878
0.422229
0.427978
0.43536
0.335825
0.295442
0.445018
0.40812
0.439268
0.40783
0.476171
0.408035
0.427567
0.454469
0.393222
0.462501
0.480352
0.259677
0.0286864
0.462056
0.457858
0.446602
0.57542
0.597636
0.625551
0.600884
0.688841
0.74545
0.690498
0.653229
0.740818
0.662752
0.641795
0.641205
0.705238
0.657087
0.653453
0.609743
0.581575
0.543461
0.731671
0.772515
0.780423
0.695213
0.694794
0.688902
0.787697
0.689077
0.643794
0.702102
0.661271
0.6355
0.74564
0.727787
0.705577
0.616848
0.612819
0.735905
0.748506
0.753786
0.71952
0.685325
0.615057
0.81073
0.727383
0.785951
0.68795
0.795529
0.771368
0.63327
0.793968
0.740648
0.734922
0.770512
0.691437
0.680644
0.793158
0.786938
0.599717
0.781033
0.554094
0.664069
0.602554
0.759407
0.665439
0.644115
0.776928
0.731257
0.740592
0.765609
0.681448
0.826981
0.741418
0.817821
0.68239
0.612744
0.893328
0.919922
0.918207
0.844871
0.766702
0.778064
0.819766
0.800056
0.92247
0.928863
0.950822
0.776741
0.833867
0.920093
0.908927
0.928035
0.889334
0.909909
0.880013
0.868067
0.818308
0.795757
0.891087
0.933144
0.835599
0.876999
0.9367
0.863467
0.784212
0.823097
0.804944
0.847057
0.832023
0.870581
0.864039
0.863812
0.8854
0.852702
0.897322
0.907648
0.854111
0.825716
0.767641
0.737143
0.735257
0.691026
0.799003
0.737432
0.470078
0.53731
0.55274
0.482597
0.518342
0.58518
0.549739
0.556181
0.210527
0.181535
0.187061
0.24
0.248339
0.213737
0.264038
0.285994
0.258606
0.197358
0.214369
0.225142
0.257468
0.246578
0.276585
0.288871
0.271412
0.240613
0.30881
0.314421
0.275115
0.143248
0.171591
0.258966
0.230555
0.338529
0.316809
0.309545
0.288609
0.265266
0.0728623
0.113246
0.0727959
0.132113
0.117051
0.0984094
0.0896699
0.121302
0.34949
0.335298
0.324638
0.371632
0.37255
0.239506
0.26801
0.327742
0.350277
0.332922
0.321217
0.340698
0.296028
0.291733
0.304438
0.321806
0.338769
0.321543
0.402019
0.438528
0.435611
0.179659
0.199634
0.157715
0.217974
0.349534
0.324491
0.318743
0.249066
0.230319
0.223566
0.234791
0.106367
0.134486
0.071627
0.0740654
0.0466767
0.100082
0.0695173
0.365937
0.340262
0.32398
0.366014
0.338586
0.371039
0.274557
0.273033
0.192725
0.210585
0.193018
0.232037
0.2687
0.29919
0.280699
0.302733
0.376629
0.324986
0.297905
0.143119
0.147516
0.167717
0.358312
0.340771
0.358291
0.424684
0.409274
0.437383
0.320983
0.367261
0.370617
0.310111
0.332932
0.323742
0.424244
0.402838
0.430929
0.349967
0.386358
0.376195
0.450165
0.432496
0.410901
0.320163
0.278313
0.298451
0.30466
0.286179
0.298273
0.285225
0.302571
0.328601
0.349634
0.345409
0.392657
0.375526
0.410362
0.357686
0.373902
0.385604
0.317482
0.293784
0.308453
0.384787
0.390149
0.425164
0.363702
0.39735
0.392483
0.422714
0.438368
0.46799
0.344058
0.323762
0.318022
0.0734216
0.0501919
0.0648746
0.0369085
0.0420334
0.0407889
0.0268591
0.0269694
0.0171046
0.0120308
0.0248388
0.0153455
0.25969
0.39871
0.409751
0.397426
0.358186
0.471573
0.434301
0.438176
0.407814
0.447021
0.32496
0.397369
0.309027
0.315715
0.390634
0.411211
0.377768
0.377831
0.3841
0.32318
0.348847
0.254948
0.361815
0.358691
0.335578
0.244033
0.391188
0.37166
0.359729
0.287813
0.318107
0.331152
0.348793
0.162454
0.132917
0.301784
0.297481
0.159264
0.185204
0.186714
0.385631
0.0643924
0.0740934
0.0408499
0.0621051
0.0441198
0.0293886
0.0177367
0.0115002
0.369008
0.457434
0.461321
0.439161
0.456216
0.45126
0.46099
0.451881
0.347293
0.334527
0.352719
0.377401
0.392171
0.42004
0.45403
0.473627
0.449315
0.478081
0.52464
0.495117
0.518605
0.470215
0.488884
0.453987
0.459669
0.397276
0.446018
0.440235
0.438824
0.424568
0.426623
0.426914
0.403911
0.452312
0.491814
0.489523
0.367557
0.370689
0.425925
0.438843
0.403907
0.394408
0.453021
0.52496
0.480724
0.512961
0.446689
0.424877
0.402538
0.406557
0.428858
0.381542
0.415612
0.381109
0.375011
0.381093
0.435726
0.530338
0.42668
0.409423
0.384056
0.501779
0.514637
0.41053
0.473095
0.562369
0.529396
0.499111
0.212626
0.357284
0.613978
0.631048
0.642451
0.598638
0.583484
0.582313
0.607862
0.581811
0.587326
0.605471
0.577992
0.599697
0.637405
0.616298
0.620558
0.663353
0.657503
0.723994
0.725271
0.746888
0.695981
0.724171
0.558734
0.663723
0.67462
0.66391
0.648183
0.749295
0.747882
0.653707
0.633931
0.574281
0.557253
0.670652
0.697465
0.728005
0.675305
0.622834
0.581331
0.598341
0.697863
0.665916
0.645489
0.633777
0.618404
0.729938
0.727141
0.653132
0.626778
0.622871
0.756267
0.777071
0.758836
0.747204
0.740177
0.76173
0.649628
0.625215
0.654382
0.59307
0.566385
0.577763
0.569581
0.541776
0.668113
0.648454
0.699979
0.627313
0.643071
0.677722
0.722565
0.735187
0.796438
0.781554
0.72989
0.751544
0.702768
0.691755
0.727326
0.750182
0.753392
0.654483
0.629673
0.639487
0.669298
0.672729
0.754286
0.763856
0.745673
0.715673
0.730686
0.749459
0.664896
0.685571
0.65507
0.65235
0.627044
0.688975
0.60253
0.815043
0.79199
0.815063
0.769964
0.762066
0.785785
0.804753
0.809445
0.716622
0.711075
0.733572
0.740234
0.725545
0.716799
0.714336
0.664634
0.647579
0.682075
0.718539
0.608478
0.620392
0.595215
0.622673
0.642031
0.60433
0.56318
0.583062
0.816962
0.821135
0.82648
0.660418
0.673534
0.666781
0.679883
0.739751
0.740571
0.746289
0.794586
0.769375
0.777546
0.751846
0.732632
0.718974
0.715899
0.697979
0.682352
0.688788
0.684814
0.676329
0.69731
0.713211
0.627511
0.644187
0.623386
0.647917
0.658184
0.705185
0.761014
0.686791
0.663401
0.712118
0.697996
0.722688
0.742859
0.752648
0.773466
0.766231
0.780888
0.77269
0.608333
0.589344
0.571983
0.622406
0.795147
0.776948
0.801897
0.748791
0.739521
0.637236
0.801435
0.799693
0.779568
0.763103
0.709012
0.672163
0.682163
0.656056
0.638147
0.796011
0.787252
0.788884
0.780357
0.790595
0.779202
0.707432
0.719301
0.740028
0.718806
0.716888
0.688253
0.649521
0.752854
0.740666
0.817068
0.807409
0.781226
0.756714
0.747006
0.772053
0.748166
0.789476
0.78679
0.788164
0.788443
0.706688
0.690473
0.709437
0.696486
0.693353
0.705237
0.779706
0.673203
0.646563
0.6739
0.811181
0.620411
0.77009
0.729391
0.759242
0.534299
0.775931
0.767148
0.755303
0.735022
0.615883
0.849917
0.854273
0.822111
0.907225
0.896525
0.87931
0.868132
0.848609
0.867343
0.891717
0.877136
0.883152
0.786431
0.793009
0.774933
0.798322
0.793027
0.777957
0.810878
0.797468
0.783714
0.856367
0.885091
0.858319
0.882935
0.91447
0.904383
0.762391
0.773716
0.945871
0.938327
0.940005
0.930991
0.946352
0.867454
0.881847
0.869696
0.866255
0.854636
0.915471
0.927472
0.816737
0.836532
0.823425
0.798009
0.820654
0.78004
0.789421
0.778678
0.7717
0.847739
0.864487
0.925077
0.916994
0.922964
0.814451
0.831971
0.907765
0.920115
0.921458
0.925911
0.916896
0.912522
0.915886
0.857915
0.876105
0.888095
0.92593
0.932387
0.813102
0.834932
0.758464
0.758497
0.847215
0.85755
0.83444
0.842091
0.845976
0.841412
0.816752
0.863235
0.84984
0.86263
0.827892
0.820474
0.921905
0.901002
0.909697
0.8969
0.920381
0.91348
0.94271
0.937291
0.825364
0.80477
0.843353
0.923004
0.79316
0.812406
0.838498
0.909764
0.933022
0.872879
0.853958
0.87971
0.903027
0.87768
0.85349
0.883845
0.871693
0.834448
0.834253
0.884368
0.910039
0.904454
0.879836
0.896853
0.879372
0.893971
0.835721
0.7501
0.736875
0.727485
0.734293
0.685432
0.825267
0.721596
0.710423
0.54363
0.530745
0.599027
0.569816
0.590918
0.552723
0.543378
0.597141
0.519117
0.510047
0.503669
0.548201
0.529776
0.569157
0.511589
