# DS1
# Number of vertices: 882, Number of faces: 1760
# Preprocessing time: 0.00848492
# Query time: 0.000833042
0.224756
0.267713
0.160303
0.282747
0.353318
0.344193
0.237027
0.288098
0.297118
0.241805
0.28911
0.208016
0.102834
0.0409025
0.245669
0.401275
0
0.272508
0.183881
0.305821
0.34947
0.294254
0.397233
0.329885
0.40052
0.438846
0.366311
0.349444
0.209978
0.31472
0.31939
0.358352
0.397571
0.366435
0.307918
0.426101
0.306163
0.120377
0.0523162
0.0538452
0.0248488
0.397508
0.390928
0.292362
0.359741
0.3462
0.384663
0.374587
0.217949
0.337287
0.341616
0.367943
0.37096
0.329926
0.160339
0.0962168
0.265526
0.210662
0.160786
0.110177
0.083684
0.0433018
0.0349079
0.340779
0.384338
0.419395
0.326779
0.408352
0.338323
0.49067
0.487856
0.417477
0.425108
0.436333
0.335835
0.294754
0.439595
0.409185
0.441028
0.407917
0.473846
0.408045
0.427273
0.448399
0.387314
0.458454
0.477072
0.259687
0.0286864
0.454778
0.451945
0.439495
0.564754
0.591366
0.616468
0.589581
0.682269
0.740613
0.684137
0.646761
0.734491
0.65761
0.635222
0.635042
0.698666
0.650913
0.648312
0.604197
0.573251
0.533664
0.722903
0.759961
0.774479
0.689999
0.686966
0.682229
0.779534
0.680431
0.63854
0.69408
0.65102
0.627919
0.741541
0.720435
0.699067
0.610511
0.603023
0.725562
0.739627
0.74888
0.707287
0.673904
0.607312
0.805401
0.719478
0.777306
0.681799
0.788456
0.763801
0.627257
0.786001
0.732002
0.726276
0.765199
0.685372
0.673853
0.785591
0.778916
0.589699
0.774165
0.546349
0.653945
0.591935
0.752055
0.657518
0.633747
0.769952
0.724577
0.734008
0.75807
0.671081
0.821708
0.736136
0.810544
0.674636
0.605581
0.883122
0.913456
0.908205
0.835995
0.760021
0.772041
0.809675
0.791603
0.91187
0.918585
0.941719
0.77041
0.823467
0.910442
0.899556
0.91932
0.878912
0.900928
0.869489
0.855572
0.811017
0.789308
0.881849
0.925292
0.827358
0.866398
0.926716
0.852924
0.772939
0.812053
0.794199
0.836374
0.821733
0.862804
0.854262
0.849752
0.876
0.843305
0.887551
0.897076
0.843654
0.814581
0.759648
0.72915
0.729196
0.681134
0.788546
0.730983
0.462317
0.531331
0.545851
0.476929
0.51108
0.581109
0.544072
0.553046
0.209951
0.180836
0.185537
0.239572
0.245887
0.212351
0.261455
0.282323
0.255246
0.192908
0.211252
0.219263
0.250973
0.240689
0.272199
0.282376
0.265774
0.235675
0.30169
0.307691
0.272664
0.142626
0.171591
0.255346
0.226935
0.333399
0.313186
0.304761
0.284989
0.260972
0.071414
0.10959
0.0691053
0.129432
0.116174
0.0957197
0.0912626
0.120711
0.34577
0.330768
0.32034
0.367947
0.368296
0.235208
0.263713
0.323196
0.34441
0.328651
0.316262
0.335634
0.293755
0.291305
0.303075
0.320869
0.332409
0.315886
0.398919
0.43505
0.433328
0.177348
0.196014
0.154095
0.213676
0.344332
0.321916
0.315696
0.248564
0.229742
0.222755
0.234791
0.105477
0.134306
0.0729203
0.0727617
0.0479699
0.101375
0.0718112
0.362325
0.335495
0.32036
0.359915
0.335208
0.367661
0.273146
0.273399
0.192241
0.208924
0.190338
0.229951
0.267679
0.301661
0.277303
0.297133
0.373242
0.320733
0.293607
0.1403
0.144375
0.164307
0.353554
0.335768
0.353638
0.415866
0.400434
0.427859
0.314914
0.361601
0.366087
0.305328
0.328151
0.316717
0.417138
0.3934
0.422637
0.345364
0.381134
0.372178
0.44199
0.424455
0.406988
0.313617
0.273029
0.293693
0.304269
0.284904
0.298283
0.284742
0.296938
0.322968
0.345226
0.341415
0.383746
0.367956
0.401475
0.354647
0.36809
0.379125
0.317271
0.2942
0.308
0.384033
0.39024
0.426295
0.363458
0.397055
0.392272
0.422503
0.434157
0.464998
0.347531
0.324931
0.316351
0.0734216
0.0512724
0.0671435
0.0372712
0.0420334
0.0418383
0.0288139
0.0285177
0.0171046
0.0120308
0.0262065
0.0153455
0.259207
0.395098
0.40703
0.391729
0.354505
0.463124
0.426541
0.432171
0.404436
0.443643
0.322379
0.394277
0.305616
0.315183
0.388059
0.406908
0.372273
0.370257
0.378663
0.321187
0.3445
0.25054
0.355631
0.354204
0.332086
0.240564
0.38494
0.370605
0.360014
0.287823
0.316909
0.331685
0.347738
0.162275
0.132389
0.29712
0.291907
0.156583
0.18321
0.182696
0.379689
0.0643928
0.0714566
0.0370717
0.0621782
0.0441198
0.0293886
0.0177367
0.0115002
0.359813
0.448717
0.455078
0.431115
0.448787
0.442389
0.452265
0.44331
0.346012
0.334556
0.352508
0.376757
0.386622
0.41609
0.451218
0.467666
0.442807
0.471523
0.518965
0.489625
0.512614
0.464858
0.484436
0.451578
0.455211
0.394451
0.446167
0.440344
0.438998
0.424767
0.428022
0.426835
0.403267
0.446224
0.485021
0.483651
0.360554
0.365559
0.42003
0.433898
0.398776
0.389791
0.447502
0.520943
0.475327
0.511672
0.442894
0.420148
0.397998
0.408709
0.430705
0.381552
0.415622
0.381119
0.37709
0.381175
0.436839
0.526217
0.422439
0.403335
0.378634
0.495488
0.507319
0.404021
0.469718
0.55623
0.525178
0.495098
0.208608
0.350178
0.603944
0.620807
0.633586
0.588731
0.574127
0.573922
0.599471
0.574067
0.580163
0.59592
0.571416
0.593122
0.630901
0.609794
0.614288
0.656781
0.650999
0.71819
0.718855
0.740018
0.690513
0.71781
0.550343
0.657148
0.669114
0.654845
0.639625
0.743149
0.742359
0.647535
0.626204
0.564076
0.54783
0.664621
0.691224
0.722069
0.668732
0.616258
0.571535
0.588436
0.691514
0.659454
0.638914
0.627086
0.607179
0.723619
0.721232
0.651291
0.624978
0.61854
0.748689
0.772316
0.749815
0.741673
0.734585
0.756138
0.642956
0.618234
0.647402
0.586089
0.559404
0.572436
0.559231
0.534778
0.662809
0.639077
0.687645
0.619218
0.633301
0.66675
0.712406
0.723675
0.783549
0.77576
0.723188
0.738974
0.693332
0.684312
0.720199
0.743055
0.746765
0.648118
0.622841
0.633312
0.663143
0.666892
0.746719
0.755482
0.737299
0.710247
0.723257
0.741233
0.659304
0.676852
0.649864
0.64481
0.621791
0.681995
0.592048
0.806956
0.783344
0.807627
0.761886
0.75342
0.778055
0.796776
0.802042
0.707976
0.702429
0.724927
0.738393
0.720553
0.712455
0.708744
0.657387
0.639597
0.67259
0.708387
0.600371
0.611012
0.58504
0.612717
0.633248
0.595544
0.553006
0.573307
0.810258
0.813137
0.82047
0.653541
0.667213
0.661568
0.675775
0.732399
0.7358
0.740709
0.786617
0.762248
0.766728
0.745521
0.726033
0.713349
0.709085
0.692816
0.674512
0.680858
0.675739
0.666977
0.690495
0.705789
0.617144
0.633634
0.613362
0.638025
0.647049
0.694973
0.751275
0.675698
0.653034
0.701335
0.687629
0.712796
0.7328
0.744801
0.765619
0.758384
0.773151
0.762469
0.605959
0.581852
0.568511
0.614915
0.789958
0.76376
0.790004
0.735597
0.728616
0.626301
0.793157
0.792494
0.770638
0.754457
0.703502
0.666148
0.676148
0.649265
0.631019
0.788743
0.779685
0.78137
0.773573
0.786201
0.771423
0.700452
0.712897
0.73443
0.712585
0.709041
0.680367
0.642021
0.744186
0.735086
0.805484
0.796273
0.774079
0.750265
0.739859
0.766869
0.743189
0.781696
0.778607
0.780171
0.780852
0.698783
0.683149
0.702672
0.690752
0.687258
0.698254
0.768536
0.666388
0.639748
0.663687
0.804299
0.613597
0.762499
0.72381
0.750844
0.525907
0.768096
0.760639
0.747467
0.727175
0.606294
0.840307
0.843831
0.812041
0.896411
0.886748
0.868496
0.859299
0.839265
0.858
0.879777
0.865877
0.870011
0.777865
0.786214
0.767081
0.792682
0.786795
0.772365
0.804434
0.789993
0.777062
0.847091
0.880224
0.85273
0.873967
0.906809
0.897168
0.755806
0.767131
0.93574
0.929262
0.930799
0.921587
0.936156
0.853808
0.871307
0.860215
0.855691
0.844271
0.905264
0.917235
0.807822
0.827211
0.813025
0.788611
0.811257
0.770021
0.779131
0.766888
0.762822
0.836923
0.85428
0.91673
0.906421
0.913965
0.806068
0.825779
0.896318
0.908763
0.912582
0.916383
0.909122
0.901749
0.905113
0.848345
0.86662
0.878689
0.917215
0.923039
0.802279
0.825049
0.752429
0.752905
0.83638
0.845234
0.824035
0.832567
0.831953
0.834092
0.808372
0.853445
0.839061
0.852959
0.820745
0.812998
0.913704
0.890402
0.900249
0.886327
0.910933
0.903736
0.932789
0.927187
0.811245
0.793727
0.832783
0.914723
0.782415
0.801466
0.827849
0.898991
0.921677
0.865834
0.846813
0.871375
0.894505
0.868628
0.84449
0.873056
0.859723
0.823991
0.824384
0.87712
0.899274
0.895727
0.869676
0.88608
0.868599
0.882361
0.824992
0.742107
0.730545
0.720403
0.727082
0.67984
0.814328
0.713602
0.703111
0.536569
0.524892
0.592186
0.562975
0.584159
0.547055
0.539803
0.590744
0.51345
0.502287
0.495248
0.539945
0.521332
0.561242
0.503909
