# DS1
# Number of vertices: 882, Number of faces: 1760
# Preprocessing time: 0.000760083
# Query time: 7.3833e-05
0.227376
0.270225
0.165202
0.288579
0.35915
0.351082
0.243916
0.302692
0.306224
0.246762
0.291729
0.212915
0.104858
0.0409025
0.250766
0.419523
0
0.293241
0.188839
0.312849
0.361527
0.301143
0.404122
0.344846
0.425822
0.464791
0.372179
0.349993
0.209978
0.329681
0.337475
0.380889
0.420108
0.367226
0.307918
0.438866
0.308676
0.120377
0.0544278
0.0538452
0.0248488
0.411965
0.407748
0.300915
0.362361
0.355281
0.404726
0.402543
0.223306
0.354246
0.36132
0.382904
0.385416
0.341534
0.164058
0.0986062
0.280486
0.225623
0.168182
0.114645
0.083684
0.0433018
0.03505
0.36411
0.405071
0.445671
0.347512
0.413025
0.34248
0.505251
0.504795
0.427561
0.431545
0.441006
0.335835
0.297634
0.451202
0.409185
0.445753
0.412073
0.480283
0.408045
0.428063
0.463708
0.40244
0.465343
0.490322
0.259687
0.0286864
0.481118
0.477296
0.460228
0.589858
0.612515
0.639651
0.616138
0.703419
0.761762
0.705287
0.667052
0.75564
0.679812
0.656372
0.656192
0.719816
0.664721
0.669963
0.621614
0.596297
0.558935
0.748778
0.798321
0.799624
0.707416
0.71473
0.704014
0.804343
0.70524
0.655956
0.719591
0.676895
0.647464
0.765255
0.744148
0.720523
0.624319
0.628293
0.756832
0.76698
0.766296
0.74328
0.702717
0.6268
0.830396
0.744623
0.802115
0.695607
0.816413
0.791759
0.649957
0.811192
0.756811
0.751085
0.7993
0.70637
0.702466
0.813549
0.811728
0.620153
0.798766
0.565837
0.683292
0.621086
0.775769
0.678516
0.664649
0.7938
0.758678
0.757507
0.781919
0.701983
0.848029
0.757286
0.835353
0.696369
0.625069
0.914601
0.944935
0.94417
0.871079
0.785667
0.793826
0.836461
0.823953
0.947321
0.954037
0.975859
0.79391
0.857373
0.945532
0.93665
0.954771
0.912944
0.932517
0.903351
0.891549
0.844851
0.821639
0.924062
0.957004
0.860016
0.901849
0.958195
0.886956
0.806802
0.845915
0.828104
0.870236
0.853003
0.90137
0.889351
0.897343
0.912027
0.87976
0.924605
0.932527
0.875243
0.848443
0.787605
0.757107
0.75098
0.711588
0.820135
0.773194
0.481805
0.548342
0.559659
0.492517
0.531035
0.59812
0.559659
0.563869
0.212392
0.183278
0.190435
0.242085
0.249491
0.214699
0.264074
0.28805
0.259493
0.204121
0.21621
0.234627
0.267494
0.259212
0.278782
0.298896
0.284297
0.250635
0.322423
0.325788
0.276267
0.144649
0.171591
0.260304
0.231893
0.34381
0.319018
0.313913
0.289947
0.267861
0.0737955
0.114548
0.0740631
0.134789
0.118265
0.101077
0.094078
0.123341
0.352263
0.339587
0.326832
0.37444
0.375185
0.241701
0.270205
0.334072
0.359546
0.344923
0.331836
0.35372
0.297358
0.293818
0.308634
0.328076
0.351156
0.332325
0.410647
0.450368
0.444294
0.179696
0.200972
0.159053
0.220169
0.354839
0.324535
0.321258
0.251005
0.232183
0.227889
0.234791
0.1075
0.13633
0.0736661
0.074785
0.0487157
0.102121
0.0739228
0.367283
0.347186
0.325318
0.374907
0.340935
0.373388
0.280924
0.275841
0.194731
0.21288
0.195695
0.235309
0.273671
0.30641
0.282842
0.30788
0.38497
0.327622
0.3001
0.146478
0.149333
0.172895
0.368515
0.356497
0.374881
0.439296
0.423864
0.455773
0.329698
0.381341
0.380243
0.3209
0.343723
0.335191
0.437871
0.418989
0.448227
0.363067
0.400208
0.389406
0.46758
0.449757
0.426132
0.332335
0.288602
0.308654
0.307148
0.287784
0.298283
0.286253
0.315461
0.341492
0.364105
0.3595
0.407177
0.389449
0.425859
0.372733
0.392227
0.401663
0.321428
0.300899
0.315951
0.385915
0.394273
0.427276
0.366514
0.397846
0.396429
0.42666
0.441046
0.471888
0.350253
0.327877
0.319954
0.0734216
0.0512724
0.0702003
0.0372712
0.0420334
0.0457302
0.0288139
0.0285177
0.0171046
0.0120308
0.0262065
0.0153455
0.260717
0.400056
0.413723
0.406186
0.366233
0.484273
0.446029
0.448991
0.410163
0.44937
0.333125
0.401617
0.311343
0.324264
0.390678
0.422839
0.389811
0.384947
0.406347
0.336377
0.364699
0.262977
0.381043
0.379795
0.354533
0.252869
0.402273
0.372487
0.360564
0.287823
0.318792
0.331685
0.34962
0.164298
0.134412
0.31208
0.309993
0.16194
0.188567
0.193626
0.397937
0.0643928
0.0759247
0.0420294
0.0621782
0.0441198
0.0293886
0.0177367
0.0115002
0.385207
0.477992
0.475811
0.4549
0.472166
0.467988
0.477864
0.46965
0.349068
0.334556
0.356665
0.38143
0.397847
0.431844
0.464571
0.483672
0.458812
0.485691
0.535599
0.505631
0.529625
0.478152
0.492635
0.458015
0.463409
0.400283
0.446957
0.444501
0.447287
0.429441
0.434034
0.431508
0.40794
0.462536
0.503282
0.499964
0.37568
0.375969
0.435157
0.444309
0.409187
0.397434
0.459327
0.534643
0.489026
0.518669
0.452825
0.430079
0.412454
0.412826
0.430705
0.381552
0.415622
0.381119
0.381206
0.385332
0.436839
0.538971
0.430082
0.419648
0.390241
0.508333
0.524906
0.420027
0.475445
0.573198
0.535607
0.502829
0.219538
0.370911
0.628022
0.646891
0.657406
0.613836
0.596548
0.595071
0.620621
0.593555
0.599651
0.619109
0.592566
0.614272
0.65205
0.630943
0.635437
0.677931
0.672149
0.73934
0.740005
0.763881
0.716695
0.73896
0.571493
0.678298
0.690264
0.680355
0.661985
0.764298
0.763509
0.669738
0.647354
0.591989
0.570251
0.685771
0.712374
0.743219
0.689882
0.637408
0.596805
0.616348
0.712664
0.680604
0.660064
0.647377
0.633736
0.744769
0.742382
0.672171
0.643431
0.638685
0.777076
0.791486
0.777399
0.775775
0.763063
0.784616
0.66474
0.640019
0.669186
0.607874
0.581189
0.588023
0.58923
0.556563
0.685769
0.676879
0.721908
0.652728
0.658571
0.697281
0.742568
0.757224
0.825406
0.802303
0.749725
0.777334
0.719207
0.71071
0.745344
0.7682
0.771911
0.666074
0.640796
0.64712
0.676951
0.685296
0.774677
0.783516
0.765333
0.732427
0.748903
0.76731
0.687782
0.703022
0.677211
0.666177
0.639207
0.703779
0.621073
0.831765
0.808153
0.832436
0.787077
0.778229
0.802864
0.821585
0.826851
0.732785
0.727238
0.749736
0.759583
0.737969
0.733646
0.737222
0.679898
0.664472
0.700906
0.738686
0.622383
0.636823
0.608948
0.637983
0.659647
0.621943
0.576913
0.599705
0.835252
0.841251
0.845279
0.675396
0.699296
0.678984
0.700175
0.756113
0.759514
0.764883
0.81541
0.787393
0.798271
0.763899
0.743372
0.734805
0.726424
0.713913
0.695509
0.703358
0.700708
0.691945
0.707834
0.729502
0.648046
0.666349
0.642609
0.66848
0.681077
0.727688
0.784413
0.709727
0.683936
0.735363
0.718531
0.74325
0.765722
0.76865
0.789468
0.782233
0.797
0.793461
0.620483
0.601304
0.583035
0.638112
0.819972
0.802748
0.832706
0.774585
0.761908
0.656559
0.821271
0.817489
0.798751
0.779266
0.7245
0.687041
0.697041
0.670164
0.650571
0.8167
0.807643
0.809327
0.801606
0.814234
0.799456
0.722236
0.734681
0.756215
0.73458
0.73289
0.704216
0.665484
0.77026
0.75926
0.848186
0.830135
0.81501
0.792476
0.780791
0.800655
0.776767
0.80973
0.80723
0.808129
0.80881
0.723929
0.721123
0.735564
0.715268
0.708448
0.721322
0.802442
0.683727
0.657087
0.696403
0.830479
0.630935
0.790457
0.747984
0.775653
0.547057
0.791944
0.784488
0.771316
0.751024
0.634206
0.871606
0.878018
0.845065
0.931348
0.921838
0.903434
0.894383
0.87317
0.891905
0.919427
0.901854
0.90966
0.808126
0.811985
0.793159
0.814467
0.809249
0.794149
0.830205
0.821167
0.802708
0.88106
0.906333
0.878501
0.915179
0.939758
0.926805
0.779306
0.796938
0.971191
0.966951
0.964036
0.958888
0.976587
0.893458
0.905338
0.895513
0.889553
0.87957
0.936743
0.953074
0.842906
0.861117
0.846931
0.822516
0.845162
0.802944
0.810401
0.80085
0.790174
0.87186
0.885759
0.952181
0.941872
0.949416
0.838726
0.85155
0.935051
0.947496
0.950762
0.9522
0.946217
0.937713
0.941078
0.882208
0.900482
0.912551
0.948804
0.957179
0.837216
0.860139
0.774213
0.774689
0.870242
0.887812
0.866154
0.871964
0.871603
0.870065
0.846519
0.892218
0.874212
0.888367
0.861677
0.844173
0.953242
0.925853
0.9357
0.921778
0.946384
0.935214
0.97339
0.964683
0.850894
0.827589
0.866814
0.950343
0.816321
0.836765
0.863147
0.934956
0.96041
0.901807
0.882786
0.909797
0.934043
0.902812
0.878615
0.910111
0.9023
0.85558
0.857169
0.910982
0.936329
0.929911
0.901265
0.922045
0.904564
0.921093
0.858854
0.770065
0.764123
0.753981
0.768013
0.708318
0.849626
0.74156
0.73594
0.554156
0.541205
0.610142
0.580931
0.597967
0.564067
0.557348
0.60809
0.529037
0.521775
0.516398
0.561732
0.543484
0.580749
0.525694
