# DS2
# Number of vertices: 3522, Number of faces: 7040
# Preprocessing time: 0
# Query time: 0.0155368
0.224391
0.266345
0.158403
0.282432
0.351816
0.34281
0.236324
0.283857
0.293795
0.239624
0.288582
0.205541
0.0996743
0.0409798
0.243563
0.399941
0
0.270534
0.182508
0.303616
0.348162
0.293386
0.395565
0.326967
0.397311
0.434099
0.364096
0.346736
0.209573
0.310579
0.316039
0.354723
0.391428
0.362838
0.306572
0.422755
0.304936
0.120279
0.0467107
0.0516769
0.0244468
0.397251
0.387923
0.287774
0.358329
0.341305
0.381217
0.368689
0.214805
0.334279
0.337936
0.364361
0.370785
0.328592
0.15901
0.0885803
0.26244
0.208627
0.158527
0.108797
0.0824486
0.0433839
0.0336465
0.337569
0.383072
0.415865
0.324776
0.404005
0.334216
0.487876
0.484882
0.415445
0.422783
0.430078
0.334537
0.292485
0.437835
0.407004
0.437382
0.402948
0.470709
0.406729
0.423278
0.445619
0.384698
0.456375
0.472603
0.258471
0.0288249
0.450411
0.447672
0.43822
0.56072
0.582883
0.612026
0.584636
0.672911
0.727976
0.673
0.635445
0.723246
0.647942
0.62566
0.625181
0.688459
0.646656
0.643918
0.596249
0.567834
0.530013
0.717359
0.754457
0.763172
0.679654
0.677674
0.674117
0.773018
0.675289
0.629458
0.688433
0.646471
0.623637
0.729287
0.714045
0.692913
0.606655
0.599223
0.718526
0.731293
0.736683
0.701714
0.66855
0.603135
0.793949
0.711759
0.771567
0.677192
0.777016
0.753488
0.618837
0.779254
0.726732
0.72098
0.752571
0.677271
0.667458
0.775435
0.769659
0.583555
0.762469
0.541868
0.647331
0.587568
0.745517
0.652272
0.627265
0.760122
0.713611
0.723911
0.748016
0.664482
0.810511
0.724174
0.803912
0.666203
0.59712
0.875616
0.901067
0.899662
0.825341
0.750743
0.763137
0.802379
0.78425
0.903831
0.909114
0.932438
0.759931
0.815246
0.902176
0.889164
0.906146
0.870209
0.891316
0.861323
0.849193
0.799745
0.778172
0.870764
0.913424
0.819079
0.858328
0.916066
0.844137
0.76647
0.805307
0.786674
0.828583
0.814306
0.851179
0.846116
0.841817
0.866144
0.835129
0.878344
0.888394
0.836683
0.807629
0.750804
0.720248
0.721005
0.674566
0.781176
0.719915
0.459278
0.528139
0.543037
0.472691
0.506511
0.576955
0.539732
0.550904
0.208078
0.179058
0.183502
0.238289
0.245298
0.211486
0.26083
0.281703
0.254758
0.191268
0.209762
0.217785
0.249097
0.238247
0.26929
0.28042
0.262994
0.233474
0.299677
0.305172
0.272091
0.140725
0.171278
0.255845
0.227527
0.33229
0.311825
0.304092
0.285356
0.260209
0.07058
0.109575
0.0692965
0.128383
0.114196
0.0949978
0.087693
0.117818
0.343835
0.328484
0.31956
0.365967
0.366696
0.234641
0.263101
0.319604
0.342352
0.322991
0.312094
0.331652
0.293225
0.289937
0.301387
0.318122
0.328468
0.312885
0.394832
0.430604
0.428582
0.177201
0.196281
0.154176
0.213178
0.34254
0.321022
0.31367
0.246408
0.227859
0.220072
0.234136
0.103782
0.130914
0.068211
0.0712088
0.0433884
0.0966305
0.0656254
0.361796
0.334274
0.320529
0.35699
0.333238
0.365792
0.269968
0.269999
0.189072
0.206481
0.189465
0.228271
0.26419
0.299465
0.27415
0.294828
0.369476
0.319367
0.29295
0.138742
0.143451
0.162646
0.350353
0.331509
0.349267
0.412666
0.397098
0.424446
0.311816
0.358176
0.363704
0.300653
0.323972
0.312398
0.415828
0.391922
0.420753
0.342271
0.378164
0.368746
0.439497
0.420791
0.402521
0.310184
0.269465
0.290566
0.301427
0.283094
0.296711
0.283799
0.29384
0.319874
0.339871
0.33604
0.380773
0.365248
0.399816
0.348271
0.363623
0.374437
0.313733
0.289625
0.3026
0.382102
0.385762
0.420103
0.360428
0.393079
0.38869
0.418975
0.432381
0.461501
0.344768
0.321182
0.314943
0.0732924
0.0489071
0.0653954
0.0351141
0.0420549
0.0414697
0.0239786
0.0244944
0.0171265
0.0124808
0.0244487
0.0153585
0.258343
0.394522
0.404534
0.391518
0.351248
0.459863
0.423344
0.428208
0.402233
0.440881
0.317698
0.390103
0.30433
0.310194
0.386584
0.404099
0.370078
0.369138
0.374506
0.317524
0.339231
0.248154
0.351344
0.349796
0.327004
0.237003
0.381673
0.368819
0.355946
0.286409
0.315449
0.328912
0.345917
0.158867
0.12917
0.293007
0.288794
0.155644
0.180979
0.181044
0.378801
0.0635721
0.0709287
0.0375041
0.0606584
0.0436732
0.0289629
0.0178906
0.0117914
0.357657
0.445499
0.452415
0.429122
0.446582
0.440038
0.450081
0.439605
0.344139
0.33182
0.349034
0.372581
0.38586
0.413431
0.447556
0.464793
0.440789
0.46953
0.515788
0.486364
0.509441
0.461745
0.482607
0.44851
0.453353
0.391986
0.441778
0.436276
0.434037
0.419072
0.423264
0.422002
0.398783
0.442776
0.480303
0.479578
0.359311
0.364349
0.417179
0.431346
0.397247
0.388279
0.445825
0.517216
0.47375
0.507613
0.442068
0.419525
0.396542
0.405158
0.428014
0.380221
0.414377
0.379832
0.375224
0.37667
0.435626
0.523513
0.420617
0.400014
0.377232
0.492836
0.50525
0.402068
0.467151
0.551164
0.520258
0.490922
0.206956
0.348952
0.599752
0.61561
0.629405
0.584374
0.568915
0.569956
0.595241
0.569927
0.571962
0.590465
0.563112
0.58434
0.621341
0.60034
0.605399
0.647261
0.641342
0.706783
0.708002
0.729702
0.678536
0.706594
0.546398
0.647646
0.65836
0.651093
0.634199
0.732609
0.730206
0.637817
0.619708
0.558231
0.543142
0.654441
0.680336
0.710902
0.658629
0.607154
0.567899
0.58215
0.680707
0.649244
0.629701
0.61653
0.601963
0.712944
0.70944
0.640704
0.620032
0.613998
0.742018
0.760073
0.745235
0.729504
0.724017
0.745467
0.635166
0.612035
0.641109
0.580085
0.553471
0.565909
0.553833
0.529087
0.657664
0.634697
0.681936
0.610864
0.628435
0.661225
0.705061
0.717079
0.777713
0.763752
0.71713
0.733577
0.688182
0.678102
0.711067
0.733902
0.736931
0.644176
0.619864
0.629069
0.658849
0.662183
0.736458
0.746844
0.728628
0.700934
0.714625
0.734569
0.649448
0.669193
0.640571
0.637469
0.612782
0.675502
0.586846
0.798322
0.778105
0.800497
0.755276
0.748217
0.771036
0.790308
0.794743
0.703023
0.697517
0.719667
0.72594
0.708865
0.705719
0.698571
0.651712
0.633806
0.667979
0.704555
0.595426
0.606304
0.581313
0.607892
0.627143
0.589487
0.54933
0.56818
0.801536
0.803935
0.811971
0.647363
0.661909
0.651267
0.666129
0.726192
0.724688
0.731853
0.776837
0.75312
0.761719
0.73592
0.719971
0.706426
0.704419
0.684411
0.668283
0.675332
0.67075
0.661353
0.686108
0.699463
0.610746
0.626936
0.606727
0.631518
0.640756
0.687855
0.743556
0.669225
0.646474
0.694535
0.681042
0.706153
0.725433
0.736277
0.756595
0.7497
0.764266
0.7533
0.599759
0.576288
0.565384
0.607167
0.777301
0.758403
0.782752
0.730114
0.722721
0.621517
0.784038
0.783832
0.763052
0.748845
0.694474
0.658907
0.669465
0.642994
0.626249
0.777951
0.769337
0.770405
0.761652
0.772153
0.76173
0.693961
0.704676
0.72461
0.702974
0.700366
0.671953
0.633376
0.737145
0.725713
0.797582
0.78934
0.76342
0.739107
0.729606
0.753943
0.730049
0.773047
0.768788
0.770677
0.770085
0.690593
0.676664
0.693008
0.685199
0.683042
0.692021
0.76097
0.66201
0.635472
0.656458
0.793704
0.609323
0.751764
0.714404
0.744627
0.522127
0.758169
0.748642
0.737522
0.718598
0.599612
0.831827
0.836195
0.804326
0.889493
0.878549
0.861534
0.848781
0.830137
0.84901
0.872938
0.857989
0.863631
0.770539
0.777813
0.759933
0.782733
0.776888
0.76196
0.795417
0.780473
0.767759
0.839486
0.870609
0.842933
0.862986
0.89552
0.887273
0.745868
0.756624
0.927923
0.918367
0.921298
0.909287
0.927878
0.847533
0.862532
0.851331
0.847603
0.835587
0.898157
0.909324
0.797291
0.817603
0.804875
0.780046
0.802904
0.76244
0.771764
0.759935
0.754601
0.830151
0.846665
0.904309
0.897929
0.901123
0.798191
0.816492
0.887531
0.899714
0.900698
0.906799
0.89717
0.894788
0.899699
0.838583
0.856692
0.86884
0.906737
0.913363
0.795556
0.817198
0.743848
0.742677
0.828635
0.836642
0.813527
0.823425
0.826045
0.821903
0.797766
0.844173
0.83026
0.842658
0.809967
0.803432
0.902282
0.882347
0.88995
0.877574
0.900439
0.892389
0.925066
0.9203
0.805499
0.78701
0.824236
0.903987
0.775026
0.792936
0.819466
0.89121
0.912664
0.853111
0.834178
0.860682
0.883644
0.859513
0.835414
0.865101
0.849097
0.816976
0.815705
0.86643
0.891255
0.885737
0.861912
0.879084
0.860981
0.874211
0.81724
0.733034
0.718593
0.709441
0.716749
0.669876
0.805878
0.704383
0.692785
0.534177
0.520151
0.58937
0.560197
0.581006
0.543654
0.535699
0.585924
0.509213
0.498697
0.491767
0.535235
0.516682
0.557357
0.49944
0.194943
0.18196
0.195282
0.241028
0.229298
0.226118
0.271102
0.269069
0.256681
0.199297
0.212036
0.204306
0.232872
0.242742
0.226905
0.273174
0.265379
0.257983
0.250548
0.247866
0.235057
0.289506
0.293597
0.302482
0.266333
0.25192
0.259586
0.160545
0.174804
0.153132
0.254739
0.241657
0.240251
0.322817
0.307502
0.317282
0.272582
0.258004
0.270255
0.0897441
0.0887673
0.0683237
0.123399
0.105172
0.112039
0.101512
0.119412
0.10401
0.335008
0.323255
0.331977
0.355109
0.354551
0.366561
0.247601
0.261743
0.248169
0.323671
0.334925
0.331235
0.319828
0.322055
0.328288
0.282976
0.279536
0.28958
0.294368
0.31193
0.303462
0.316348
0.308461
0.319524
0.411421
0.42899
0.410886
0.194666
0.171457
0.191924
0.176468
0.162978
0.186954
0.212992
0.218632
0.204663
0.331688
0.315794
0.327807
0.236718
0.22417
0.233686
0.221153
0.218715
0.231461
0.121655
0.117342
0.133865
0.0696076
0.0561756
0.0553237
0.0823145
0.067027
0.0803562
0.347268
0.326596
0.341195
0.315997
0.301771
0.298701
0.342144
0.349464
0.357908
0.258626
0.257442
0.268383
0.196168
0.21441
0.205032
0.208914
0.21691
0.196833
0.272396
0.281834
0.28427
0.284372
0.281947
0.269623
0.380217
0.367425
0.381079
0.318102
0.306636
0.305259
0.139111
0.15437
0.149182
0.339535
0.340714
0.348784
0.404827
0.411094
0.417511
0.307428
0.31551
0.30406
0.210191
0.223006
0.221815
0.350204
0.353108
0.361415
0.282572
0.266836
0.278365
0.313305
0.317114
0.304915
0.405247
0.407771
0.419411
0.332683
0.336623
0.334636
0.363747
0.374061
0.356793
0.431086
0.420944
0.43062
0.420981
0.410992
0.409404
0.321193
0.317449
0.32625
0.285584
0.280122
0.296263
0.29382
0.287569
0.302002
0.290235
0.295805
0.306711
0.296789
0.310013
0.307735
0.337872
0.328599
0.330315
0.3726
0.382312
0.389722
0.333974
0.34234
0.340274
0.357976
0.350772
0.355891
0.384284
0.375323
0.389144
0.300435
0.295384
0.306812
0.384353
0.403026
0.401416
0.371454
0.374549
0.389245
0.393326
0.405195
0.408876
0.429249
0.446204
0.445532
0.331771
0.330116
0.320388
0.304119
0.314175
0.301514
0.0895107
0.072469
0.087046
0.0545041
0.056074
0.0647153
0.0393239
0.0459836
0.0421151
0.07305
0.0546905
0.0561536
0.0353975
0.0327894
0.0289219
0.0199587
0.012122
0.0191639
0.0308003
0.0267044
0.0311892
0.0185529
0.0104025
0.0179438
0.271374
0.270427
0.282272
0.402509
0.398005
0.392758
0.335187
0.324559
0.342771
0.148513
0.1281
0.131379
0.440034
0.423209
0.44418
0.422027
0.434946
0.413469
0.32321
0.323774
0.316787
0.377731
0.394904
0.383284
0.310821
0.327186
0.31775
0.303821
0.314095
0.310227
0.398731
0.401592
0.387419
0.354711
0.36665
0.356476
0.381061
0.386502
0.376429
0.307955
0.319337
0.305621
0.31216
0.324047
0.327805
0.2469
0.238647
0.255476
0.357481
0.353016
0.366804
0.362188
0.353892
0.366188
0.337868
0.337774
0.34834
0.318748
0.310265
0.318851
0.241964
0.25311
0.258711
0.380645
0.391843
0.39144
0.360894
0.365626
0.375702
0.292453
0.292855
0.302587
0.28974
0.300182
0.306958
0.322413
0.335279
0.33095
0.246144
0.248443
0.236072
0.171829
0.173493
0.185293
0.130076
0.144661
0.144751
0.112905
0.109085
0.125774
0.302169
0.289113
0.301591
0.300103
0.300978
0.288337
0.171125
0.168152
0.184097
0.184908
0.171034
0.177276
0.359771
0.366217
0.373537
0.0783797
0.0678251
0.0839963
0.0710401
0.0549698
0.0520989
0.0605797
0.051666
0.0512949
0.0352165
0.0361947
0.0418079
0.025636
0.0114432
0.0211698
0.0219439
0.0149749
0.0239081
0.0209864
0.0184056
0.0135888
0.367756
0.376763
0.372034
0.374182
0.362256
0.378083
0.446138
0.45214
0.446925
0.278602
0.290842
0.275585
0.40902
0.423278
0.415731
0.439619
0.443195
0.434571
0.453705
0.450721
0.450094
0.445475
0.445906
0.438763
0.441921
0.435868
0.432194
0.355037
0.349565
0.35208
0.327779
0.339011
0.336117
0.360057
0.380385
0.369501
0.32266
0.329941
0.339419
0.395036
0.398667
0.407749
0.421687
0.438441
0.430197
0.454318
0.45422
0.465698
0.500406
0.498043
0.51157
0.474707
0.4746
0.46435
0.464923
0.452182
0.468427
0.376761
0.394371
0.380285
0.439878
0.436836
0.439318
0.427101
0.420522
0.429264
0.411487
0.409854
0.41989
0.461973
0.477957
0.45982
0.358881
0.348315
0.343513
0.423925
0.414402
0.406747
0.390824
0.3746
0.380636
0.447189
0.455561
0.438865
0.494563
0.493964
0.516231
0.429386
0.433208
0.44426
0.411439
0.407285
0.402709
0.415793
0.418625
0.426573
0.398928
0.398839
0.380892
0.377432
0.358973
0.360233
0.391258
0.390173
0.373481
0.434227
0.442018
0.432976
0.422942
0.430429
0.429271
0.496015
0.502196
0.517104
0.437185
0.433817
0.451152
0.406714
0.389213
0.404046
0.41048
0.430112
0.422293
0.364283
0.377192
0.389572
0.478644
0.500584
0.487128
0.428428
0.41041
0.423171
0.37966
0.365988
0.391065
0.433079
0.424191
0.426041
0.43474
0.45603
0.451782
0.44541
0.457691
0.456206
0.536352
0.519232
0.539534
0.478311
0.473108
0.47965
0.365041
0.376204
0.374348
0.35895
0.376044
0.361236
0.221708
0.219933
0.234059
0.144513
0.142807
0.132207
0.194025
0.179924
0.193126
0.385965
0.386038
0.370242
0.280047
0.286618
0.275723
0.384964
0.39219
0.388667
0.0725207
0.0748381
0.0623768
0.350946
0.343765
0.357658
0.341889
0.347078
0.35403
0.607761
0.623538
0.615278
0.59189
0.577241
0.583923
0.576825
0.590014
0.582264
0.568576
0.580242
0.57909
0.565453
0.573534
0.577804
0.610533
0.601285
0.612338
0.632809
0.63192
0.643959
0.707286
0.721031
0.719432
0.691434
0.705951
0.693362
0.565215
0.553888
0.55822
0.653383
0.656325
0.649248
0.642036
0.632227
0.640998
0.733978
0.734161
0.734748
0.62972
0.627293
0.636145
0.561853
0.555381
0.548517
0.639398
0.645178
0.648635
0.667464
0.660265
0.665774
0.69352
0.708169
0.696497
0.65179
0.663632
0.668272
0.591612
0.602694
0.595583
0.575655
0.570496
0.56075
0.668368
0.664098
0.652231
0.618687
0.622802
0.612094
0.637738
0.648204
0.639583
0.612178
0.619903
0.60798
0.697813
0.711067
0.695028
0.721801
0.720234
0.708019
0.6296
0.615479
0.631134
0.755162
0.752369
0.744784
0.728146
0.734532
0.737415
0.626189
0.624148
0.641159
0.566137
0.558967
0.572076
0.539933
0.54146
0.551635
0.643905
0.655973
0.666422
0.616394
0.630157
0.62041
0.681739
0.713381
0.687496
0.770653
0.77374
0.760265
0.730085
0.72444
0.736617
0.68342
0.699927
0.70147
0.722261
0.735128
0.723383
0.633164
0.624284
0.63575
0.659676
0.652949
0.652385
0.740276
0.738802
0.732119
0.70651
0.725153
0.718076
0.657143
0.654717
0.643963
0.638406
0.62129
0.625793
0.659429
0.638684
0.656932
0.577375
0.559851
0.569941
0.791184
0.789962
0.801921
0.751678
0.763358
0.766309
0.781961
0.792316
0.78326
0.698193
0.707411
0.710222
0.716299
0.703917
0.715369
0.716814
0.712096
0.703039
0.644055
0.650977
0.65968
0.67719
0.694465
0.685665
0.600786
0.620857
0.615118
0.59248
0.595861
0.60953
0.652606
0.641175
0.67025
0.605577
0.617373
0.600516
0.565401
0.558658
0.57305
0.804363
0.810004
0.808207
0.797664
0.804642
0.808136
0.646291
0.657246
0.653735
0.644811
0.653033
0.657581
0.723134
0.727621
0.728957
0.764561
0.759945
0.769815
0.73224
0.728688
0.72359
0.744434
0.733489
0.743393
0.715184
0.706611
0.712059
0.675354
0.670937
0.680028
0.668605
0.666807
0.663967
0.692012
0.701604
0.696023
0.61568
0.617267
0.60465
0.615846
0.636117
0.624197
0.695113
0.713704
0.726832
0.656679
0.657131
0.64422
0.681409
0.688826
0.676819
0.714015
0.709284
0.699907
0.747197
0.752602
0.741676
0.758226
0.75986
0.75002
0.588138
0.577778
0.584348
0.603888
0.61039
0.613276
0.606179
0.59224
0.595847
0.754176
0.769728
0.759305
0.72498
0.736899
0.72014
0.768191
0.771607
0.78089
0.745095
0.731926
0.746463
0.708037
0.701278
0.726933
0.626218
0.639859
0.643782
0.782251
0.774124
0.773156
0.754616
0.74108
0.750511
0.7011
0.689279
0.695006
0.796618
0.787383
0.793057
0.664193
0.664658
0.658618
0.65166
0.65267
0.659653
0.634485
0.634942
0.625513
0.774646
0.769719
0.775635
0.764536
0.770349
0.76787
0.754726
0.754328
0.761045
0.697548
0.682675
0.684582
0.691405
0.687143
0.701369
0.714532
0.704667
0.715432
0.701213
0.687684
0.688892
0.652037
0.630245
0.653254
0.749008
0.745251
0.758513
0.728712
0.728711
0.732549
0.791057
0.784389
0.79241
0.749412
0.732954
0.743655
0.74649
0.740618
0.732592
0.771662
0.76156
0.766835
0.775175
0.775696
0.769576
0.768005
0.773909
0.773611
0.681312
0.685076
0.690792
0.694053
0.688989
0.699046
0.676501
0.672487
0.676948
0.694836
0.685621
0.696563
0.679592
0.667126
0.672168
0.577837
0.566871
0.578274
0.743653
0.743507
0.71909
0.674672
0.680557
0.669258
0.641382
0.654216
0.648697
0.636855
0.616566
0.622719
0.683902
0.668788
0.670041
0.800223
0.794876
0.788629
0.617973
0.622572
0.630259
0.770489
0.761997
0.761552
0.797039
0.785299
0.788463
0.720004
0.720994
0.725713
0.707118
0.699164
0.708937
0.73144
0.745674
0.733441
0.759218
0.758227
0.745644
0.614007
0.604025
0.596468
0.713188
0.723324
0.724717
0.608073
0.611891
0.600032
0.542491
0.534576
0.532083
0.679666
0.668552
0.675003
0.700377
0.702054
0.691718
0.759121
0.763757
0.762592
0.75406
0.74875
0.742651
0.727011
0.734989
0.726701
0.590228
0.59146
0.598717
0.604162
0.605157
0.602845
0.833474
0.821361
0.819116
0.884409
0.869852
0.876467
0.83928
0.840864
0.849361
0.866375
0.861967
0.868369
0.774136
0.769194
0.765879
0.78152
0.770422
0.772615
0.790462
0.78097
0.786557
0.774864
0.768044
0.773162
0.856597
0.857159
0.842996
0.880109
0.892085
0.877013
0.744953
0.751505
0.753599
0.925972
0.921937
0.928972
0.917935
0.927531
0.919034
0.855928
0.863597
0.856904
0.849986
0.841789
0.843591
0.903828
0.900237
0.893859
0.808506
0.809692
0.799564
0.787626
0.789963
0.799152
0.784424
0.787963
0.764865
0.743107
0.76192
0.741737
0.756674
0.765419
0.772248
0.845862
0.838232
0.85388
0.900929
0.897914
0.903277
0.807298
0.805139
0.797752
0.893732
0.900886
0.894767
0.904106
0.901108
0.898892
0.895263
0.897531
0.898041
0.843737
0.852583
0.847932
0.864051
0.866803
0.860141
0.914587
0.91012
0.917974
0.814021
0.822887
0.807194
0.743787
0.733486
0.734382
0.752413
0.742876
0.752414
0.831916
0.824831
0.81953
0.815444
0.807289
0.804573
0.826971
0.836756
0.838174
0.812135
0.7871
0.798974
0.837109
0.83652
0.841786
0.786707
0.780315
0.805907
0.820892
0.811111
0.829038
0.910447
0.909666
0.899682
0.876256
0.880142
0.886551
0.886947
0.883301
0.878171
0.902045
0.905417
0.903569
0.82928
0.840173
0.825866
0.904145
0.894241
0.900216
0.922484
0.914768
0.917493
0.796578
0.78667
0.795785
0.81578
0.815186
0.825268
0.908512
0.910919
0.91671
0.779383
0.783115
0.78887
0.827418
0.822185
0.827232
0.757005
0.756152
0.750448
0.896168
0.895306
0.888829
0.905731
0.898281
0.904001
0.769615
0.76357
0.766974
0.799398
0.789267
0.789688
0.837407
0.842456
0.826445
0.872302
0.871436
0.861264
0.895765
0.903188
0.89358
0.846787
0.849579
0.860619
0.842661
0.847988
0.852694
0.823201
0.82318
0.813583
0.854837
0.847126
0.849485
0.869129
0.873421
0.872298
0.923472
0.920623
0.932102
0.879703
0.871821
0.886326
0.898851
0.896167
0.891305
0.860618
0.872842
0.875098
0.887748
0.89402
0.885053
0.849338
0.854489
0.840524
0.88118
0.874316
0.881257
0.858914
0.858889
0.849324
0.821951
0.817072
0.808569
0.826144
0.824937
0.814785
0.8622
0.850576
0.849997
0.821627
0.828526
0.832038
0.876026
0.87076
0.867138
0.828162
0.847518
0.843574
0.895557
0.895972
0.901691
0.741893
0.743019
0.734231
0.723441
0.731213
0.724761
0.752428
0.740932
0.74864
0.649482
0.641428
0.636589
0.782802
0.772153
0.757348
0.713925
0.71289
0.715566
0.647666
0.6595
0.658154
0.721518
0.722086
0.729246
0.712479
0.701549
0.710361
0.769174
0.772687
0.775154
0.813282
0.803838
0.811829
0.799045
0.811074
0.804797
0.723001
0.706871
0.716419
0.694532
0.681358
0.683925
0.702649
0.706167
0.695918
0.521396
0.507805
0.521798
0.484807
0.50016
0.507921
0.574524
0.568901
0.583557
0.546821
0.552937
0.541245
0.541329
0.523512
0.530821
0.59907
0.595222
0.581818
0.504906
0.514801
0.49906
0.492519
0.507812
0.510983
0.541542
0.526071
0.533356
0.498703
0.487458
0.507211
0.528921
0.54536
0.539028
0.480471
0.494982
0.475503
0.550738
0.545036
0.529259
0.599614
0.604894
0.616078
0.590868
0.571265
0.576049
0.515326
0.504093
0.519542
0.564172
0.571552
0.559077
0.206681
0.195655
0.209094
0.193719
0.166949
0.170441
0.224669
0.210018
0.251591
0.255037
0.235257
0.216163
0.244636
0.24058
0.274791
0.283803
0.281462
0.268638
0.198668
0.212288
0.186301
0.197406
0.223011
0.22618
0.222919
0.241902
0.259133
0.254384
0.254832
0.282479
0.286602
0.27505
0.220476
0.266518
0.260806
0.247179
0.312381
0.314242
0.285769
0.298101
0.267925
0.278646
0.130387
0.147879
0.150536
0.192084
0.225235
0.269061
0.24458
0.23159
0.328101
0.314278
0.340046
0.329763
0.296396
0.29405
0.283435
0.28847
0.275438
0.246808
0.0502119
0.0496833
0.0933514
0.112972
0.10872
0.0894669
0.118023
0.101495
0.141757
0.134175
0.096383
0.0883435
0.0899616
0.102061
0.0849582
0.13552
0.34267
0.330499
0.345901
0.339318
0.316536
0.310695
0.378731
0.379979
0.355803
0.354506
0.235216
0.250565
0.235336
0.276956
0.327193
0.338795
0.311533
0.345416
0.330804
0.336429
0.315771
0.311262
0.31375
0.324662
0.298682
0.298542
0.289672
0.279126
0.309468
0.283302
0.320828
0.330062
0.332079
0.323842
0.325554
0.303435
0.394788
0.41156
0.396225
0.414187
0.449614
0.447964
0.201221
0.151176
0.207975
0.188454
0.169373
0.137483
0.199334
0.225695
0.341608
0.327858
0.34813
0.338916
0.304392
0.301086
0.244996
0.230836
0.249906
0.241171
0.215835
0.211526
0.244734
0.223133
0.145789
0.108877
0.101143
0.115429
0.0550016
0.0443374
0.0836799
0.085256
0.0569504
0.0431063
0.0931709
0.0778434
0.0985546
0.0546598
0.356654
0.33568
0.366639
0.353778
0.314112
0.306365
0.371772
0.374408
0.342356
0.326932
0.344491
0.361205
0.27823
0.279668
0.263249
0.258192
0.198489
0.176882
0.185672
0.225641
0.176112
0.202413
0.221353
0.235932
0.292324
0.254442
0.272661
0.290338
0.257766
0.28947
0.298406
0.292975
0.383539
0.35602
0.307025
0.291681
0.331198
0.297207
0.149199
0.158382
0.126464
0.12598
0.162226
0.170974
0.358346
0.357069
0.340432
0.328538
0.334727
0.342628
0.424539
0.429379
0.400839
0.392787
0.404711
0.419712
0.302205
0.322589
0.369814
0.372488
0.346295
0.355274
0.291062
0.299472
0.311667
0.323229
0.329052
0.325179
0.428428
0.430663
0.400475
0.388476
0.394653
0.40916
0.33554
0.333656
0.349461
0.369257
0.387585
0.382662
0.438434
0.429895
0.43961
0.410014
0.397401
0.399846
0.315067
0.309639
0.30684
0.2755
0.264434
0.27581
0.313617
0.314074
0.294852
0.290401
0.271621
0.278757
0.274762
0.290389
0.305365
0.318046
0.28217
0.321847
0.332626
0.347044
0.344703
0.326857
0.397535
0.407041
0.366154
0.357896
0.374736
0.392495
0.343876
0.350511
0.358917
0.365663
0.383335
0.365092
0.32169
0.314277
0.308411
0.296822
0.286581
0.294648
0.395241
0.416055
0.370313
0.370795
0.405739
0.421863
0.408667
0.361323
0.362115
0.377878
0.422608
0.376452
0.398072
0.412228
0.447217
0.458519
0.415003
0.465541
0.312859
0.343323
0.340027
0.328362
0.308028
0.326746
0.0926473
0.0570252
0.076897
0.04633
0.051984
0.0563195
0.039803
0.0320201
0.0351853
0.0477661
0.0420514
0.037339
0.0248829
0.0303403
0.0297375
0.0247679
0.0243176
0.0227584
0.0083989
0.00421493
0.0253973
0.0252681
0.0226239
0.00746005
0.261104
0.257137
0.382421
0.38341
0.407453
0.412771
0.399139
0.395884
0.360131
0.345545
0.466089
0.450627
0.45678
0.441295
0.405042
0.406817
0.392896
0.412587
0.430008
0.45477
0.319227
0.325249
0.374611
0.406387
0.313696
0.296348
0.29849
0.323385
0.374272
0.389749
0.39246
0.416839
0.363173
0.359735
0.374169
0.377326
0.371063
0.378136
0.300703
0.333627
0.345901
0.33743
0.265193
0.231578
0.360702
0.342899
0.359429
0.341451
0.329516
0.329405
0.225794
0.248883
0.372889
0.386487
0.387024
0.355136
0.351306
0.360057
0.324513
0.274194
0.296748
0.309127
0.343128
0.317805
0.338884
0.34654
0.158381
0.159531
0.11458
0.143273
0.303031
0.304421
0.278508
0.274384
0.197387
0.157567
0.155988
0.167498
0.194781
0.168252
0.386237
0.374379
0.0883547
0.0732957
0.0539195
0.0559567
0.034099
0.0414797
0.0425656
0.0712632
0.0541695
0.0480584
0.0287097
0.0336003
0.0211575
0.0307597
0.00716843
0.00489714
0.370396
0.347076
0.446203
0.439909
0.449235
0.453746
0.422327
0.434774
0.430153
0.443431
0.447694
0.445862
0.450745
0.448583
0.429498
0.446674
0.350693
0.34369
0.318188
0.347139
0.357951
0.339476
0.353293
0.390496
0.422449
0.383618
0.38946
0.404728
0.437827
0.453403
0.474966
0.478383
0.454961
0.443581
0.43849
0.457167
0.523965
0.521265
0.504431
0.487476
0.485255
0.496097
0.453038
0.472417
0.486162
0.469052
0.476991
0.460011
0.436757
0.438388
0.372985
0.408818
0.440624
0.436096
0.434536
0.433
0.433246
0.43177
0.431946
0.426177
0.410522
0.412721
0.427643
0.413563
0.401107
0.399219
0.439575
0.461162
0.448974
0.467954
0.49422
0.495035
0.344132
0.373203
0.373836
0.357596
0.399725
0.389637
0.433437
0.439639
0.422587
0.406514
0.403041
0.37177
0.429216
0.464245
0.538277
0.52962
0.495032
0.471904
0.473801
0.486882
0.45721
0.421025
0.412209
0.422931
0.396848
0.39723
0.434104
0.402996
0.407385
0.418404
0.360793
0.360019
0.395315
0.412898
0.412046
0.396061
0.393145
0.354789
0.358107
0.391825
0.423722
0.43894
0.538709
0.50675
0.423146
0.417554
0.415888
0.390346
0.405167
0.351775
0.492833
0.468141
0.516696
0.52147
0.416789
0.391262
0.469003
0.465132
0.556979
0.545601
0.530547
0.500264
0.487323
0.48353
0.209709
0.206664
0.365064
0.33616
0.606799
0.620398
0.59154
0.599861
0.628674
0.637795
0.575951
0.598519
0.571221
0.563953
0.576224
0.587863
0.564654
0.603599
0.582839
0.592666
0.558362
0.55897
0.584562
0.592232
0.589717
0.552965
0.57292
0.581676
0.622966
0.616402
0.62189
0.611592
0.590829
0.593866
0.659488
0.654172
0.635818
0.632157
0.718176
0.727149
0.691493
0.692509
0.717619
0.72732
0.678341
0.675472
0.691201
0.717728
0.553287
0.541761
0.641517
0.644812
0.65676
0.661782
0.655719
0.650508
0.642061
0.624167
0.731198
0.730156
0.728706
0.727143
0.643148
0.631476
0.622641
0.616362
0.545977
0.535534
0.570746
0.552378
0.661536
0.650267
0.684348
0.699419
0.67669
0.719737
0.674678
0.642224
0.60112
0.614734
0.550369
0.584243
0.588299
0.580821
0.637528
0.684607
0.677188
0.660879
0.607189
0.626571
0.632775
0.626039
0.593607
0.606298
0.692483
0.700013
0.723137
0.721977
0.645703
0.629914
0.633344
0.622942
0.600689
0.596916
0.729867
0.728564
0.748271
0.760765
0.749015
0.740707
0.738842
0.748905
0.721771
0.718697
0.729468
0.741297
0.652443
0.659562
0.623311
0.617126
0.604536
0.619525
0.586754
0.579
0.577682
0.564154
0.546477
0.553257
0.565525
0.542581
0.527636
0.533633
0.679423
0.691791
0.630842
0.628251
0.649235
0.673959
0.611837
0.605388
0.613816
0.64598
0.665131
0.691316
0.655256
0.674174
0.740567
0.746001
0.749958
0.764888
0.78924
0.779956
0.745001
0.7164
0.710222
0.719699
0.704161
0.669506
0.661824
0.692776
0.713731
0.727029
0.711061
0.722219
0.747174
0.749007
0.645315
0.638958
0.643405
0.63099
0.61138
0.618159
0.652542
0.666143
0.667429
0.65475
0.728361
0.723169
0.744758
0.748286
0.747969
0.737676
0.712669
0.727555
0.688111
0.695981
0.732919
0.742324
0.638262
0.631301
0.66194
0.671508
0.667977
0.653536
0.620776
0.654299
0.618111
0.605002
0.671308
0.677347
0.580891
0.594256
0.80635
0.810064
0.789514
0.779573
0.775525
0.787478
0.768678
0.741039
0.736859
0.760508
0.771594
0.784988
0.771141
0.780441
0.798808
0.801057
0.71472
0.722979
0.69083
0.687518
0.708423
0.718622
0.714924
0.708474
0.728648
0.722454
0.694837
0.692348
0.688262
0.70749
0.666882
0.676946
0.638402
0.628056
0.640156
0.658857
0.697197
0.711367
0.6101
0.580809
0.586742
0.625663
0.625087
0.574721
0.585805
0.595013
0.638557
0.614077
0.588301
0.592951
0.57995
0.557519
0.54348
0.555461
0.804073
0.807706
0.79731
0.798119
0.808482
0.813317
0.659092
0.662223
0.637035
0.671436
0.664562
0.670877
0.63948
0.658177
0.734859
0.737406
0.719571
0.718843
0.728386
0.730054
0.780165
0.771314
0.771331
0.757166
0.751459
0.752707
0.716403
0.742716
0.725273
0.721728
0.709464
0.714041
0.698983
0.698792
0.68945
0.685047
0.679567
0.672588
0.66242
0.664563
0.656231
0.673463
0.668836
0.665562
0.690421
0.680571
0.689194
0.707666
0.599008
0.592612
0.620604
0.625605
0.633628
0.62453
0.631115
0.608564
0.653541
0.655678
0.760436
0.669161
0.703794
0.729571
0.634766
0.671331
0.6668
0.657753
0.670564
0.685725
0.704019
0.696075
0.692483
0.71857
0.728399
0.721867
0.73074
0.738934
0.743219
0.751818
0.759495
0.757573
0.743024
0.761767
0.76498
0.761324
0.590769
0.570976
0.594163
0.583345
0.569809
0.559153
0.615713
0.595254
0.765253
0.788254
0.792585
0.755747
0.761875
0.775016
0.747723
0.71448
0.746436
0.695565
0.610391
0.633331
0.775129
0.762039
0.790378
0.789871
0.77742
0.766749
0.761677
0.73483
0.70696
0.684305
0.652248
0.66467
0.668153
0.672287
0.644108
0.645426
0.616056
0.638129
0.777718
0.775671
0.776669
0.77358
0.762282
0.76186
0.766546
0.770669
0.756635
0.774039
0.766263
0.756849
0.707915
0.679558
0.713804
0.692266
0.724483
0.723335
0.712996
0.690887
0.673748
0.711362
0.688366
0.671823
0.655395
0.609113
0.741181
0.732917
0.728617
0.724259
0.799836
0.798737
0.80082
0.779581
0.757477
0.740238
0.770122
0.756703
0.726419
0.722449
0.723263
0.762561
0.750086
0.739469
0.775183
0.770666
0.773627
0.759725
0.762635
0.760733
0.775162
0.775629
0.700739
0.699863
0.681647
0.671987
0.685845
0.691932
0.682466
0.680465
0.690045
0.683936
0.67582
0.68429
0.766696
0.761206
0.656799
0.667642
0.643496
0.628727
0.661347
0.651532
0.78004
0.803982
0.6063
0.615051
0.75084
0.752414
0.713519
0.717805
0.731677
0.758625
0.522179
0.528147
0.752588
0.761826
0.73698
0.730212
0.757777
0.743979
0.722098
0.719346
0.603125
0.596735
0.818459
0.802731
0.844389
0.846523
0.82539
0.808153
0.882355
0.868898
0.89649
0.891835
0.86269
0.853787
0.858234
0.857405
0.837936
0.827252
0.833103
0.841445
0.872061
0.868326
0.870671
0.862458
0.853623
0.85666
0.762396
0.755914
0.777821
0.781907
0.771572
0.762372
0.772935
0.762927
0.792404
0.788778
0.766833
0.76068
0.789598
0.800375
0.780622
0.774769
0.782213
0.761443
0.827665
0.830266
0.847799
0.865394
0.864937
0.853458
0.859176
0.872066
0.865975
0.883313
0.903866
0.895769
0.759391
0.736228
0.753827
0.756596
0.93621
0.926368
0.917146
0.915553
0.915283
0.916894
0.911961
0.917193
0.907685
0.936184
0.848663
0.845996
0.854029
0.868002
0.839747
0.832444
0.85729
0.855567
0.838527
0.832884
0.887448
0.908376
0.912823
0.906196
0.788963
0.79517
0.809786
0.820184
0.816156
0.812393
0.813258
0.780957
0.78165
0.794165
0.741016
0.745892
0.78302
0.794784
0.743582
0.779488
0.744871
0.760672
0.8615
0.837987
0.822043
0.83113
0.906071
0.905368
0.904652
0.903216
0.893242
0.893774
0.789998
0.808429
0.818397
0.812182
0.888533
0.894842
0.887172
0.892826
0.907148
0.906816
0.894154
0.91116
0.903116
0.89923
0.898823
0.899728
0.890614
0.899683
0.841855
0.851286
0.834146
0.860178
0.865566
0.870364
0.921871
0.911271
0.900076
0.904478
0.788028
0.802547
0.804223
0.830989
0.733007
0.753691
0.753124
0.732766
0.817239
0.808346
0.840146
0.843626
0.83394
0.825171
0.831798
0.813978
0.816526
0.835476
0.808335
0.837321
0.824576
0.772755
0.84823
0.846363
0.839894
0.832028
0.831627
0.839849
0.8302
0.792035
0.812494
0.793088
0.889043
0.909265
0.8928
0.871173
0.869923
0.894417
0.888286
0.883373
0.904814
0.899038
0.898069
0.885217
0.921303
0.929657
0.927173
0.911516
0.805354
0.796597
0.806685
0.777959
0.834283
0.814028
0.899849
0.904697
0.799556
0.771247
0.780203
0.788703
0.823222
0.816797
0.881575
0.897905
0.910536
0.914545
0.816771
0.849304
0.860362
0.852297
0.851897
0.874952
0.886526
0.879539
0.871318
0.873569
0.846939
0.834958
0.839346
0.855381
0.85799
0.842527
0.804596
0.802518
0.82694
0.826908
0.863796
0.867713
0.897291
0.884046
0.881838
0.888807
0.876674
0.848239
0.875561
0.883816
0.85752
0.866836
0.882184
0.866041
0.810799
0.823367
0.726277
0.740737
0.718924
0.718597
0.717552
0.713324
0.709814
0.716099
0.670028
0.673258
0.817339
0.795582
0.713627
0.692175
0.70362
0.683222
0.537453
0.530996
0.530182
0.512226
0.59754
0.594475
0.582877
0.567048
0.553266
0.565109
0.534088
0.556737
0.555552
0.51401
0.566175
0.604817
0.492635
0.524862
0.519173
0.478579
0.474196
0.509919
0.526544
0.550911
0.52009
0.510243
0.551241
0.562292
0.48657
0.512935
