# DS0
# Number of vertices: 222, Number of faces: 440
# Preprocessing time: 0.000398
# Query time: 3.39302
0.225591
0.268033
0.163373
0.285841
0.356545
0.350292
0.243279
0.296751
0.30458
0.245187
0.289894
0.210079
0.10385
0.0395592
0.246581
0.411654
0
0.285315
0.18748
0.311596
0.357532
0.300695
0.402826
0.337452
0.411466
0.450518
0.366789
0.34987
0.209396
0.322852
0.32998
0.371296
0.409938
0.367141
0.307714
0.436513
0.305331
0.119394
0.0513133
0.0512823
0.024362
0.40918
0.400919
0.295103
0.360456
0.346835
0.39239
0.38905
0.221187
0.346159
0.354226
0.374785
0.38258
0.335728
0.162579
0.0919019
0.273567
0.218996
0.165172
0.112229
0.0836874
0.0431481
0.0322357
0.347596
0.395519
0.435301
0.33911
0.412242
0.340026
0.498058
0.496065
0.424336
0.428797
0.438227
0.334748
0.299576
0.445878
0.407584
0.440014
0.409681
0.476655
0.406231
0.427672
0.457444
0.395836
0.463931
0.484009
0.259239
0.028015
0.468238
0.464573
0.450753
0.592662
0.606152
0.639849
0.613099
0.69741
0.755799
0.701527
0.658176
0.751329
0.672096
0.650952
0.649816
0.714764
0.659461
0.655915
0.615534
0.588837
0.547438
0.736795
0.775775
0.79004
0.698341
0.704058
0.700096
0.795107
0.697919
0.646908
0.704817
0.668219
0.640201
0.758883
0.737695
0.714989
0.619061
0.616445
0.743333
0.756408
0.757417
0.723465
0.690052
0.61537
0.819934
0.734628
0.793875
0.687118
0.805196
0.779906
0.644094
0.80298
0.749303
0.742564
0.781133
0.694283
0.683248
0.801034
0.801182
0.607144
0.792534
0.557052
0.672247
0.608857
0.76842
0.672395
0.651472
0.793501
0.743048
0.750785
0.781229
0.689001
0.835665
0.750879
0.825041
0.690367
0.61613
0.901292
0.931527
0.935464
0.861912
0.779276
0.790352
0.830651
0.813518
0.931963
0.93469
0.954613
0.785549
0.850981
0.928707
0.920595
0.938131
0.897296
0.91939
0.887829
0.875883
0.828839
0.807371
0.905581
0.942583
0.849272
0.886496
0.941374
0.871693
0.793722
0.830964
0.821786
0.854841
0.840019
0.883728
0.872959
0.87625
0.896744
0.865432
0.907198
0.915843
0.862559
0.834537
0.7756
0.745853
0.747331
0.698879
0.80772
0.749223
0.473388
0.538168
0.554282
0.486772
0.524442
0.586048
0.553864
0.55689
