# DS1
# Number of vertices: 882, Number of faces: 1760
# Preprocessing time: 4.2e-08
# Query time: 0.00351429
0.224013
0.266557
0.158433
0.281779
0.351126
0.342571
0.236056
0.284321
0.294081
0.240444
0.288111
0.205511
0.0996149
0.0406066
0.24317
0.399327
0
0.270716
0.182698
0.304537
0.347912
0.293203
0.395243
0.326986
0.396839
0.433648
0.36412
0.347286
0.209434
0.311461
0.316224
0.355104
0.39205
0.364729
0.306936
0.423291
0.30495
0.119924
0.0468729
0.0516358
0.0243681
0.396409
0.388236
0.288142
0.358433
0.341442
0.381818
0.368792
0.214588
0.334858
0.338272
0.363997
0.369897
0.328891
0.158716
0.0885821
0.262631
0.20862
0.158731
0.108403
0.0823334
0.0432126
0.0330377
0.337493
0.382486
0.41596
0.324927
0.406354
0.336504
0.487596
0.485204
0.414957
0.421959
0.432696
0.334654
0.293323
0.438422
0.407242
0.438202
0.405767
0.469777
0.406621
0.425023
0.44592
0.384882
0.455995
0.472453
0.25872
0.0286864
0.449826
0.447333
0.437566
0.561466
0.585669
0.612439
0.585333
0.676649
0.732333
0.677313
0.641375
0.727441
0.649985
0.629609
0.628825
0.692862
0.647903
0.644424
0.59825
0.568781
0.530733
0.71757
0.755137
0.766438
0.681794
0.680039
0.675708
0.774449
0.67695
0.631953
0.689312
0.646923
0.624552
0.732046
0.715156
0.693849
0.607682
0.599885
0.719243
0.733078
0.739136
0.70246
0.669635
0.604073
0.797016
0.714378
0.773821
0.677933
0.779236
0.756038
0.620324
0.780721
0.728339
0.722795
0.754902
0.678485
0.669721
0.777631
0.771894
0.584282
0.765312
0.543194
0.648754
0.588137
0.746372
0.654077
0.628128
0.761617
0.716068
0.725779
0.75034
0.665379
0.812715
0.728257
0.804929
0.668036
0.601438
0.876424
0.901784
0.900154
0.826297
0.752253
0.764935
0.80362
0.785851
0.904789
0.910261
0.932517
0.761782
0.815075
0.902574
0.890088
0.9092
0.870462
0.892162
0.862076
0.849203
0.801882
0.779843
0.873449
0.914137
0.820432
0.859317
0.916921
0.844675
0.767948
0.806396
0.787479
0.82986
0.815119
0.853511
0.847027
0.843699
0.86685
0.83615
0.87919
0.889685
0.837117
0.809134
0.752652
0.722288
0.7227
0.675615
0.782009
0.722076
0.459683
0.528456
0.54375
0.473318
0.507855
0.577017
0.54046
0.549961
0.208166
0.179079
0.18349
0.238417
0.244966
0.21151
0.260578
0.281448
0.254345
0.191247
0.210053
0.217998
0.249389
0.238365
0.2696
0.280781
0.263141
0.233514
0.299889
0.30556
0.27174
0.140639
0.171061
0.254814
0.226461
0.332098
0.311069
0.303855
0.2844
0.260001
0.0697764
0.109116
0.0688041
0.128026
0.113878
0.0946281
0.0872392
0.117763
0.343601
0.328646
0.319508
0.365593
0.366419
0.234615
0.263078
0.320736
0.343087
0.323786
0.31309
0.331757
0.292578
0.29013
0.301381
0.318573
0.329384
0.313326
0.394671
0.430434
0.428177
0.176873
0.19554
0.153621
0.213083
0.342485
0.320856
0.314072
0.246387
0.227956
0.219948
0.234089
0.103656
0.130978
0.0681027
0.0710712
0.0432558
0.0965573
0.0656607
0.360949
0.333819
0.319564
0.357431
0.333394
0.365847
0.271116
0.269938
0.189053
0.206525
0.1889
0.227317
0.263521
0.298799
0.275318
0.295534
0.369395
0.319121
0.292969
0.138523
0.1433
0.162514
0.35022
0.331957
0.349082
0.413146
0.397799
0.42421
0.312219
0.358963
0.363662
0.301334
0.324156
0.312927
0.415284
0.391316
0.419884
0.342882
0.378193
0.368899
0.438669
0.420253
0.402188
0.310677
0.269833
0.290799
0.302003
0.283909
0.297285
0.283655
0.294045
0.320069
0.340666
0.336204
0.381366
0.365324
0.399621
0.348118
0.363572
0.375146
0.31558
0.29183
0.304885
0.381969
0.38679
0.421353
0.361172
0.394864
0.390581
0.420786
0.432028
0.46088
0.345013
0.321275
0.314634
0.0729686
0.048485
0.0645406
0.0352872
0.0420307
0.040611
0.023911
0.0240778
0.0171046
0.0120308
0.0235475
0.0153455
0.258121
0.393696
0.403598
0.390658
0.35115
0.460267
0.423907
0.428744
0.402452
0.441352
0.319221
0.391552
0.304022
0.310446
0.386081
0.403816
0.370277
0.368714
0.374721
0.317592
0.339557
0.248169
0.351544
0.349923
0.327208
0.237237
0.38132
0.369197
0.356828
0.286856
0.315785
0.329113
0.346375
0.158934
0.129156
0.293861
0.289208
0.155177
0.18064
0.180852
0.378062
0.063479
0.0705359
0.0370697
0.0607471
0.0437897
0.0290585
0.0177367
0.0115002
0.357635
0.444622
0.451105
0.428707
0.446091
0.43983
0.449686
0.43952
0.344728
0.333059
0.350817
0.374984
0.385562
0.412927
0.446922
0.465305
0.441426
0.470009
0.516223
0.486609
0.509745
0.461788
0.481828
0.447618
0.452641
0.391241
0.443411
0.437807
0.436734
0.421903
0.425181
0.424272
0.401431
0.44357
0.481666
0.480527
0.359605
0.364135
0.417439
0.431445
0.397161
0.387715
0.445446
0.517053
0.473327
0.50614
0.44092
0.418365
0.395296
0.406106
0.428198
0.380363
0.414441
0.379939
0.375777
0.379342
0.434753
0.522821
0.41989
0.400754
0.377598
0.493818
0.505697
0.402657
0.467399
0.551966
0.52158
0.491537
0.206756
0.348325
0.60003
0.616329
0.629156
0.584832
0.569875
0.570803
0.596126
0.570912
0.57602
0.592662
0.566361
0.588067
0.625196
0.604094
0.60859
0.651168
0.645227
0.710766
0.712496
0.733648
0.682448
0.710932
0.547237
0.652093
0.663555
0.651039
0.635396
0.73676
0.734223
0.641065
0.62156
0.560141
0.544182
0.657701
0.684571
0.715191
0.662949
0.611203
0.568604
0.583816
0.685202
0.65349
0.633859
0.622134
0.602603
0.717325
0.713631
0.644201
0.620905
0.614461
0.74225
0.762264
0.745402
0.731834
0.726345
0.747699
0.636695
0.613407
0.642509
0.58151
0.554945
0.567525
0.554619
0.530353
0.658868
0.635519
0.68306
0.612519
0.629358
0.662673
0.706069
0.718412
0.778382
0.766242
0.717831
0.734275
0.688615
0.678822
0.714305
0.737161
0.740124
0.645078
0.620349
0.630303
0.659996
0.662726
0.739096
0.749019
0.730836
0.702322
0.716399
0.736122
0.651718
0.671286
0.643073
0.63976
0.615317
0.677002
0.588146
0.800912
0.7797
0.801866
0.756759
0.749821
0.772752
0.791939
0.796193
0.704495
0.698948
0.721416
0.729124
0.711221
0.707913
0.700757
0.652824
0.634611
0.668346
0.704546
0.596637
0.606844
0.581874
0.608402
0.627798
0.5901
0.549913
0.568839
0.804014
0.807035
0.813015
0.649328
0.662586
0.65344
0.669551
0.72712
0.727178
0.733013
0.779916
0.756354
0.762994
0.739398
0.721134
0.707194
0.705275
0.685446
0.670428
0.67683
0.672001
0.663304
0.687009
0.700553
0.61159
0.627816
0.608077
0.632518
0.641602
0.688619
0.744189
0.670114
0.647347
0.695414
0.68192
0.707269
0.726374
0.737695
0.758454
0.751106
0.765569
0.754723
0.601401
0.577312
0.564937
0.608705
0.779479
0.759259
0.784219
0.731099
0.724156
0.622614
0.787278
0.786662
0.766225
0.750976
0.69629
0.661035
0.671025
0.645205
0.627977
0.77983
0.771732
0.772679
0.764765
0.77483
0.763972
0.69544
0.706343
0.726337
0.704691
0.701945
0.673553
0.634995
0.738709
0.72743
0.79949
0.790827
0.765526
0.740843
0.731875
0.756521
0.732633
0.774109
0.770665
0.772741
0.772295
0.693683
0.679079
0.696441
0.686535
0.6835
0.693493
0.762231
0.662922
0.636382
0.65734
0.797014
0.61023
0.753942
0.716154
0.746217
0.522802
0.760659
0.751807
0.740056
0.720069
0.600645
0.832648
0.837163
0.805215
0.890352
0.879513
0.862452
0.849542
0.831129
0.849857
0.872869
0.858224
0.863739
0.772136
0.779594
0.76158
0.784577
0.778581
0.763804
0.797174
0.782044
0.769065
0.840838
0.871912
0.844114
0.865463
0.897958
0.889566
0.747578
0.758903
0.928659
0.919202
0.921325
0.911752
0.928652
0.848014
0.863022
0.852228
0.848484
0.836688
0.898566
0.909976
0.798266
0.818353
0.804844
0.781513
0.804158
0.763309
0.772518
0.761311
0.756273
0.830985
0.847582
0.906548
0.899031
0.904288
0.799697
0.818047
0.889008
0.901257
0.902168
0.907072
0.89824
0.895025
0.898389
0.839794
0.857682
0.869492
0.907437
0.913972
0.796341
0.817928
0.745626
0.744487
0.829169
0.838964
0.816829
0.825215
0.826768
0.824408
0.800285
0.845632
0.832018
0.844174
0.812152
0.805039
0.903551
0.883321
0.891208
0.878937
0.901892
0.896039
0.925382
0.919476
0.80625
0.78807
0.824986
0.904754
0.775695
0.795061
0.820445
0.892267
0.914111
0.855621
0.836689
0.86172
0.885042
0.860534
0.836419
0.865893
0.852367
0.817454
0.817177
0.867021
0.892086
0.886736
0.862084
0.879356
0.861883
0.87544
0.818597
0.735219
0.721464
0.712181
0.719197
0.672045
0.807808
0.706741
0.695458
0.534485
0.520994
0.589748
0.560537
0.581822
0.543931
0.535351
0.586637
0.509838
0.499363
0.49223
0.536588
0.51741
0.558269
0.500167
