# DS1
# Number of vertices: 882, Number of faces: 1760
# Preprocessing time: 0.00289175
# Query time: 0.000164667
0.237464
0.266393
0.159594
0.304548
0.376964
0.364366
0.253779
0.272678
0.298279
0.248932
0.306062
0.201876
0.104659
0.041252
0.228526
0.426652
0
0.271665
0.192562
0.31705
0.364402
0.314732
0.415596
0.321388
0.402405
0.432729
0.359576
0.344222
0.210873
0.303783
0.31171
0.35417
0.389493
0.365086
0.304265
0.443415
0.30375
0.123543
0.0504952
0.047492
0.0134712
0.419635
0.42576
0.277349
0.381986
0.324441
0.393517
0.368558
0.207176
0.343773
0.326101
0.35754
0.396782
0.357215
0.154311
0.0873786
0.258995
0.208993
0.160424
0.113695
0.0857391
0.0467703
0.0291514
0.328758
0.393786
0.424827
0.327439
0.407272
0.331317
0.514175
0.521401
0.442817
0.448071
0.426309
0.331618
0.285917
0.476061
0.401064
0.427992
0.400311
0.491418
0.399596
0.421931
0.475949
0.417943
0.474894
0.494421
0.254872
0.0296658
0.455545
0.458221
0.447577
0.608852
0.636093
0.658567
0.629519
0.736108
0.790458
0.735869
0.686135
0.78147
0.69394
0.68788
0.678952
0.757111
0.68059
0.667838
0.633122
0.611563
0.575673
0.753844
0.795502
0.820918
0.713167
0.722749
0.72215
0.834106
0.724623
0.663446
0.727705
0.691103
0.665442
0.776433
0.763829
0.737098
0.646113
0.648276
0.77103
0.78481
0.771436
0.749149
0.721616
0.651935
0.856775
0.758879
0.833547
0.704043
0.826312
0.801167
0.665462
0.831087
0.784691
0.780289
0.797513
0.718922
0.703472
0.821746
0.816642
0.630393
0.813677
0.588468
0.698062
0.635131
0.79133
0.695425
0.678033
0.811635
0.757993
0.777368
0.802136
0.714052
0.867331
0.786056
0.862808
0.711339
0.652817
0.931954
0.948716
0.944588
0.871751
0.800513
0.814719
0.84644
0.836973
0.944725
0.952765
0.985591
0.808174
0.860014
0.958961
0.939127
0.944213
0.921202
0.944662
0.910197
0.896991
0.837109
0.824618
0.911827
0.958364
0.868961
0.90351
0.968272
0.895142
0.818016
0.854918
0.83323
0.87658
0.865202
0.893581
0.90682
0.877584
0.910343
0.882906
0.938169
0.933785
0.898677
0.856012
0.797181
0.767798
0.770908
0.726254
0.83541
0.766617
0.501744
0.563723
0.582305
0.510297
0.550573
0.603294
0.570904
0.56527
0.207364
0.180768
0.181929
0.240706
0.252239
0.219005
0.275839
0.302544
0.272998
0.196007
0.219584
0.223438
0.253203
0.240137
0.276754
0.282873
0.262194
0.230915
0.299482
0.305108
0.280377
0.145284
0.174309
0.275597
0.243561
0.359955
0.336757
0.329184
0.307956
0.279535
0.0665181
0.111616
0.0690038
0.13358
0.115846
0.100831
0.0875558
0.116021
0.361934
0.343506
0.336698
0.384151
0.388124
0.249597
0.27975
0.330924
0.3557
0.315279
0.305565
0.322876
0.298554
0.289439
0.299082
0.316296
0.326828
0.312117
0.419101
0.456503
0.451109
0.18835
0.212392
0.164747
0.229325
0.356367
0.343417
0.32762
0.23878
0.224146
0.211932
0.233677
0.10894
0.134843
0.0723316
0.075442
0.0469823
0.0986397
0.0674331
0.386874
0.360689
0.346151
0.392002
0.362351
0.398567
0.26407
0.255324
0.184782
0.198323
0.185372
0.216768
0.247905
0.274642
0.286465
0.303689
0.395152
0.34098
0.309361
0.144314
0.150548
0.168177
0.346176
0.325367
0.341797
0.412612
0.402443
0.42833
0.318659
0.369418
0.378601
0.293773
0.314674
0.300783
0.426578
0.401274
0.429346
0.335873
0.374364
0.36727
0.444027
0.422459
0.396938
0.305186
0.26326
0.285135
0.294375
0.280024
0.294708
0.280227
0.292445
0.319168
0.342489
0.332329
0.388707
0.374001
0.411183
0.339232
0.355202
0.373363
0.312536
0.284471
0.294666
0.373847
0.383909
0.411298
0.359136
0.395834
0.392915
0.418554
0.451771
0.481735
0.340205
0.317777
0.313441
0.0748652
0.0461955
0.0613609
0.0359778
0.0393901
0.0351785
0.0270488
0.01884
0.0089213
0.0101653
0.0144884
0.0170159
0.256646
0.418306
0.428043
0.415155
0.377667
0.501226
0.463978
0.466518
0.436719
0.472031
0.305052
0.417279
0.329362
0.294806
0.401795
0.417533
0.353078
0.379472
0.382662
0.297419
0.321074
0.238289
0.347405
0.358152
0.331113
0.230927
0.372328
0.363743
0.351264
0.282461
0.314916
0.328298
0.344163
0.157267
0.131224
0.289406
0.285464
0.154679
0.178722
0.18178
0.405304
0.0675182
0.0752264
0.0396656
0.060772
0.0444006
0.0310442
0.0198507
0.00634772
0.361654
0.447224
0.458344
0.440566
0.457029
0.45182
0.461423
0.446529
0.343196
0.33179
0.350546
0.375075
0.403212
0.432078
0.462965
0.497002
0.472755
0.508
0.546801
0.516879
0.544931
0.491127
0.505428
0.471768
0.478843
0.416922
0.434447
0.433735
0.429039
0.416241
0.417143
0.419152
0.399865
0.480755
0.523432
0.520551
0.391332
0.393572
0.448694
0.459669
0.426927
0.41433
0.471633
0.534034
0.4944
0.526411
0.462646
0.442764
0.419995
0.399032
0.418303
0.378265
0.408294
0.3775
0.369459
0.375273
0.423371
0.546361
0.446739
0.441076
0.413708
0.533058
0.545103
0.438501
0.491729
0.570433
0.539154
0.51408
0.202897
0.355443
0.644966
0.660276
0.672628
0.631661
0.615271
0.619556
0.64524
0.617811
0.624178
0.637307
0.614901
0.640129
0.679078
0.657638
0.65974
0.71258
0.699479
0.769146
0.76524
0.787194
0.736365
0.766503
0.593709
0.705613
0.710088
0.692545
0.680106
0.794096
0.789149
0.687674
0.669327
0.60509
0.590963
0.709536
0.748341
0.774232
0.72744
0.666754
0.615108
0.627382
0.74833
0.71456
0.689491
0.670157
0.645121
0.777538
0.772737
0.662281
0.635904
0.639327
0.775724
0.789992
0.767843
0.772989
0.764535
0.786405
0.680439
0.658291
0.688449
0.621179
0.593621
0.597909
0.60072
0.570052
0.701611
0.686061
0.734224
0.656417
0.680359
0.71361
0.755117
0.768874
0.814429
0.802356
0.753681
0.779582
0.729192
0.720692
0.767099
0.788101
0.796847
0.674788
0.652523
0.665536
0.68984
0.689099
0.785167
0.794696
0.777775
0.74911
0.763067
0.784164
0.690495
0.714231
0.681766
0.678861
0.647497
0.724479
0.634352
0.852017
0.836446
0.8605
0.812491
0.808956
0.832328
0.85112
0.855138
0.7592
0.753467
0.778757
0.749073
0.743434
0.725606
0.739753
0.691397
0.674646
0.709515
0.742502
0.637434
0.649914
0.627049
0.654329
0.674901
0.637584
0.594754
0.616088
0.863901
0.864576
0.872746
0.691696
0.701802
0.685895
0.687982
0.774704
0.773073
0.77901
0.83165
0.805025
0.811575
0.781402
0.764346
0.747707
0.750461
0.728066
0.711438
0.720385
0.709292
0.701139
0.732784
0.75036
0.660227
0.679104
0.657293
0.681035
0.692607
0.737808
0.798725
0.719984
0.696429
0.748017
0.730883
0.760725
0.779389
0.789553
0.809442
0.80187
0.815196
0.804056
0.615889
0.597233
0.584555
0.654913
0.820335
0.807021
0.831257
0.780124
0.773506
0.672881
0.845051
0.846285
0.824428
0.811042
0.73645
0.694422
0.703169
0.68235
0.668121
0.826567
0.816563
0.819664
0.809001
0.819172
0.809223
0.742625
0.75515
0.77557
0.754607
0.753047
0.721108
0.682152
0.792029
0.776099
0.844066
0.838992
0.812145
0.786178
0.77526
0.799661
0.776758
0.816616
0.811565
0.817068
0.818924
0.743653
0.719983
0.733687
0.718508
0.704443
0.718105
0.814011
0.708042
0.679524
0.705645
0.852002
0.651954
0.799802
0.767662
0.805699
0.569149
0.811708
0.802214
0.792211
0.773171
0.639727
0.87558
0.885798
0.852231
0.947926
0.938397
0.9209
0.895479
0.877407
0.897471
0.923389
0.904831
0.914411
0.823138
0.829734
0.81057
0.833938
0.823951
0.813207
0.846436
0.834164
0.818822
0.882367
0.905627
0.886175
0.904551
0.932143
0.922425
0.797069
0.808899
0.968016
0.956843
0.970232
0.951876
0.970214
0.897808
0.914414
0.895754
0.896114
0.879986
0.956078
0.96951
0.844728
0.863211
0.849875
0.829877
0.850256
0.812468
0.823207
0.810681
0.803204
0.887249
0.902456
0.942572
0.942488
0.940081
0.850507
0.865704
0.936296
0.949229
0.95163
0.956391
0.946008
0.941553
0.943922
0.888824
0.908169
0.920628
0.955414
0.967651
0.845033
0.874023
0.794076
0.793735
0.875997
0.881248
0.86018
0.859156
0.875832
0.866035
0.84418
0.888421
0.885711
0.896099
0.857139
0.85293
0.942483
0.924115
0.932185
0.923012
0.939126
0.946607
0.983536
0.975682
0.856159
0.836564
0.874624
0.960636
0.824381
0.841523
0.865341
0.939154
0.96136
0.891576
0.87643
0.910062
0.928365
0.920391
0.896137
0.926462
0.891704
0.877652
0.867932
0.913242
0.949898
0.942675
0.919668
0.929443
0.913353
0.92331
0.866268
0.780692
0.765426
0.756276
0.762575
0.711049
0.853121
0.751124
0.738104
0.57221
0.561946
0.625094
0.597497
0.620832
0.576719
0.561535
0.62712
0.544253
0.544185
0.535968
0.579243
0.562643
0.598781
0.542471
