# DS2
# Number of vertices: 3522, Number of faces: 7040
# Preprocessing time: 4.1e-08
# Query time: 0.0138795
0.224543
0.266938
0.158381
0.282753
0.351599
0.342883
0.23638
0.284551
0.293769
0.239552
0.287913
0.205503
0.0996881
0.0409157
0.243975
0.399155
0
0.270607
0.182511
0.303136
0.346692
0.293442
0.395644
0.327003
0.397928
0.435974
0.36451
0.347019
0.209573
0.310335
0.316201
0.352254
0.39079
0.362183
0.306817
0.421697
0.305244
0.120197
0.0468216
0.0515839
0.0244468
0.39537
0.388077
0.28792
0.358221
0.340729
0.381489
0.369355
0.215935
0.334202
0.338288
0.364517
0.368938
0.328643
0.159201
0.0889913
0.262601
0.209241
0.159637
0.10884
0.0824486
0.0433849
0.0336465
0.338058
0.382759
0.415833
0.324709
0.403548
0.333804
0.488043
0.484942
0.416311
0.422773
0.429908
0.334459
0.293165
0.43693
0.407025
0.437776
0.402495
0.470704
0.40673
0.422711
0.445953
0.384951
0.45641
0.47345
0.258471
0.0285442
0.450277
0.44771
0.437918
0.56072
0.58315
0.612492
0.585017
0.672865
0.727771
0.672291
0.63422
0.722497
0.648471
0.625642
0.625257
0.688207
0.645182
0.64464
0.596255
0.566619
0.530523
0.716345
0.75281
0.761798
0.681078
0.678152
0.674187
0.771438
0.673386
0.629851
0.686687
0.646141
0.623598
0.727157
0.711282
0.691397
0.60576
0.599566
0.718543
0.731312
0.737594
0.700111
0.668294
0.597553
0.792365
0.710199
0.770098
0.675695
0.777534
0.754185
0.61899
0.777271
0.724828
0.719422
0.752359
0.677074
0.667512
0.776074
0.770739
0.58357
0.762781
0.537978
0.647523
0.586755
0.742385
0.651606
0.62735
0.760054
0.713642
0.724128
0.74819
0.664558
0.809393
0.724347
0.802411
0.666793
0.597176
0.875113
0.899605
0.899816
0.826148
0.752471
0.763251
0.802653
0.785067
0.903986
0.909413
0.93261
0.760135
0.815485
0.902233
0.88953
0.907159
0.871776
0.891471
0.863051
0.85068
0.799986
0.778567
0.871109
0.912631
0.819834
0.858802
0.916148
0.845693
0.76799
0.807911
0.786993
0.830063
0.814364
0.851205
0.84607
0.842579
0.867096
0.83526
0.879138
0.88938
0.835934
0.808439
0.751084
0.720753
0.721145
0.674768
0.781125
0.720175
0.458623
0.528182
0.542063
0.472842
0.505942
0.577159
0.539833
0.551103
0.207513
0.178598
0.183523
0.238577
0.245468
0.211575
0.260793
0.281903
0.25501
0.191507
0.20978
0.218037
0.24941
0.238847
0.269297
0.280586
0.263252
0.233871
0.29975
0.304902
0.272239
0.140484
0.171278
0.254976
0.227333
0.333104
0.31171
0.30475
0.283563
0.260246
0.0705806
0.109609
0.0692965
0.128597
0.11422
0.095026
0.0878414
0.11763
0.343863
0.327393
0.319527
0.366002
0.366853
0.234645
0.26305
0.319465
0.342655
0.323058
0.311525
0.331587
0.292916
0.290325
0.30101
0.318057
0.328835
0.312905
0.395914
0.430579
0.429355
0.177378
0.196209
0.154222
0.213207
0.342193
0.320706
0.313845
0.245954
0.227282
0.220461
0.234136
0.103726
0.130916
0.0681019
0.0711941
0.0432411
0.0965045
0.0655551
0.36067
0.33373
0.318882
0.35661
0.332361
0.364623
0.269746
0.269737
0.189154
0.206538
0.189566
0.228295
0.266023
0.300101
0.27395
0.294756
0.371466
0.319429
0.292914
0.139321
0.143507
0.162897
0.350467
0.331741
0.349837
0.413012
0.397704
0.425292
0.311575
0.358117
0.362797
0.301263
0.324467
0.312714
0.415488
0.391866
0.42077
0.34238
0.378378
0.369479
0.439454
0.421222
0.404415
0.310333
0.270402
0.290727
0.302514
0.284146
0.296712
0.28379
0.29439
0.32041
0.339515
0.3363
0.382478
0.36562
0.399807
0.3486
0.363976
0.372899
0.313073
0.289267
0.301708
0.382386
0.384811
0.419159
0.359856
0.392485
0.388003
0.418289
0.432489
0.461571
0.344519
0.321444
0.313324
0.0732297
0.0483288
0.066289
0.034402
0.0417439
0.0414718
0.0239787
0.0244941
0.0171265
0.0124808
0.0244487
0.0153221
0.258394
0.393238
0.40272
0.389611
0.351096
0.459992
0.422837
0.428261
0.401222
0.439989
0.315351
0.389429
0.304358
0.309658
0.386129
0.403339
0.370358
0.368498
0.376353
0.317782
0.340545
0.248285
0.353757
0.349567
0.327016
0.237134
0.379302
0.369094
0.356268
0.286816
0.315731
0.329239
0.346193
0.15903
0.129382
0.292861
0.28867
0.155668
0.181422
0.181651
0.377661
0.0635788
0.0709968
0.0375041
0.0602332
0.0434846
0.0288087
0.0178906
0.0117914
0.357649
0.445608
0.452557
0.429055
0.44663
0.440341
0.450252
0.439494
0.344502
0.331008
0.348387
0.372124
0.384247
0.413439
0.447699
0.465468
0.441998
0.46933
0.516484
0.486818
0.509495
0.461989
0.482795
0.448413
0.453495
0.391907
0.441302
0.435625
0.433603
0.418737
0.422836
0.421617
0.398336
0.442183
0.479598
0.478692
0.359634
0.365165
0.417499
0.43142
0.398054
0.388422
0.447322
0.517232
0.473165
0.507401
0.440669
0.417981
0.394918
0.405082
0.428056
0.380231
0.414378
0.379832
0.375084
0.376216
0.435627
0.52496
0.420567
0.399379
0.376952
0.492178
0.506244
0.402433
0.466241
0.548672
0.519794
0.490489
0.207425
0.348818
0.599223
0.615395
0.629457
0.584375
0.568534
0.569936
0.595223
0.564701
0.571781
0.587491
0.563188
0.584477
0.621652
0.600717
0.605477
0.647221
0.641653
0.706809
0.707659
0.729746
0.678179
0.705811
0.546379
0.645351
0.655684
0.651125
0.634945
0.732329
0.729699
0.637935
0.619769
0.560516
0.543497
0.654937
0.680333
0.710883
0.658577
0.606933
0.568091
0.583883
0.680483
0.648939
0.628768
0.616103
0.6026
0.712617
0.709285
0.637757
0.619858
0.61413
0.742087
0.76112
0.744534
0.729529
0.724112
0.745368
0.635239
0.612959
0.64197
0.580918
0.554259
0.56609
0.553872
0.530398
0.656435
0.635416
0.68119
0.611771
0.62654
0.66166
0.705044
0.717489
0.777864
0.763615
0.714539
0.731835
0.687347
0.675637
0.709651
0.732487
0.735669
0.643797
0.619694
0.627662
0.656885
0.661821
0.73731
0.747299
0.729298
0.701793
0.715745
0.735171
0.649312
0.669845
0.641392
0.637583
0.613136
0.67609
0.586999
0.797035
0.776204
0.798595
0.753315
0.746294
0.769449
0.788796
0.793148
0.70112
0.69578
0.717734
0.722213
0.70997
0.700726
0.698505
0.650876
0.632635
0.666966
0.703794
0.595242
0.605254
0.58104
0.6073
0.624997
0.587562
0.549115
0.566903
0.799954
0.802473
0.810382
0.646409
0.661642
0.652862
0.660813
0.722782
0.722588
0.729581
0.775691
0.751704
0.760646
0.734271
0.717198
0.705426
0.702575
0.683555
0.668175
0.674061
0.67028
0.660575
0.685078
0.696923
0.610852
0.626904
0.60692
0.631651
0.640774
0.687719
0.743566
0.669321
0.646553
0.694789
0.681124
0.706292
0.72558
0.736118
0.756786
0.749359
0.76399
0.753274
0.599983
0.576572
0.566911
0.607225
0.777339
0.760675
0.783128
0.730328
0.723464
0.621612
0.782653
0.782246
0.761469
0.747416
0.694503
0.658019
0.668583
0.642943
0.625411
0.778403
0.769966
0.770877
0.762679
0.773824
0.762385
0.694562
0.704754
0.724686
0.703003
0.700522
0.672115
0.633507
0.735182
0.724474
0.798207
0.790227
0.76372
0.739501
0.729608
0.75465
0.730731
0.773664
0.769218
0.771182
0.770579
0.689525
0.674417
0.688061
0.685007
0.682103
0.691386
0.761241
0.661033
0.63472
0.656315
0.792538
0.608269
0.752259
0.712463
0.742943
0.522127
0.758395
0.748917
0.737772
0.718754
0.601369
0.831855
0.83646
0.80457
0.889521
0.878506
0.86156
0.849634
0.830901
0.849772
0.874611
0.859281
0.865192
0.771295
0.778111
0.760673
0.783189
0.776911
0.761954
0.795527
0.781585
0.768938
0.840444
0.870782
0.844286
0.863246
0.895644
0.887874
0.74627
0.75663
0.928056
0.917476
0.922357
0.909758
0.928635
0.849071
0.864094
0.851852
0.849236
0.836863
0.897654
0.909463
0.797896
0.817912
0.805114
0.780692
0.803314
0.762602
0.771825
0.760124
0.755196
0.830283
0.846371
0.905291
0.898715
0.902118
0.798939
0.816734
0.888395
0.900822
0.901042
0.906876
0.898121
0.895207
0.897398
0.840854
0.85882
0.870956
0.907042
0.913711
0.795807
0.817212
0.743911
0.742698
0.829692
0.837262
0.814166
0.823891
0.827706
0.821759
0.797831
0.844163
0.830046
0.842155
0.810318
0.804611
0.901464
0.882718
0.890637
0.878734
0.900917
0.891976
0.92525
0.920058
0.807037
0.789274
0.825955
0.904424
0.775265
0.794241
0.820441
0.891258
0.913921
0.854262
0.835456
0.8605
0.882956
0.859515
0.835412
0.865478
0.849683
0.816708
0.815569
0.868015
0.891564
0.885815
0.861767
0.879523
0.861119
0.874618
0.81887
0.733521
0.719111
0.710565
0.717085
0.669725
0.807189
0.704938
0.693396
0.535206
0.519478
0.589396
0.560293
0.580155
0.543711
0.53609
0.584963
0.509351
0.497216
0.492102
0.534757
0.515851
0.556812
0.499912
0.194422
0.181799
0.195076
0.241118
0.229391
0.226233
0.271253
0.269337
0.256845
0.19933
0.212362
0.204674
0.232987
0.242904
0.227124
0.273687
0.265678
0.258566
0.250868
0.247976
0.235205
0.289765
0.293583
0.30265
0.266657
0.25223
0.259774
0.160176
0.174804
0.153132
0.254736
0.241198
0.240324
0.32366
0.308917
0.318052
0.2725
0.257945
0.268896
0.0898511
0.0888401
0.0683237
0.123854
0.105181
0.112277
0.101698
0.119599
0.105079
0.333435
0.321789
0.331997
0.355138
0.354577
0.366577
0.247636
0.261778
0.248143
0.323268
0.334288
0.330964
0.319243
0.321704
0.328355
0.28298
0.279628
0.289665
0.294439
0.312047
0.303705
0.316582
0.308445
0.319255
0.411844
0.43039
0.411634
0.194756
0.171763
0.192133
0.176422
0.163129
0.187099
0.212898
0.218603
0.20472
0.331019
0.315242
0.328127
0.236175
0.223931
0.233435
0.221125
0.218126
0.231356
0.121527
0.117335
0.133843
0.0696076
0.0561756
0.0551936
0.0822084
0.0670261
0.080334
0.34537
0.325239
0.339879
0.315512
0.299872
0.298281
0.342186
0.348274
0.357857
0.258081
0.257088
0.267802
0.1962
0.214497
0.205049
0.208967
0.216951
0.196871
0.27248
0.284499
0.284029
0.284286
0.281893
0.269551
0.380395
0.367648
0.382651
0.318131
0.306592
0.305288
0.139158
0.154517
0.1493
0.339696
0.341173
0.348945
0.405261
0.413286
0.418967
0.307344
0.315433
0.303951
0.210083
0.223021
0.221563
0.34999
0.353467
0.361527
0.281497
0.265869
0.278317
0.3137
0.31809
0.305855
0.405095
0.407755
0.419233
0.332982
0.336285
0.335227
0.363783
0.374501
0.35693
0.431095
0.421087
0.430728
0.421306
0.411154
0.409429
0.321451
0.317515
0.326435
0.286263
0.280409
0.296516
0.294809
0.287873
0.302117
0.290276
0.295906
0.306758
0.29705
0.310273
0.308239
0.33837
0.3289
0.330697
0.372722
0.382179
0.389783
0.334183
0.342638
0.340612
0.358557
0.35094
0.35617
0.384211
0.375213
0.390077
0.299958
0.294823
0.306419
0.383823
0.402017
0.400966
0.370595
0.373608
0.388392
0.392679
0.404509
0.408228
0.429306
0.446335
0.445588
0.331629
0.330052
0.320579
0.30327
0.312192
0.300786
0.0895095
0.072469
0.0870071
0.0553453
0.0554733
0.0649843
0.0390433
0.0456861
0.0416263
0.0730032
0.0550684
0.0561375
0.0353077
0.0326764
0.0287036
0.0199587
0.012122
0.0191639
0.0325988
0.0267044
0.0311892
0.0185529
0.0104025
0.017742
0.271402
0.271044
0.282797
0.400929
0.396168
0.390916
0.33576
0.325807
0.342318
0.148515
0.128103
0.131525
0.440016
0.423278
0.444402
0.421091
0.434778
0.413306
0.322413
0.321128
0.316927
0.377771
0.393822
0.382198
0.310887
0.32725
0.3174
0.302581
0.312518
0.308717
0.398737
0.40233
0.387465
0.355945
0.369452
0.356489
0.380401
0.386663
0.375896
0.308261
0.318984
0.30522
0.312791
0.324317
0.32869
0.247402
0.240444
0.256068
0.358131
0.354746
0.367848
0.362761
0.354055
0.366484
0.338376
0.338926
0.349233
0.320413
0.310239
0.319894
0.242469
0.253337
0.259086
0.380711
0.39081
0.391987
0.36137
0.36591
0.376023
0.29276
0.293039
0.302597
0.290022
0.300464
0.307224
0.32272
0.335606
0.331232
0.246249
0.2484
0.236097
0.17183
0.173713
0.185295
0.130091
0.14467
0.144952
0.112901
0.108919
0.125751
0.301514
0.288528
0.301248
0.300169
0.301139
0.288702
0.17121
0.168329
0.18415
0.185325
0.171195
0.177621
0.361729
0.365675
0.37307
0.0783797
0.0678251
0.0840908
0.0710862
0.0550085
0.0520988
0.0605227
0.0513818
0.0512346
0.0351139
0.0360128
0.041721
0.025636
0.0114432
0.0211698
0.021944
0.0149749
0.0238485
0.0209864
0.0184056
0.0135888
0.365839
0.374296
0.371505
0.374134
0.362208
0.378739
0.446159
0.452088
0.446938
0.278937
0.2911
0.275826
0.408886
0.423145
0.415598
0.439654
0.443161
0.434441
0.454001
0.450659
0.450093
0.4456
0.445824
0.438644
0.442014
0.43614
0.43226
0.355214
0.349657
0.351911
0.32774
0.338312
0.336588
0.359594
0.379922
0.368825
0.321985
0.329303
0.33876
0.393889
0.39872
0.408039
0.421703
0.438457
0.430253
0.455245
0.454302
0.465902
0.500893
0.498469
0.511898
0.475224
0.47494
0.464749
0.464731
0.451979
0.468635
0.376239
0.393738
0.379166
0.439508
0.436402
0.439301
0.426656
0.420069
0.428842
0.411062
0.409444
0.419447
0.461402
0.477317
0.459007
0.358874
0.349131
0.34364
0.42398
0.415343
0.406732
0.391757
0.375267
0.381452
0.447163
0.455578
0.439785
0.494531
0.493548
0.516018
0.427941
0.43249
0.443638
0.41004
0.405987
0.40118
0.415877
0.418555
0.426499
0.398928
0.398838
0.380892
0.377432
0.35898
0.360234
0.391211
0.389728
0.373478
0.433569
0.441287
0.432059
0.422485
0.430081
0.428596
0.495937
0.502948
0.517352
0.437241
0.434319
0.451912
0.406499
0.389008
0.404033
0.409787
0.429359
0.42166
0.363693
0.376621
0.389022
0.477747
0.500164
0.486807
0.428816
0.41081
0.424405
0.379997
0.366196
0.391147
0.433085
0.42433
0.426041
0.434028
0.455224
0.451968
0.44432
0.456619
0.455325
0.534816
0.519292
0.539503
0.47764
0.473181
0.479766
0.363449
0.376336
0.372864
0.359223
0.376167
0.361391
0.221839
0.220065
0.23426
0.145133
0.142853
0.133316
0.195491
0.181105
0.193707
0.385503
0.385581
0.369787
0.279716
0.286039
0.275298
0.383427
0.3904
0.387357
0.0724883
0.0757553
0.0621036
0.351122
0.343723
0.357524
0.341822
0.34714
0.353963
0.607265
0.622991
0.615167
0.591895
0.577272
0.583366
0.576985
0.590486
0.582246
0.565602
0.578349
0.57548
0.565277
0.573625
0.577499
0.610862
0.601339
0.612337
0.633384
0.632231
0.644435
0.707268
0.720573
0.719428
0.690776
0.705252
0.692909
0.565221
0.553924
0.558198
0.650741
0.65368
0.64657
0.642316
0.632335
0.641916
0.734123
0.733702
0.734653
0.63007
0.628433
0.636384
0.56246
0.555413
0.550157
0.639379
0.645196
0.649018
0.667921
0.660643
0.663783
0.69369
0.708168
0.696476
0.651873
0.663654
0.668251
0.591923
0.603195
0.595542
0.576233
0.572369
0.56154
0.668045
0.66388
0.651925
0.618419
0.620771
0.610861
0.637014
0.647329
0.637958
0.612263
0.619763
0.608802
0.697539
0.710847
0.69481
0.721335
0.719513
0.707303
0.628601
0.615715
0.631107
0.754046
0.75155
0.743313
0.728061
0.734623
0.737332
0.626619
0.625008
0.641531
0.566955
0.559162
0.572041
0.540068
0.542311
0.55179
0.644409
0.654359
0.667934
0.616897
0.629962
0.621206
0.681931
0.713634
0.688801
0.771454
0.774614
0.760934
0.728758
0.723319
0.735095
0.681941
0.697354
0.699876
0.720845
0.733713
0.721968
0.632897
0.6239
0.635333
0.659222
0.652603
0.651915
0.741298
0.739459
0.733146
0.708489
0.726717
0.718847
0.656948
0.655135
0.644029
0.63817
0.621134
0.626235
0.66022
0.639264
0.657685
0.57747
0.559996
0.57013
0.789282
0.788058
0.800019
0.749724
0.761435
0.764364
0.780437
0.790787
0.781841
0.69629
0.705509
0.708276
0.714986
0.70198
0.710953
0.71713
0.712113
0.703375
0.6431
0.649995
0.659151
0.676759
0.694308
0.684742
0.599556
0.619758
0.614145
0.59171
0.595424
0.60926
0.650315
0.637526
0.666487
0.603537
0.616235
0.599396
0.565121
0.557887
0.572401
0.802776
0.808605
0.806702
0.796115
0.803077
0.806276
0.646073
0.65672
0.652997
0.641298
0.648127
0.654985
0.720762
0.725385
0.72665
0.763245
0.758527
0.768595
0.728778
0.725777
0.720229
0.743018
0.7319
0.74179
0.713575
0.705518
0.709572
0.674742
0.670056
0.678993
0.667759
0.665992
0.663182
0.689014
0.698571
0.695098
0.615619
0.617375
0.604608
0.615861
0.63621
0.624212
0.694895
0.713638
0.726732
0.657019
0.657145
0.644235
0.681593
0.688867
0.676836
0.714174
0.709877
0.700022
0.747335
0.752499
0.741336
0.757906
0.759516
0.749706
0.588372
0.57929
0.585249
0.602643
0.610613
0.61138
0.606615
0.592634
0.5967
0.754402
0.769576
0.758946
0.724552
0.73377
0.719249
0.769293
0.772039
0.782187
0.744925
0.73175
0.749518
0.708448
0.701445
0.727249
0.626297
0.639877
0.643404
0.780676
0.772538
0.771681
0.752933
0.739405
0.749013
0.700322
0.688715
0.694017
0.795128
0.785868
0.791467
0.663297
0.663761
0.65771
0.650861
0.652344
0.659696
0.633484
0.634123
0.624666
0.775116
0.770153
0.7761
0.765852
0.771723
0.769106
0.755382
0.755564
0.76158
0.69881
0.683862
0.686658
0.691702
0.68767
0.70172
0.714545
0.704749
0.715746
0.701469
0.687842
0.688993
0.652178
0.63039
0.65341
0.74753
0.743408
0.756679
0.727324
0.726495
0.730291
0.791552
0.785144
0.793048
0.749903
0.733451
0.743815
0.747248
0.74135
0.733452
0.771739
0.761798
0.767513
0.775489
0.776191
0.769891
0.768334
0.774434
0.773899
0.678504
0.681664
0.687442
0.693512
0.687993
0.694176
0.675677
0.672326
0.676628
0.692933
0.685242
0.696216
0.67434
0.667997
0.671669
0.576121
0.564054
0.575032
0.743851
0.74403
0.720517
0.673648
0.678923
0.667657
0.639863
0.652086
0.647813
0.636937
0.616583
0.622777
0.684032
0.668681
0.670171
0.799026
0.793502
0.787548
0.616956
0.621731
0.62931
0.77099
0.762482
0.762047
0.795671
0.783885
0.787086
0.717875
0.719974
0.72359
0.704989
0.697216
0.706942
0.729625
0.743821
0.73151
0.757643
0.756569
0.74403
0.614163
0.604127
0.59666
0.71301
0.72331
0.724405
0.608069
0.612122
0.60009
0.542522
0.534558
0.532324
0.679448
0.667359
0.674477
0.698961
0.700555
0.690302
0.759331
0.763999
0.762775
0.754404
0.748988
0.742994
0.727186
0.735149
0.726357
0.591919
0.593276
0.600188
0.605695
0.60126
0.599871
0.833714
0.821682
0.819251
0.883985
0.869578
0.876497
0.840399
0.841654
0.850423
0.867998
0.863758
0.869995
0.7748
0.769887
0.766737
0.782452
0.770423
0.772801
0.790628
0.781052
0.786753
0.775809
0.769347
0.774655
0.857517
0.858128
0.843764
0.880233
0.892335
0.877222
0.744958
0.7513
0.75378
0.925093
0.921061
0.928376
0.918123
0.927685
0.919811
0.857655
0.865271
0.858454
0.851673
0.843531
0.844335
0.903941
0.900307
0.893978
0.808748
0.809925
0.799798
0.788999
0.790199
0.80016
0.784605
0.788206
0.765112
0.743586
0.762218
0.741884
0.756972
0.765911
0.772387
0.845927
0.838355
0.854
0.901934
0.898869
0.904268
0.808002
0.805253
0.798778
0.89473
0.901339
0.895173
0.904269
0.901474
0.898986
0.895858
0.897685
0.898392
0.846015
0.854901
0.850081
0.866172
0.868666
0.862123
0.916202
0.910698
0.918074
0.814153
0.823059
0.807292
0.744176
0.733553
0.734533
0.752419
0.742893
0.752418
0.832662
0.825418
0.820283
0.816075
0.807785
0.805704
0.82898
0.83834
0.840034
0.81197
0.786924
0.79955
0.837076
0.836308
0.841371
0.78705
0.780326
0.805911
0.821956
0.812026
0.829396
0.909542
0.909839
0.900207
0.876871
0.880391
0.887025
0.887424
0.8843
0.878707
0.902582
0.905959
0.90393
0.82976
0.840283
0.82595
0.903597
0.893836
0.90015
0.922796
0.915076
0.917661
0.79791
0.788189
0.797338
0.817456
0.816825
0.827092
0.908848
0.911313
0.917106
0.780916
0.783695
0.790376
0.828736
0.822424
0.827541
0.757343
0.756242
0.750538
0.895312
0.890737
0.885664
0.906929
0.900128
0.905869
0.770375
0.764443
0.767615
0.800319
0.790101
0.790877
0.837739
0.843576
0.826781
0.871859
0.870757
0.859288
0.894826
0.902262
0.892846
0.846789
0.849786
0.861094
0.843241
0.848785
0.853672
0.823076
0.823217
0.813409
0.855506
0.84747
0.85001
0.871716
0.875207
0.874412
0.924378
0.921947
0.932262
0.879971
0.871907
0.886417
0.899227
0.896572
0.891737
0.860856
0.87284
0.875196
0.888182
0.894174
0.885101
0.849501
0.854515
0.840615
0.881843
0.876311
0.88316
0.85946
0.860347
0.849823
0.822202
0.817716
0.808554
0.826266
0.82534
0.81471
0.861479
0.848489
0.850373
0.823985
0.830993
0.834153
0.876331
0.871311
0.867301
0.829543
0.847513
0.843851
0.896558
0.89661
0.90269
0.74239
0.743466
0.734726
0.723984
0.731631
0.725179
0.752849
0.741778
0.749289
0.649594
0.641383
0.636692
0.783171
0.77229
0.757479
0.714634
0.713425
0.715792
0.648415
0.660085
0.657998
0.721549
0.721977
0.729019
0.712499
0.701564
0.710517
0.769408
0.773332
0.775475
0.814589
0.804417
0.812431
0.800383
0.813207
0.806316
0.723832
0.707735
0.717446
0.694548
0.681485
0.68381
0.703575
0.706597
0.696428
0.521339
0.507837
0.522281
0.483883
0.499364
0.506851
0.57461
0.568644
0.58322
0.547097
0.552845
0.541143
0.542225
0.523874
0.531321
0.59806
0.594159
0.580729
0.504727
0.513193
0.498099
0.492399
0.507933
0.510789
0.540291
0.524855
0.533043
0.49745
0.487056
0.506734
0.528336
0.544818
0.538442
0.480694
0.495315
0.476252
0.551243
0.547167
0.530744
0.599694
0.60481
0.617243
0.590736
0.571041
0.575517
0.516463
0.504518
0.519829
0.563251
0.571651
0.559267
0.206436
0.195601
0.20909
0.193719
0.166831
0.170676
0.224625
0.209993
0.252162
0.255132
0.235644
0.216341
0.244679
0.240839
0.274619
0.283908
0.282119
0.268935
0.198993
0.212529
0.186411
0.197614
0.222945
0.226769
0.223066
0.242535
0.259446
0.254538
0.254783
0.282525
0.286963
0.27538
0.221055
0.266864
0.260768
0.247433
0.312372
0.314354
0.285837
0.298115
0.26802
0.278994
0.130387
0.147879
0.150479
0.192084
0.225354
0.268959
0.244516
0.231531
0.328436
0.314616
0.340511
0.329556
0.296755
0.295136
0.283184
0.28839
0.27548
0.246854
0.0502119
0.0496833
0.0932879
0.113098
0.108723
0.0894702
0.119461
0.101674
0.141917
0.134539
0.0964273
0.0883508
0.0911819
0.102005
0.0849582
0.135484
0.342739
0.330567
0.344256
0.337964
0.315792
0.309367
0.378769
0.380118
0.354152
0.354634
0.234707
0.249796
0.235383
0.276992
0.327103
0.338662
0.31126
0.344463
0.330881
0.336496
0.315649
0.310753
0.313416
0.324504
0.298769
0.298903
0.289797
0.279556
0.309946
0.283236
0.320566
0.329721
0.332461
0.325447
0.325663
0.30381
0.394902
0.411634
0.396163
0.413737
0.449811
0.449055
0.201375
0.151428
0.20811
0.188457
0.169302
0.137573
0.199262
0.225711
0.341784
0.327276
0.34747
0.338685
0.303965
0.301383
0.244718
0.230954
0.250085
0.240839
0.215588
0.211472
0.244734
0.223133
0.145783
0.108877
0.101145
0.11543
0.0550016
0.0443291
0.0836799
0.0852561
0.0569504
0.0430648
0.0931226
0.0780036
0.0985547
0.0546053
0.356198
0.335221
0.364849
0.352458
0.314079
0.305798
0.371784
0.374276
0.341786
0.327115
0.344455
0.360531
0.27801
0.279113
0.262928
0.257914
0.198604
0.176882
0.185832
0.225674
0.176127
0.202506
0.221675
0.236113
0.291834
0.254499
0.272814
0.290486
0.257674
0.289145
0.298271
0.292973
0.383208
0.356274
0.30711
0.291713
0.331251
0.296024
0.150474
0.158962
0.126566
0.12603
0.162243
0.171033
0.358485
0.35723
0.34051
0.328699
0.334932
0.34279
0.426224
0.431878
0.400913
0.392813
0.405662
0.419978
0.302246
0.32247
0.36985
0.372406
0.34621
0.353932
0.291847
0.29972
0.311921
0.323532
0.329995
0.325535
0.428104
0.430483
0.40013
0.388368
0.394615
0.40948
0.335781
0.333718
0.349714
0.369293
0.38779
0.382668
0.438408
0.430275
0.43971
0.41088
0.396631
0.399856
0.315228
0.309715
0.306971
0.275826
0.264997
0.275975
0.313622
0.31406
0.295879
0.291131
0.272179
0.278757
0.274385
0.291006
0.305622
0.318303
0.282429
0.322108
0.332834
0.345692
0.345064
0.327126
0.398037
0.406907
0.366077
0.358037
0.374603
0.392361
0.344512
0.350791
0.359574
0.365824
0.382289
0.363108
0.321237
0.313909
0.307594
0.296054
0.285945
0.293755
0.395376
0.416073
0.370867
0.371464
0.404988
0.421204
0.408101
0.361828
0.361103
0.377238
0.421969
0.375814
0.39761
0.411771
0.44728
0.458596
0.415115
0.465915
0.313288
0.344111
0.339954
0.328128
0.308118
0.32588
0.0925636
0.0569573
0.0768012
0.0465115
0.0518538
0.056311
0.0396754
0.0318666
0.0348509
0.0475024
0.0420549
0.0376347
0.0241708
0.0302763
0.0297379
0.0247555
0.0243176
0.0227584
0.00839888
0.00421492
0.0254001
0.025268
0.0223433
0.00746006
0.26106
0.257362
0.380679
0.381513
0.406641
0.4116
0.39724
0.393992
0.359943
0.345883
0.46613
0.450725
0.456703
0.440587
0.404922
0.406859
0.392734
0.411396
0.428869
0.454596
0.318738
0.323475
0.374651
0.406129
0.313125
0.29642
0.298186
0.322807
0.373963
0.389621
0.392046
0.41754
0.362605
0.360105
0.374519
0.378174
0.370862
0.378255
0.302249
0.33438
0.346071
0.337657
0.266261
0.232689
0.360845
0.342944
0.359507
0.341346
0.329774
0.329177
0.22627
0.249406
0.373076
0.384506
0.387144
0.355719
0.351684
0.360287
0.324764
0.274592
0.297061
0.309409
0.343336
0.318114
0.339265
0.347146
0.158379
0.159532
0.114833
0.143495
0.302996
0.30415
0.278575
0.274044
0.197908
0.157616
0.15647
0.168198
0.19491
0.169314
0.385335
0.37307
0.0883973
0.0732957
0.0539398
0.0559567
0.034099
0.0414797
0.0424947
0.0712445
0.0541695
0.0480234
0.0286111
0.0335236
0.0211575
0.0307597
0.00716844
0.00489713
0.370328
0.34722
0.445957
0.440572
0.449157
0.453622
0.422273
0.43464
0.43004
0.443297
0.447628
0.446104
0.450758
0.448775
0.429412
0.446546
0.349749
0.344018
0.317639
0.346616
0.357304
0.339019
0.35284
0.390039
0.422522
0.382489
0.389492
0.404744
0.436773
0.453419
0.475354
0.47835
0.455332
0.443941
0.438502
0.456688
0.524152
0.521292
0.504806
0.487823
0.485738
0.496148
0.453316
0.472558
0.487319
0.470203
0.476796
0.459903
0.436724
0.438187
0.372812
0.408565
0.44043
0.435852
0.433963
0.432437
0.433129
0.431727
0.43168
0.426156
0.410069
0.412306
0.427205
0.413143
0.400652
0.398761
0.438809
0.460417
0.448256
0.4667
0.493659
0.49436
0.344467
0.373537
0.373762
0.35806
0.400021
0.389566
0.433771
0.439791
0.423405
0.407793
0.403507
0.371702
0.430286
0.464878
0.538166
0.530092
0.495033
0.471849
0.473211
0.486706
0.456573
0.419941
0.410794
0.422149
0.395001
0.395836
0.434048
0.402671
0.407624
0.418404
0.360809
0.360019
0.395316
0.412899
0.412047
0.396062
0.393229
0.354713
0.357654
0.391371
0.423723
0.438888
0.539342
0.509243
0.422933
0.417899
0.415315
0.38988
0.404649
0.351695
0.492676
0.467626
0.51585
0.5212
0.41679
0.391597
0.468822
0.465155
0.554411
0.544745
0.527948
0.500943
0.487854
0.483077
0.210453
0.206787
0.364838
0.336027
0.606811
0.620854
0.591302
0.599998
0.628309
0.637304
0.576059
0.598538
0.571222
0.564059
0.576227
0.587899
0.564717
0.603671
0.577426
0.588107
0.553625
0.5576
0.584627
0.590489
0.589385
0.553035
0.573259
0.581756
0.622937
0.616478
0.622519
0.612228
0.590905
0.594004
0.659433
0.654613
0.635808
0.632144
0.718358
0.727474
0.691475
0.692411
0.716914
0.726643
0.678507
0.675018
0.69043
0.716953
0.553287
0.541836
0.63862
0.643585
0.655646
0.660843
0.655781
0.650823
0.642297
0.624173
0.731026
0.730215
0.728887
0.726427
0.643693
0.631589
0.622802
0.616353
0.547337
0.537912
0.571988
0.552538
0.662153
0.650313
0.68435
0.699355
0.676685
0.719854
0.674452
0.642204
0.60057
0.614709
0.550513
0.584518
0.588907
0.582455
0.637237
0.684267
0.676673
0.660155
0.607049
0.626357
0.6301
0.625174
0.594177
0.605679
0.691886
0.699723
0.722992
0.721906
0.645766
0.630309
0.628031
0.619644
0.601234
0.596894
0.72826
0.727731
0.746549
0.758972
0.750034
0.740037
0.738823
0.748898
0.721781
0.718771
0.729711
0.741134
0.652511
0.659801
0.623434
0.617421
0.60526
0.61988
0.586384
0.579237
0.57774
0.564318
0.546741
0.553356
0.565646
0.54277
0.52773
0.533883
0.681656
0.690003
0.625885
0.622978
0.647373
0.674015
0.606717
0.606118
0.613369
0.64578
0.66516
0.691993
0.655513
0.674349
0.740355
0.746306
0.750399
0.763892
0.789571
0.780044
0.743313
0.71474
0.710183
0.717863
0.703228
0.66883
0.660507
0.693337
0.712145
0.725389
0.709412
0.720634
0.745758
0.747741
0.644661
0.637374
0.643431
0.631272
0.610996
0.617045
0.65068
0.66432
0.666966
0.654895
0.729039
0.723979
0.745568
0.749337
0.748829
0.738721
0.713358
0.728122
0.689042
0.696634
0.734478
0.743218
0.639134
0.6321
0.663685
0.671708
0.668494
0.653731
0.621102
0.654728
0.617741
0.60563
0.672164
0.677742
0.580942
0.594348
0.805004
0.808155
0.787635
0.77762
0.773623
0.78563
0.766694
0.739134
0.734879
0.758619
0.769947
0.783362
0.76962
0.779008
0.797287
0.79942
0.712816
0.720995
0.688831
0.685616
0.706805
0.716865
0.715992
0.708108
0.727834
0.723471
0.696055
0.68943
0.688673
0.707539
0.665664
0.676452
0.637884
0.627673
0.639253
0.658249
0.696484
0.711497
0.609603
0.579946
0.58554
0.625078
0.624461
0.573664
0.585177
0.594269
0.637365
0.610475
0.587212
0.58944
0.579024
0.556328
0.542514
0.553407
0.802601
0.80651
0.795725
0.796601
0.807144
0.812481
0.657677
0.660671
0.636363
0.67064
0.665979
0.667939
0.639996
0.658507
0.731421
0.734919
0.716592
0.716539
0.726256
0.727968
0.778771
0.769429
0.769944
0.755769
0.7497
0.751309
0.713322
0.739243
0.723792
0.720204
0.7065
0.713141
0.697627
0.697399
0.688279
0.683651
0.679334
0.672603
0.662003
0.663503
0.655473
0.672625
0.668657
0.665399
0.688843
0.677757
0.686863
0.704978
0.599107
0.592606
0.6207
0.625713
0.633768
0.624707
0.631134
0.608699
0.653675
0.655793
0.76036
0.669101
0.703908
0.729661
0.634847
0.67146
0.666814
0.657829
0.670641
0.685868
0.704124
0.696125
0.692643
0.71872
0.728622
0.722055
0.730896
0.739087
0.743396
0.751992
0.75952
0.757389
0.74332
0.761637
0.765119
0.761018
0.591338
0.571378
0.593116
0.582947
0.567847
0.560382
0.615821
0.595417
0.765256
0.788173
0.793017
0.755256
0.762438
0.775796
0.748802
0.713749
0.74784
0.695902
0.610465
0.633996
0.774076
0.760818
0.788848
0.788285
0.775837
0.765093
0.760226
0.733365
0.702898
0.68445
0.651358
0.664267
0.667718
0.671412
0.643261
0.644588
0.615128
0.638125
0.778224
0.776193
0.777206
0.774207
0.762927
0.762288
0.76761
0.771695
0.75785
0.775499
0.766718
0.757733
0.708287
0.680417
0.713873
0.692376
0.724593
0.723363
0.713261
0.690922
0.673773
0.711524
0.688432
0.671946
0.65543
0.609264
0.739184
0.731079
0.726502
0.722181
0.800568
0.799533
0.801196
0.780808
0.757791
0.74014
0.770592
0.757101
0.726765
0.72294
0.723974
0.763247
0.750477
0.73989
0.775788
0.771126
0.774671
0.760204
0.763135
0.761122
0.775666
0.776123
0.699213
0.695251
0.680232
0.669406
0.685008
0.690348
0.681441
0.679627
0.688974
0.679276
0.675435
0.684047
0.766681
0.763238
0.655314
0.665058
0.642188
0.627778
0.661463
0.651471
0.778734
0.802986
0.605299
0.614106
0.751303
0.752843
0.711246
0.715806
0.730003
0.756873
0.522976
0.527864
0.752762
0.762162
0.737148
0.730487
0.758065
0.744153
0.722188
0.719693
0.600789
0.597641
0.818654
0.802891
0.844562
0.846852
0.825544
0.808364
0.882472
0.869016
0.896084
0.891846
0.862618
0.853775
0.859132
0.858299
0.838793
0.828301
0.833604
0.841962
0.873664
0.869963
0.872064
0.863411
0.854894
0.858352
0.763367
0.75667
0.778591
0.782834
0.771639
0.762551
0.77308
0.763128
0.79262
0.788922
0.766776
0.760689
0.791154
0.800597
0.781862
0.775889
0.782969
0.762843
0.828535
0.831026
0.847921
0.865486
0.865352
0.853593
0.8593
0.872689
0.866841
0.883772
0.904322
0.896243
0.759658
0.736652
0.754168
0.75709
0.935397
0.926447
0.917271
0.915975
0.914333
0.91673
0.912507
0.919079
0.908635
0.93647
0.850387
0.847721
0.855587
0.869563
0.84017
0.832703
0.85887
0.85721
0.84006
0.834742
0.887032
0.907318
0.912846
0.906117
0.789197
0.795409
0.810649
0.820482
0.816413
0.812633
0.814215
0.78148
0.781513
0.794019
0.741252
0.745922
0.783248
0.794859
0.743746
0.779717
0.745604
0.761184
0.860961
0.838145
0.822156
0.83107
0.907062
0.906432
0.905838
0.903843
0.893957
0.894766
0.79082
0.809176
0.819651
0.812525
0.88912
0.895005
0.889081
0.894747
0.907746
0.907318
0.894859
0.911362
0.903127
0.900403
0.89905
0.899911
0.891385
0.895789
0.843769
0.853499
0.836105
0.862483
0.867795
0.872109
0.922123
0.910767
0.901018
0.904521
0.788016
0.802546
0.804344
0.831089
0.733094
0.753775
0.753481
0.732797
0.818131
0.809126
0.841415
0.844547
0.834579
0.82626
0.832294
0.816037
0.818183
0.83717
0.808676
0.837724
0.8247
0.772566
0.848549
0.844694
0.839897
0.832022
0.831547
0.839816
0.830246
0.792524
0.813428
0.794438
0.889414
0.908339
0.89305
0.871647
0.870914
0.894888
0.889278
0.884534
0.905815
0.899594
0.896972
0.885093
0.920915
0.930096
0.92758
0.911814
0.80712
0.799348
0.808475
0.780148
0.835841
0.816142
0.899941
0.905002
0.801031
0.772764
0.78046
0.789053
0.824866
0.817059
0.880901
0.898056
0.912427
0.91531
0.817118
0.850066
0.860199
0.852174
0.851538
0.874074
0.885575
0.879492
0.871595
0.874001
0.847093
0.835159
0.839722
0.855496
0.858613
0.843119
0.804362
0.802304
0.826332
0.826893
0.865305
0.868332
0.897405
0.884436
0.8823
0.88885
0.876755
0.847776
0.875138
0.885109
0.858184
0.866771
0.882347
0.868276
0.813059
0.824876
0.726787
0.741203
0.719343
0.7199
0.718086
0.713742
0.710218
0.716238
0.670655
0.67376
0.819303
0.796
0.714122
0.692727
0.703797
0.684148
0.537049
0.530919
0.529058
0.511584
0.597168
0.593658
0.582795
0.566939
0.553074
0.564165
0.53414
0.556836
0.556899
0.514654
0.565061
0.604541
0.492776
0.524993
0.516761
0.477791
0.474119
0.511247
0.525627
0.550004
0.519561
0.509612
0.550142
0.561814
0.487369
0.513157
