# DS2
# Number of vertices: 3522, Number of faces: 7040
# Preprocessing time: 0.00906808
# Query time: 0.00288242
0.22522
0.267757
0.161636
0.283779
0.354009
0.344538
0.237516
0.286565
0.295761
0.241643
0.289862
0.208875
0.103279
0.0415917
0.246377
0.402852
0
0.273014
0.183547
0.305976
0.350647
0.294729
0.397714
0.330119
0.40157
0.439815
0.370174
0.349301
0.210715
0.313055
0.31876
0.358532
0.3969
0.365423
0.308709
0.426144
0.306569
0.121166
0.0503653
0.0543417
0.0250269
0.398879
0.39118
0.29126
0.360058
0.345605
0.384243
0.372396
0.217017
0.337195
0.341374
0.368321
0.372207
0.330122
0.160728
0.0945861
0.265356
0.21051
0.160526
0.109483
0.0840405
0.0435437
0.0344045
0.341064
0.385782
0.419504
0.327485
0.406994
0.336556
0.490669
0.487953
0.417826
0.425419
0.43503
0.336862
0.295661
0.4397
0.409949
0.440841
0.406237
0.474298
0.40933
0.426101
0.447851
0.387172
0.459001
0.475609
0.260421
0.0288349
0.455201
0.453112
0.440993
0.567459
0.588422
0.618226
0.590138
0.679889
0.737208
0.680743
0.640471
0.731248
0.655192
0.632585
0.632125
0.695574
0.651213
0.647597
0.601985
0.571868
0.534029
0.723023
0.760723
0.770501
0.687699
0.6856
0.68087
0.779369
0.679641
0.636039
0.693538
0.65145
0.627326
0.737657
0.718255
0.697805
0.610735
0.603551
0.724752
0.737822
0.74613
0.707437
0.673836
0.607475
0.801788
0.716087
0.77638
0.682785
0.787321
0.762795
0.625729
0.784565
0.731612
0.725872
0.761788
0.683964
0.675429
0.784863
0.779356
0.589521
0.772179
0.546104
0.651676
0.592217
0.750137
0.656122
0.63251
0.767785
0.722337
0.731862
0.756299
0.669802
0.818494
0.73287
0.809864
0.673046
0.601883
0.881943
0.9092
0.907801
0.832037
0.758325
0.770337
0.809357
0.791932
0.911677
0.918434
0.940409
0.768688
0.822287
0.909401
0.898424
0.916575
0.877434
0.899485
0.867804
0.855804
0.809387
0.790146
0.880781
0.92372
0.8266
0.866156
0.925589
0.851546
0.771445
0.810751
0.792925
0.834595
0.820845
0.861891
0.85294
0.848239
0.873278
0.841486
0.886157
0.896443
0.842956
0.813795
0.758817
0.728053
0.727495
0.680947
0.787364
0.732594
0.462851
0.531456
0.546065
0.476872
0.510468
0.58119
0.544091
0.554542
0.209858
0.180785
0.186398
0.23938
0.246418
0.21264
0.261883
0.282822
0.255654
0.192583
0.211126
0.219722
0.250462
0.240447
0.271326
0.281934
0.265574
0.235667
0.302249
0.308033
0.27324
0.142791
0.172366
0.256503
0.228052
0.334042
0.3139
0.305
0.286153
0.261435
0.0715989
0.110069
0.069636
0.129841
0.115236
0.0961374
0.0895394
0.120166
0.346773
0.33068
0.321326
0.369197
0.368655
0.236197
0.264662
0.321941
0.344871
0.326292
0.314719
0.335312
0.294824
0.291501
0.303201
0.320317
0.332024
0.316076
0.397459
0.433695
0.431596
0.177903
0.196804
0.154697
0.214641
0.344398
0.322669
0.315184
0.24869
0.229651
0.2238
0.235552
0.106287
0.135007
0.0704958
0.073603
0.045561
0.0989403
0.0699409
0.363516
0.335955
0.3216
0.359775
0.335782
0.368397
0.272009
0.273606
0.192939
0.208382
0.191341
0.230759
0.267086
0.302787
0.275943
0.296906
0.37176
0.321057
0.294528
0.139843
0.14472
0.16344
0.353858
0.335588
0.354171
0.417288
0.401526
0.429286
0.314505
0.360801
0.366087
0.30447
0.328038
0.316179
0.418546
0.395134
0.424354
0.346782
0.38162
0.37343
0.443948
0.425582
0.407545
0.313337
0.272478
0.293485
0.304389
0.286093
0.29898
0.285915
0.296779
0.322853
0.342533
0.340787
0.384674
0.369086
0.402875
0.354313
0.368342
0.378896
0.315833
0.291595
0.305395
0.385058
0.390733
0.424606
0.363735
0.395853
0.390927
0.421229
0.434711
0.46428
0.346187
0.324652
0.317608
0.0741176
0.0524342
0.0666826
0.0377827
0.0421936
0.0426232
0.0266785
0.0259295
0.0171672
0.0125581
0.0271465
0.0153685
0.260078
0.396346
0.406037
0.393073
0.352965
0.463553
0.426829
0.432119
0.405181
0.444369
0.321588
0.392427
0.3063
0.314359
0.388798
0.407648
0.3733
0.37193
0.378469
0.320836
0.342822
0.25103
0.355364
0.353902
0.33009
0.23904
0.38618
0.371303
0.359906
0.288536
0.317503
0.332181
0.34834
0.163027
0.132838
0.295396
0.291187
0.157139
0.183334
0.182189
0.381194
0.0646806
0.0716627
0.037506
0.0625845
0.0442375
0.0295256
0.0179788
0.0120602
0.361999
0.450612
0.457008
0.432546
0.450352
0.443551
0.453707
0.443556
0.347737
0.334561
0.351211
0.375401
0.388764
0.418133
0.451143
0.467295
0.442357
0.471243
0.519486
0.489402
0.512742
0.464472
0.485826
0.451938
0.456277
0.394464
0.445257
0.439331
0.43745
0.423395
0.426339
0.425651
0.401893
0.445493
0.483803
0.482113
0.360433
0.366201
0.419447
0.433341
0.399413
0.390771
0.448533
0.520386
0.476873
0.51104
0.444995
0.422265
0.39891
0.40838
0.431603
0.382664
0.416931
0.382324
0.377303
0.379526
0.43849
0.526734
0.423187
0.402321
0.378774
0.495466
0.507647
0.403538
0.471042
0.556304
0.523661
0.494676
0.208447
0.351661
0.605455
0.621276
0.636241
0.590867
0.57438
0.575305
0.600073
0.574163
0.576461
0.595582
0.568381
0.590154
0.628054
0.606934
0.611358
0.654212
0.648199
0.714934
0.716222
0.737505
0.686462
0.714387
0.551745
0.654054
0.665205
0.656326
0.639293
0.740301
0.739233
0.644651
0.624571
0.563241
0.547958
0.662198
0.688155
0.719015
0.665692
0.613259
0.571978
0.587785
0.688307
0.656587
0.635859
0.621115
0.608146
0.720277
0.718022
0.646855
0.624995
0.617928
0.748495
0.770044
0.750708
0.738643
0.732297
0.754171
0.64165
0.617832
0.646933
0.585587
0.55891
0.570844
0.558381
0.53425
0.664109
0.640432
0.687861
0.617645
0.633141
0.665847
0.710834
0.721652
0.785135
0.771702
0.72262
0.739678
0.693481
0.683573
0.716437
0.739541
0.742735
0.647803
0.622481
0.633505
0.663766
0.665801
0.74568
0.755395
0.736673
0.708523
0.722318
0.740849
0.657003
0.676206
0.647508
0.643459
0.619174
0.681477
0.591222
0.80502
0.783175
0.806291
0.760445
0.753139
0.777233
0.795922
0.801665
0.707582
0.702035
0.724573
0.733801
0.717778
0.712272
0.706491
0.656485
0.638361
0.672973
0.70966
0.599821
0.611184
0.58562
0.612559
0.632562
0.594883
0.553564
0.572378
0.807489
0.809344
0.818869
0.650841
0.667177
0.659039
0.673069
0.730421
0.732152
0.738471
0.783832
0.758959
0.766669
0.742112
0.724704
0.712064
0.708144
0.689519
0.672827
0.679497
0.676198
0.666222
0.689397
0.703583
0.615917
0.632306
0.611528
0.637823
0.64691
0.693844
0.750013
0.675764
0.651779
0.701394
0.686373
0.712579
0.732427
0.743083
0.763903
0.756601
0.771474
0.760521
0.605489
0.581288
0.568866
0.613401
0.787038
0.76434
0.788588
0.735861
0.727808
0.626182
0.789018
0.789535
0.767633
0.753553
0.699668
0.666364
0.677149
0.649023
0.630457
0.788274
0.778732
0.780313
0.770602
0.782947
0.770206
0.700053
0.711502
0.732825
0.710397
0.706882
0.678223
0.639529
0.743478
0.732027
0.803847
0.795288
0.773497
0.751044
0.73925
0.763725
0.739748
0.781619
0.777815
0.779362
0.779854
0.69491
0.681347
0.698459
0.691318
0.687189
0.697213
0.766311
0.665278
0.638655
0.662195
0.80043
0.612678
0.761441
0.721198
0.750536
0.526938
0.766246
0.757825
0.745592
0.725193
0.606812
0.839439
0.843439
0.811845
0.895508
0.88541
0.867479
0.855533
0.836853
0.855929
0.879884
0.86535
0.869756
0.777158
0.785816
0.766677
0.791038
0.786104
0.770801
0.80316
0.788274
0.776168
0.847436
0.87864
0.850839
0.87315
0.905852
0.896842
0.753856
0.765218
0.935782
0.927906
0.930202
0.919076
0.936418
0.85346
0.86996
0.85795
0.853973
0.841897
0.904741
0.916182
0.803618
0.8254
0.811847
0.785706
0.809078
0.769716
0.778263
0.766488
0.761178
0.835945
0.852787
0.916382
0.906059
0.911208
0.805254
0.824574
0.895611
0.908137
0.911805
0.915388
0.906739
0.901884
0.907264
0.846197
0.864525
0.876731
0.915811
0.921152
0.801238
0.82365
0.750712
0.75129
0.835163
0.843966
0.820379
0.829813
0.83153
0.831249
0.807551
0.850615
0.837825
0.85133
0.820121
0.811585
0.911121
0.89019
0.899147
0.885612
0.91005
0.899462
0.932231
0.927103
0.810584
0.792431
0.831458
0.911771
0.780518
0.798327
0.825365
0.898692
0.921273
0.862986
0.843969
0.869449
0.89189
0.866392
0.842132
0.872705
0.857005
0.823228
0.821744
0.872867
0.899031
0.893263
0.869085
0.886176
0.867724
0.88165
0.822809
0.741021
0.729134
0.718789
0.726065
0.677589
0.811498
0.712177
0.701898
0.537237
0.523437
0.591867
0.56268
0.58442
0.547191
0.539209
0.588935
0.513437
0.502895
0.49596
0.539661
0.520841
0.560765
0.503521
0.196708
0.184476
0.197866
0.242243
0.230356
0.227302
0.272435
0.270017
0.257622
0.200899
0.213173
0.205819
0.23458
0.244888
0.229007
0.274926
0.266748
0.259352
0.253031
0.250001
0.237149
0.292152
0.295885
0.305353
0.267227
0.2528
0.260724
0.162376
0.17619
0.154512
0.25576
0.242224
0.241164
0.324841
0.308992
0.31849
0.273472
0.258879
0.271015
0.090315
0.0891796
0.0692669
0.124975
0.106418
0.113495
0.103507
0.121372
0.106542
0.337138
0.325408
0.334278
0.358321
0.357491
0.369592
0.249723
0.263865
0.249728
0.326178
0.337355
0.333634
0.322544
0.325099
0.331692
0.284268
0.280875
0.290975
0.296048
0.313256
0.305556
0.319332
0.311249
0.323129
0.414593
0.431983
0.413872
0.195686
0.172197
0.192665
0.17699
0.16362
0.187642
0.213515
0.219432
0.205305
0.333499
0.317195
0.329714
0.238598
0.226934
0.236676
0.222556
0.220494
0.232898
0.123711
0.120955
0.136542
0.0722221
0.0581559
0.0575315
0.0846033
0.0712334
0.0847266
0.348249
0.328017
0.342686
0.317816
0.302585
0.300514
0.344765
0.35202
0.360841
0.261351
0.260402
0.271663
0.200429
0.218292
0.208589
0.211138
0.218929
0.198901
0.274796
0.284979
0.288411
0.286142
0.283923
0.271666
0.382392
0.369577
0.383476
0.320301
0.308222
0.307458
0.139801
0.155572
0.150153
0.343613
0.345456
0.352959
0.409373
0.415885
0.422826
0.309242
0.317654
0.306062
0.211227
0.224562
0.222873
0.352668
0.355556
0.364023
0.283717
0.267975
0.27993
0.317211
0.320875
0.308582
0.408394
0.411322
0.422609
0.336963
0.340052
0.338913
0.368221
0.378511
0.360085
0.434804
0.42484
0.434665
0.425951
0.416476
0.413462
0.324808
0.320049
0.32944
0.289034
0.283608
0.299836
0.296092
0.289436
0.304151
0.292147
0.298134
0.308825
0.299254
0.312492
0.310674
0.340935
0.332175
0.333431
0.376778
0.385046
0.393463
0.338023
0.347783
0.34461
0.362892
0.355096
0.361342
0.388175
0.379178
0.393359
0.302473
0.297389
0.308873
0.388011
0.40731
0.406188
0.375571
0.377324
0.392484
0.395673
0.407439
0.41123
0.431896
0.448923
0.448608
0.333171
0.332714
0.322744
0.306118
0.316681
0.303452
0.0908802
0.0738378
0.0895052
0.0589655
0.0605647
0.0688417
0.0401132
0.0468386
0.0455432
0.0748674
0.0559265
0.0578657
0.0388275
0.0349098
0.0322886
0.0216616
0.0136459
0.0194349
0.0312782
0.0309042
0.0315778
0.0197191
0.0130382
0.0210541
0.27311
0.272674
0.284541
0.404058
0.400187
0.394063
0.337169
0.326341
0.343888
0.149531
0.129118
0.131896
0.44364
0.42682
0.447797
0.42525
0.437955
0.416472
0.326175
0.326218
0.319317
0.380617
0.398204
0.386026
0.312503
0.328869
0.320162
0.307648
0.318479
0.313388
0.40159
0.404412
0.389957
0.357492
0.36991
0.35851
0.384571
0.390018
0.378937
0.310704
0.323436
0.309648
0.31522
0.327981
0.330781
0.24988
0.241401
0.25791
0.360611
0.356702
0.370975
0.366548
0.357189
0.369299
0.341597
0.340777
0.352047
0.322506
0.313276
0.321765
0.244536
0.256343
0.261346
0.385277
0.396324
0.395413
0.363674
0.369133
0.378399
0.293479
0.294425
0.304067
0.291726
0.302615
0.309119
0.324877
0.33739
0.333238
0.247745
0.249562
0.23767
0.175172
0.177713
0.188745
0.133947
0.148532
0.148909
0.115917
0.111431
0.128802
0.30436
0.29129
0.30401
0.302616
0.304488
0.291423
0.172985
0.16999
0.186118
0.186275
0.172054
0.178488
0.361903
0.368352
0.375751
0.0795371
0.0688927
0.0849002
0.072136
0.055505
0.0524307
0.0617404
0.0523847
0.0524434
0.035489
0.0367578
0.0420993
0.0260306
0.0114432
0.0218757
0.0223631
0.0154733
0.0247686
0.021541
0.0209579
0.0141907
0.372121
0.381261
0.376538
0.377358
0.367243
0.382025
0.450506
0.456628
0.450734
0.281535
0.293691
0.278313
0.412185
0.426455
0.419092
0.443375
0.447441
0.437994
0.45746
0.455152
0.453501
0.449053
0.449194
0.442008
0.446155
0.440488
0.43638
0.360682
0.354634
0.356201
0.331088
0.341579
0.34054
0.362543
0.382871
0.371712
0.324937
0.332066
0.341953
0.39909
0.403155
0.411621
0.425432
0.441591
0.434657
0.456212
0.456447
0.46847
0.503482
0.501413
0.515047
0.477661
0.477498
0.466683
0.467863
0.455082
0.471523
0.378654
0.396378
0.382021
0.443257
0.442425
0.443522
0.430018
0.423912
0.433428
0.415074
0.413358
0.423807
0.465367
0.480893
0.462344
0.360589
0.350166
0.345012
0.42606
0.416768
0.40868
0.393164
0.377035
0.382555
0.449441
0.457791
0.441368
0.497523
0.497257
0.519729
0.432267
0.436102
0.447269
0.413739
0.409806
0.405141
0.418412
0.422091
0.429804
0.401311
0.40134
0.383226
0.379817
0.360715
0.362617
0.394176
0.392718
0.376561
0.438
0.44599
0.435976
0.42547
0.433471
0.431695
0.499734
0.505388
0.520578
0.439945
0.436718
0.453618
0.409205
0.391434
0.406602
0.413581
0.433216
0.424602
0.366938
0.379822
0.391731
0.480801
0.502996
0.489316
0.429725
0.411706
0.424656
0.380761
0.367778
0.39295
0.436809
0.427173
0.428741
0.437726
0.45943
0.45472
0.448542
0.461096
0.459747
0.540669
0.522724
0.543082
0.482372
0.476086
0.482459
0.367881
0.379936
0.377377
0.361432
0.378284
0.363436
0.223676
0.22164
0.236907
0.14633
0.1443
0.133511
0.196031
0.181882
0.194353
0.388602
0.389001
0.372879
0.28179
0.288438
0.277399
0.386697
0.394106
0.390846
0.0743109
0.0781047
0.0631583
0.35407
0.347338
0.360391
0.346352
0.350481
0.356953
0.613601
0.62937
0.621206
0.597789
0.582782
0.589641
0.582986
0.596123
0.587654
0.573578
0.584728
0.584407
0.569875
0.579075
0.582226
0.617141
0.607304
0.618491
0.639899
0.638756
0.651115
0.715018
0.728352
0.728261
0.699233
0.713901
0.700998
0.569416
0.557957
0.563568
0.659075
0.661482
0.654028
0.647262
0.637581
0.647186
0.743824
0.74342
0.743673
0.635493
0.632302
0.641987
0.567196
0.560393
0.554009
0.645962
0.652266
0.655641
0.676235
0.668799
0.673118
0.701485
0.716403
0.704551
0.658838
0.670778
0.67582
0.598141
0.609677
0.601606
0.580758
0.576048
0.56581
0.67518
0.671739
0.659043
0.62483
0.627324
0.616603
0.644663
0.655601
0.645727
0.617053
0.624946
0.613861
0.705106
0.718876
0.703134
0.730755
0.728695
0.716345
0.636514
0.619641
0.635299
0.761809
0.760771
0.749864
0.737266
0.742812
0.746537
0.632501
0.629962
0.647475
0.571613
0.563924
0.577691
0.545003
0.546895
0.557345
0.650303
0.661742
0.672155
0.622266
0.63487
0.626898
0.686121
0.718471
0.691956
0.781064
0.782544
0.769642
0.736655
0.730629
0.743076
0.688217
0.705409
0.706337
0.72789
0.741314
0.728885
0.635996
0.627386
0.638889
0.663392
0.656134
0.656084
0.748688
0.746869
0.740531
0.713967
0.732758
0.724926
0.664564
0.661905
0.651063
0.644813
0.627345
0.632158
0.66535
0.64487
0.663109
0.581908
0.564179
0.573693
0.796704
0.796125
0.808315
0.756569
0.768283
0.771226
0.78833
0.799015
0.789736
0.702622
0.712294
0.714661
0.724695
0.712022
0.723521
0.724051
0.72021
0.710273
0.64898
0.655731
0.664593
0.682398
0.699671
0.691072
0.605031
0.625443
0.61966
0.597418
0.600576
0.614024
0.658041
0.646618
0.675699
0.610991
0.621969
0.605109
0.569638
0.562498
0.57736
0.811533
0.817616
0.814406
0.804836
0.812213
0.814624
0.650322
0.661804
0.658066
0.652337
0.659391
0.664407
0.72936
0.735254
0.735336
0.770883
0.766162
0.77674
0.737806
0.733725
0.728785
0.750092
0.738934
0.74885
0.719148
0.710667
0.716424
0.679876
0.674871
0.684817
0.673685
0.671729
0.668632
0.696373
0.705966
0.699433
0.621282
0.622945
0.609725
0.621967
0.642444
0.630465
0.701138
0.720169
0.732952
0.662834
0.663657
0.650746
0.688148
0.695971
0.68385
0.72099
0.716341
0.706791
0.754327
0.759928
0.748577
0.765217
0.767208
0.758003
0.593636
0.581427
0.588015
0.609284
0.614939
0.618774
0.61278
0.598766
0.601399
0.763167
0.778516
0.76865
0.730412
0.745273
0.725495
0.774647
0.777411
0.787629
0.751019
0.737819
0.752099
0.713835
0.706905
0.732277
0.631009
0.644684
0.648945
0.78809
0.779247
0.777731
0.758634
0.745095
0.755034
0.706103
0.694057
0.700403
0.801299
0.79197
0.799002
0.671689
0.670959
0.66487
0.658534
0.657838
0.6658
0.639588
0.640716
0.630746
0.78411
0.779125
0.785589
0.774187
0.78025
0.77746
0.763072
0.76302
0.769759
0.704381
0.689908
0.691685
0.697748
0.69312
0.707767
0.722362
0.71198
0.723026
0.708504
0.694079
0.695881
0.658229
0.636437
0.659452
0.755307
0.750192
0.763499
0.735133
0.734112
0.738273
0.797268
0.79025
0.798271
0.759148
0.742623
0.75351
0.757459
0.750396
0.743784
0.781253
0.770901
0.776628
0.78446
0.785468
0.778858
0.776074
0.783478
0.782406
0.685507
0.690782
0.695004
0.700611
0.695114
0.7063
0.684845
0.680061
0.683007
0.699748
0.690489
0.700874
0.684205
0.67123
0.675784
0.583069
0.572066
0.583657
0.748786
0.748288
0.72374
0.677959
0.68438
0.673023
0.644707
0.657774
0.651932
0.643234
0.622694
0.628954
0.69026
0.674672
0.676394
0.806478
0.799868
0.794717
0.621767
0.625756
0.633758
0.780539
0.771846
0.77132
0.804311
0.792412
0.795071
0.727117
0.7272
0.732917
0.71284
0.704276
0.713297
0.736882
0.751152
0.738349
0.764894
0.76411
0.751103
0.618393
0.608606
0.600534
0.720588
0.731138
0.732158
0.612511
0.617459
0.604843
0.547377
0.539858
0.536759
0.68509
0.673208
0.679562
0.705664
0.706069
0.695733
0.767288
0.77185
0.769933
0.762114
0.75682
0.750625
0.734932
0.742925
0.733322
0.596526
0.597278
0.605111
0.610423
0.610568
0.607986
0.84105
0.828846
0.826638
0.890356
0.875746
0.882477
0.845381
0.847649
0.855461
0.873563
0.868378
0.874573
0.781752
0.776474
0.772593
0.790592
0.779413
0.781258
0.798471
0.78908
0.794108
0.782126
0.775796
0.781114
0.865292
0.865104
0.851407
0.890433
0.902639
0.887522
0.753467
0.760423
0.762158
0.935639
0.931117
0.938244
0.925833
0.936035
0.928054
0.861484
0.869237
0.862987
0.85618
0.847971
0.849914
0.910808
0.906809
0.900142
0.81563
0.817049
0.806806
0.794041
0.795947
0.805087
0.791727
0.795064
0.771967
0.750104
0.769135
0.748992
0.764385
0.773195
0.779373
0.8517
0.84423
0.859924
0.910807
0.907363
0.914077
0.815299
0.812905
0.80541
0.902
0.911042
0.904482
0.917114
0.912056
0.91042
0.903212
0.905653
0.905146
0.850797
0.859718
0.85573
0.871903
0.875168
0.868498
0.923346
0.918416
0.925671
0.819814
0.828709
0.813041
0.751697
0.741977
0.742212
0.760994
0.751456
0.761145
0.838632
0.832286
0.825998
0.821728
0.813642
0.810936
0.833169
0.842435
0.844301
0.82156
0.796363
0.80865
0.844714
0.844859
0.850247
0.796852
0.790528
0.81642
0.828883
0.819423
0.839199
0.920041
0.920268
0.909974
0.884427
0.888243
0.895476
0.895408
0.892403
0.886541
0.912517
0.916809
0.913438
0.837728
0.84891
0.834689
0.910886
0.900862
0.907499
0.930458
0.921579
0.925026
0.802004
0.79171
0.801531
0.821265
0.821089
0.830675
0.91618
0.91926
0.924576
0.784464
0.788842
0.794007
0.8337
0.829154
0.835031
0.765681
0.764864
0.75874
0.903658
0.902319
0.89584
0.914274
0.906003
0.911745
0.778219
0.772031
0.775462
0.807153
0.796728
0.797799
0.846968
0.852259
0.835986
0.881253
0.881098
0.870592
0.903971
0.911429
0.902049
0.853666
0.856752
0.867823
0.850226
0.855043
0.860502
0.830033
0.830239
0.820192
0.8623
0.854217
0.857161
0.876452
0.881282
0.880327
0.933924
0.929311
0.940174
0.887437
0.87963
0.894142
0.90743
0.903652
0.89907
0.867903
0.87998
0.882652
0.894841
0.901803
0.892536
0.856428
0.861141
0.847217
0.888995
0.882007
0.888949
0.866763
0.86592
0.857102
0.828184
0.823763
0.815074
0.833218
0.831663
0.82123
0.869712
0.858677
0.857399
0.828897
0.835374
0.840098
0.88296
0.877852
0.874229
0.837913
0.857343
0.853187
0.905222
0.905197
0.911361
0.751115
0.752404
0.743389
0.734028
0.740091
0.733539
0.759103
0.747505
0.755122
0.655367
0.646807
0.642371
0.788635
0.777976
0.762908
0.723936
0.722128
0.725644
0.654869
0.666733
0.665796
0.731162
0.731003
0.738198
0.718724
0.707786
0.716956
0.774642
0.778347
0.78115
0.818976
0.810568
0.818665
0.804567
0.816518
0.810117
0.730927
0.7148
0.72458
0.70317
0.690187
0.691737
0.711344
0.714839
0.704411
0.523628
0.510013
0.524221
0.487725
0.502865
0.510696
0.577011
0.571863
0.586612
0.549265
0.556283
0.544577
0.545337
0.52698
0.534471
0.601862
0.598963
0.585118
0.508507
0.51887
0.502653
0.496291
0.512175
0.514755
0.545595
0.53007
0.537491
0.502447
0.491226
0.510858
0.532639
0.549411
0.542238
0.484093
0.498932
0.479582
0.55453
0.548487
0.532435
0.602593
0.60744
0.619584
0.594338
0.574698
0.580293
0.519911
0.508443
0.523976
0.568847
0.576706
0.563754
0.209329
0.198709
0.210482
0.195105
0.169372
0.173253
0.225712
0.21077
0.252977
0.256364
0.236134
0.216875
0.245585
0.241519
0.275963
0.28542
0.282359
0.269775
0.200088
0.214085
0.187977
0.198502
0.224784
0.227343
0.224992
0.243157
0.261612
0.25652
0.256798
0.284305
0.288719
0.277547
0.222359
0.268874
0.262982
0.249958
0.315089
0.317541
0.28825
0.300316
0.269252
0.279631
0.131764
0.148944
0.152769
0.193189
0.225995
0.270285
0.24542
0.232431
0.329054
0.31535
0.342186
0.331949
0.298085
0.295223
0.285072
0.289372
0.27667
0.248033
0.0511411
0.0505371
0.0947877
0.113565
0.109741
0.0906313
0.118906
0.102378
0.143439
0.135491
0.0983959
0.089355
0.0928287
0.106468
0.0876623
0.137713
0.345287
0.332793
0.347932
0.340766
0.318859
0.312119
0.381842
0.381942
0.357855
0.356358
0.236302
0.251681
0.237444
0.27908
0.329079
0.341142
0.31393
0.347752
0.333973
0.339729
0.318939
0.313615
0.316476
0.328097
0.300152
0.300109
0.291114
0.280685
0.312466
0.284444
0.323012
0.331909
0.335822
0.327577
0.328973
0.306236
0.397088
0.414011
0.399249
0.417082
0.452813
0.451105
0.201868
0.151916
0.208692
0.189175
0.170399
0.138091
0.20037
0.227488
0.343835
0.330255
0.350074
0.340737
0.30592
0.302462
0.248329
0.234708
0.251931
0.242663
0.218482
0.214986
0.246402
0.224368
0.149048
0.110251
0.104505
0.119246
0.0591527
0.0483426
0.0866389
0.0883735
0.0583138
0.0445018
0.0977488
0.0830628
0.101566
0.0584126
0.358507
0.337526
0.367728
0.355563
0.315489
0.307779
0.37483
0.377409
0.344602
0.329503
0.346199
0.363291
0.281335
0.282952
0.264767
0.262027
0.201916
0.180876
0.188037
0.227854
0.177971
0.204475
0.223974
0.238102
0.296087
0.256806
0.275637
0.293315
0.259208
0.291475
0.300724
0.295051
0.386049
0.358169
0.308599
0.293827
0.332897
0.298386
0.150673
0.159492
0.127417
0.127083
0.163741
0.172305
0.362016
0.361265
0.34384
0.332439
0.338351
0.346926
0.430083
0.434516
0.404892
0.396789
0.409367
0.424314
0.304068
0.325279
0.373011
0.375634
0.348799
0.357102
0.29409
0.303135
0.315266
0.326981
0.332878
0.328621
0.431162
0.433866
0.403185
0.391463
0.398229
0.413045
0.339323
0.337033
0.35351
0.373674
0.393908
0.388041
0.442598
0.434691
0.44319
0.414767
0.402957
0.405432
0.318683
0.312649
0.309765
0.279137
0.267765
0.27873
0.315728
0.31639
0.298695
0.293582
0.273435
0.281018
0.276576
0.292871
0.308242
0.321008
0.284634
0.324352
0.335554
0.35052
0.348496
0.330258
0.401954
0.409781
0.370009
0.361513
0.377653
0.395587
0.347383
0.355151
0.363379
0.369938
0.388185
0.369041
0.324175
0.316895
0.310397
0.298807
0.288908
0.297807
0.397548
0.418698
0.375737
0.375067
0.40932
0.425632
0.411489
0.365652
0.365405
0.380517
0.424983
0.378741
0.40056
0.414726
0.449656
0.461493
0.417333
0.468626
0.315586
0.346437
0.343033
0.332801
0.309815
0.329238
0.0935319
0.0576935
0.0817284
0.0501031
0.0532597
0.0575583
0.0432607
0.0327582
0.0352881
0.0483405
0.0428875
0.0388772
0.0274744
0.0316717
0.030052
0.0249995
0.0261619
0.0230079
0.0083989
0.00421493
0.0258286
0.0255817
0.022634
0.00746005
0.262222
0.258791
0.383573
0.384942
0.409803
0.414754
0.40135
0.397501
0.362328
0.347663
0.470129
0.454717
0.460549
0.444814
0.408405
0.410508
0.395899
0.415684
0.433241
0.457779
0.321657
0.329888
0.376407
0.409105
0.315761
0.29803
0.302278
0.327675
0.376299
0.39312
0.395476
0.420152
0.365603
0.361953
0.378283
0.38013
0.375756
0.380898
0.303535
0.337732
0.349313
0.342033
0.26789
0.234143
0.364539
0.347075
0.36352
0.345098
0.33346
0.332567
0.227532
0.251626
0.377039
0.391209
0.38927
0.357331
0.354502
0.365495
0.326689
0.276259
0.298879
0.311897
0.345305
0.320738
0.342535
0.348718
0.161698
0.163421
0.118248
0.146952
0.305514
0.306861
0.28102
0.276561
0.19983
0.15942
0.157875
0.169681
0.196039
0.169857
0.38901
0.376505
0.0889001
0.0748255
0.0543812
0.0567568
0.0348337
0.0420097
0.0435712
0.0727145
0.0567894
0.0488336
0.0289808
0.0345758
0.0221928
0.0309183
0.00716843
0.00489714
0.373305
0.35086
0.449301
0.444783
0.454162
0.45734
0.425435
0.438031
0.433375
0.446691
0.452012
0.450829
0.454174
0.453552
0.433272
0.450965
0.353625
0.3484
0.320726
0.349446
0.360077
0.341962
0.355929
0.39345
0.427
0.385807
0.393887
0.408019
0.441492
0.456319
0.478124
0.480777
0.456585
0.444907
0.440254
0.459106
0.52791
0.524566
0.507735
0.49059
0.488602
0.499375
0.456075
0.475247
0.488957
0.471826
0.480208
0.463447
0.439952
0.441021
0.375846
0.411294
0.445562
0.439356
0.437452
0.435609
0.438253
0.436161
0.434853
0.431059
0.41343
0.416796
0.431567
0.416746
0.404374
0.401861
0.442335
0.463824
0.452227
0.471927
0.497958
0.498069
0.345231
0.375039
0.37563
0.359756
0.40217
0.391434
0.435613
0.442186
0.425017
0.408919
0.405579
0.374216
0.431862
0.467211
0.541257
0.533432
0.498412
0.475002
0.476862
0.491196
0.460223
0.424147
0.414658
0.425315
0.398972
0.399678
0.437958
0.405988
0.410028
0.421468
0.363158
0.362345
0.397886
0.415338
0.414826
0.398838
0.395614
0.357796
0.360641
0.394953
0.426167
0.442837
0.54202
0.510044
0.425671
0.420175
0.418058
0.393431
0.406776
0.353305
0.494754
0.470432
0.519482
0.52402
0.418542
0.392449
0.472338
0.468012
0.561703
0.550387
0.535394
0.503271
0.490569
0.486698
0.211727
0.207927
0.367773
0.338869
0.613337
0.626859
0.597183
0.605048
0.633324
0.643588
0.581086
0.604831
0.578097
0.569244
0.580425
0.592224
0.570638
0.609282
0.587117
0.597612
0.562597
0.563416
0.589321
0.596873
0.594145
0.557361
0.578459
0.587638
0.629304
0.622813
0.628932
0.618628
0.596802
0.59952
0.666454
0.661334
0.642752
0.63853
0.726733
0.736473
0.698866
0.699536
0.725577
0.735325
0.686165
0.682721
0.698994
0.725531
0.558979
0.545547
0.646062
0.649845
0.663491
0.669478
0.66364
0.656848
0.648034
0.629299
0.739438
0.738815
0.737435
0.735584
0.650288
0.638851
0.628705
0.621269
0.550972
0.540318
0.576331
0.557663
0.669224
0.6578
0.692051
0.706987
0.68392
0.728013
0.681785
0.64949
0.605555
0.621652
0.554386
0.58841
0.593434
0.587058
0.64434
0.69145
0.685451
0.668869
0.612219
0.633371
0.637297
0.630922
0.599699
0.611115
0.700613
0.707036
0.731287
0.730452
0.649688
0.633192
0.640433
0.629088
0.604886
0.601073
0.734808
0.734154
0.75499
0.767859
0.758367
0.749097
0.748039
0.758563
0.730667
0.727513
0.73671
0.749031
0.659053
0.665894
0.630056
0.623738
0.610488
0.625477
0.592578
0.584162
0.583873
0.570066
0.550991
0.558406
0.570605
0.546295
0.531743
0.538074
0.685418
0.697282
0.635838
0.6329
0.654044
0.679675
0.617031
0.610907
0.61859
0.651289
0.669968
0.696251
0.659527
0.679096
0.746602
0.751719
0.757638
0.772197
0.797979
0.789497
0.751203
0.721287
0.716636
0.72528
0.709622
0.674544
0.666491
0.699561
0.717746
0.731044
0.716389
0.727612
0.753631
0.755864
0.648976
0.643399
0.646492
0.634473
0.614482
0.622454
0.657458
0.671206
0.671145
0.65837
0.737334
0.731812
0.75398
0.756989
0.75602
0.745547
0.718864
0.733963
0.6956
0.703698
0.740402
0.749306
0.645446
0.638406
0.670231
0.678839
0.674593
0.659897
0.627171
0.660596
0.624375
0.611097
0.677718
0.683687
0.585591
0.598884
0.813683
0.81628
0.794875
0.784516
0.781289
0.794086
0.773967
0.745954
0.741552
0.766033
0.777766
0.791657
0.776983
0.785727
0.804586
0.808146
0.71949
0.727475
0.695182
0.691871
0.713158
0.723945
0.719624
0.712902
0.73689
0.731573
0.70344
0.700063
0.695496
0.716185
0.671885
0.681618
0.642861
0.632756
0.645497
0.663856
0.702008
0.716747
0.6144
0.584954
0.590977
0.630644
0.629872
0.579506
0.590146
0.599941
0.643154
0.619489
0.592893
0.598342
0.584061
0.562015
0.547316
0.560243
0.808778
0.813185
0.804114
0.804541
0.81516
0.820792
0.662548
0.66678
0.640608
0.676464
0.672599
0.677758
0.646668
0.661476
0.739168
0.742609
0.7238
0.725068
0.736374
0.737326
0.786793
0.776678
0.777927
0.763908
0.757072
0.759624
0.721139
0.748416
0.731034
0.726055
0.713907
0.719195
0.704036
0.70299
0.694731
0.689582
0.684219
0.678249
0.666753
0.668537
0.660892
0.679202
0.674194
0.670909
0.694382
0.684871
0.693068
0.711876
0.604159
0.597558
0.625803
0.631351
0.638889
0.628688
0.637813
0.614732
0.659854
0.662027
0.766597
0.675004
0.710389
0.735133
0.640041
0.677961
0.673591
0.663071
0.675887
0.692502
0.711026
0.701586
0.698874
0.725303
0.734951
0.728886
0.737654
0.74601
0.751157
0.759824
0.766997
0.764946
0.750484
0.769203
0.773247
0.769339
0.594632
0.574703
0.599558
0.588603
0.573534
0.562556
0.62244
0.601313
0.774505
0.798129
0.798455
0.761879
0.767354
0.780877
0.753072
0.720672
0.751289
0.700818
0.615154
0.637718
0.781215
0.767808
0.796753
0.796624
0.781673
0.770797
0.766452
0.73942
0.712174
0.691343
0.658458
0.672042
0.675529
0.678912
0.650147
0.649646
0.620704
0.641925
0.787879
0.785832
0.786907
0.782976
0.771657
0.77126
0.775386
0.781742
0.765927
0.784345
0.775366
0.765253
0.7143
0.685976
0.720827
0.699047
0.73211
0.732012
0.720852
0.698023
0.680525
0.718963
0.6946
0.678037
0.661935
0.615304
0.748442
0.738854
0.735838
0.728979
0.805818
0.804868
0.806891
0.784903
0.767222
0.749406
0.779876
0.768661
0.739185
0.732091
0.734306
0.773531
0.759127
0.748428
0.786202
0.779774
0.784202
0.768163
0.771071
0.769984
0.783941
0.78572
0.705064
0.704172
0.68562
0.676182
0.691439
0.697925
0.690205
0.686241
0.695089
0.691607
0.680287
0.689929
0.772548
0.76627
0.660509
0.6716
0.647147
0.631859
0.66774
0.657371
0.787227
0.811141
0.610344
0.618182
0.760072
0.761814
0.719723
0.722449
0.737314
0.764728
0.526881
0.531919
0.760816
0.769908
0.745519
0.738046
0.767339
0.752201
0.728533
0.72718
0.607857
0.602494
0.826137
0.810163
0.852183
0.854033
0.832468
0.815313
0.888434
0.874977
0.902458
0.898846
0.869514
0.859631
0.865057
0.863739
0.844682
0.833283
0.840012
0.848371
0.878026
0.874082
0.87819
0.869818
0.860845
0.862893
0.769658
0.762501
0.784583
0.789289
0.778968
0.769236
0.780664
0.771189
0.80124
0.795469
0.775451
0.769264
0.797177
0.808598
0.789298
0.783712
0.788853
0.769227
0.835626
0.838307
0.858746
0.876286
0.873035
0.861815
0.869387
0.882782
0.876205
0.893523
0.91308
0.904974
0.768765
0.744184
0.76202
0.765418
0.944935
0.934089
0.924994
0.924815
0.923944
0.926722
0.922207
0.92502
0.916649
0.943707
0.854864
0.851466
0.861442
0.875361
0.847396
0.83982
0.863673
0.861951
0.844859
0.839036
0.893862
0.915534
0.920011
0.912914
0.795895
0.801937
0.816479
0.827487
0.823416
0.819423
0.819193
0.787122
0.787643
0.800157
0.748106
0.752247
0.790314
0.801317
0.750657
0.786346
0.7514
0.767292
0.86779
0.843809
0.827955
0.837646
0.916086
0.915633
0.913684
0.91183
0.901291
0.903177
0.798027
0.81585
0.825984
0.820515
0.897662
0.905211
0.894876
0.900545
0.917677
0.918624
0.904253
0.919741
0.913014
0.9095
0.906742
0.907651
0.898205
0.907392
0.850171
0.859639
0.840868
0.867347
0.872741
0.878847
0.929722
0.920646
0.908594
0.911943
0.794447
0.808792
0.810135
0.837752
0.739767
0.760647
0.761141
0.7413
0.823875
0.814627
0.846879
0.850533
0.841006
0.831588
0.838552
0.822241
0.82237
0.840912
0.817699
0.84719
0.834905
0.781982
0.854764
0.855706
0.846728
0.838184
0.838617
0.847168
0.840926
0.801831
0.820264
0.80195
0.899087
0.917511
0.900645
0.879001
0.877774
0.902877
0.897689
0.891422
0.914489
0.907883
0.906024
0.892313
0.929052
0.937462
0.935061
0.918192
0.811605
0.802018
0.812518
0.783303
0.841632
0.820674
0.907389
0.914091
0.804924
0.776312
0.786383
0.79498
0.829062
0.823707
0.888369
0.905764
0.918359
0.925235
0.826207
0.858447
0.870645
0.862423
0.862098
0.88296
0.894708
0.889827
0.878565
0.880852
0.85388
0.841897
0.846948
0.863111
0.866875
0.849765
0.810848
0.809143
0.833193
0.833418
0.87129
0.875755
0.905394
0.891457
0.889323
0.895999
0.884528
0.85482
0.882355
0.891092
0.864772
0.873526
0.890601
0.873732
0.81694
0.829051
0.734207
0.748739
0.727703
0.729227
0.726948
0.722094
0.719034
0.725017
0.679076
0.680491
0.822794
0.801937
0.721422
0.699966
0.712513
0.69167
0.540435
0.534266
0.532805
0.5154
0.600635
0.598275
0.586308
0.570408
0.556214
0.56818
0.537459
0.560586
0.559522
0.517756
0.568845
0.608291
0.496859
0.529088
0.523486
0.482391
0.477965
0.514578
0.530379
0.554808
0.52428
0.514079
0.554114
0.566647
0.490809
0.51656
