# DS2
# Number of vertices: 3522, Number of faces: 7040
# Preprocessing time: 0.0158291
# Query time: 0.00132304
0.232045
0.257967
0.158144
0.298411
0.368145
0.357047
0.249492
0.268168
0.288896
0.240353
0.295516
0.198467
0.104461
0.0425648
0.22719
0.418599
0
0.262251
0.1888
0.308291
0.355597
0.30926
0.408164
0.313974
0.392177
0.425125
0.350868
0.335425
0.203246
0.296932
0.304003
0.345138
0.381388
0.357237
0.296617
0.435548
0.296021
0.121562
0.0503237
0.0499686
0.0168069
0.412632
0.407998
0.274098
0.370108
0.321961
0.385027
0.365467
0.204441
0.334439
0.323445
0.350747
0.388536
0.345635
0.154878
0.0889587
0.251607
0.202385
0.158262
0.111541
0.0855727
0.0456996
0.0317118
0.322918
0.382358
0.414405
0.316494
0.398579
0.324919
0.5025
0.505051
0.431533
0.438685
0.416279
0.323913
0.279232
0.458451
0.390481
0.416642
0.389162
0.483841
0.391134
0.416711
0.462531
0.403614
0.467635
0.487193
0.247992
0.0304886
0.447713
0.448988
0.437178
0.585683
0.61048
0.635379
0.608134
0.709114
0.766164
0.70923
0.662903
0.755243
0.671788
0.661165
0.653737
0.729667
0.665381
0.657389
0.621239
0.590087
0.554766
0.734301
0.777574
0.796665
0.701557
0.704326
0.704608
0.807455
0.700023
0.652083
0.703815
0.667772
0.643103
0.753308
0.740162
0.714935
0.627281
0.626456
0.75061
0.76339
0.758532
0.726999
0.698502
0.628292
0.830938
0.737542
0.806845
0.69213
0.80771
0.781307
0.650257
0.808023
0.758606
0.753941
0.777968
0.699259
0.686589
0.803497
0.795904
0.611613
0.795212
0.565355
0.67626
0.611085
0.769643
0.674178
0.657606
0.793531
0.739477
0.755576
0.78205
0.694463
0.843147
0.760386
0.83629
0.693575
0.625686
0.8964
0.915322
0.914616
0.847073
0.778042
0.791599
0.822817
0.812191
0.915476
0.921856
0.959794
0.788633
0.835708
0.928491
0.905
0.91733
0.892959
0.921305
0.882905
0.870119
0.818709
0.80325
0.8868
0.934458
0.844923
0.873466
0.932239
0.86681
0.792038
0.828563
0.812143
0.850214
0.836122
0.869471
0.872705
0.85381
0.885574
0.858166
0.908856
0.902403
0.871485
0.829371
0.778764
0.747847
0.750328
0.705792
0.828152
0.74703
0.481587
0.548028
0.562398
0.494561
0.529177
0.591645
0.560502
0.558709
0.201814
0.177048
0.179824
0.230815
0.243895
0.209864
0.267023
0.293588
0.267621
0.18889
0.211714
0.2136
0.243597
0.231173
0.266518
0.273322
0.253822
0.224081
0.289822
0.29601
0.270961
0.143311
0.170711
0.272319
0.242099
0.350181
0.329451
0.320047
0.303115
0.274389
0.0676438
0.109764
0.0690118
0.13141
0.116156
0.0992318
0.0886703
0.117439
0.353873
0.33467
0.32877
0.376058
0.380817
0.243375
0.272181
0.321793
0.346557
0.308924
0.2985
0.316666
0.290446
0.281443
0.291554
0.308953
0.316785
0.305017
0.411338
0.448171
0.443203
0.189234
0.210236
0.162525
0.221034
0.349295
0.33168
0.317596
0.234536
0.218672
0.209517
0.225326
0.107762
0.133829
0.0728127
0.075169
0.0466825
0.100037
0.069035
0.37881
0.353158
0.339257
0.376212
0.348682
0.38346
0.258676
0.253575
0.183421
0.196889
0.183978
0.215119
0.246066
0.274424
0.277689
0.294394
0.387266
0.33408
0.301885
0.141572
0.147419
0.163933
0.338506
0.318413
0.335211
0.404397
0.392971
0.420232
0.309334
0.360208
0.369748
0.287168
0.310106
0.296483
0.415263
0.389793
0.41874
0.32965
0.366603
0.358238
0.435531
0.413808
0.389091
0.297588
0.256927
0.277942
0.288734
0.272059
0.287054
0.272878
0.283346
0.309499
0.332024
0.324468
0.378064
0.363032
0.399667
0.332985
0.348626
0.364891
0.305065
0.27895
0.291083
0.365709
0.374797
0.403455
0.349556
0.388242
0.386628
0.412477
0.44471
0.474335
0.33282
0.312032
0.308414
0.0749135
0.0485715
0.0640105
0.0367091
0.0415396
0.0380209
0.0264994
0.0212771
0.0119631
0.0115686
0.0182471
0.0168174
0.248611
0.410411
0.420583
0.407702
0.369809
0.481542
0.444368
0.448873
0.421616
0.459803
0.303951
0.405696
0.317591
0.293357
0.395258
0.410141
0.351641
0.375903
0.374953
0.295869
0.319296
0.234526
0.343918
0.348932
0.322913
0.225773
0.365769
0.355302
0.342726
0.275661
0.306729
0.319709
0.335371
0.15684
0.131465
0.281906
0.277396
0.153967
0.176675
0.177993
0.397056
0.0666622
0.0740018
0.0393318
0.0620021
0.0449283
0.0305352
0.0190007
0.00882926
0.352297
0.439512
0.450639
0.429453
0.446984
0.441303
0.452326
0.437718
0.334011
0.323583
0.343736
0.368898
0.394746
0.424254
0.45633
0.482776
0.458608
0.490468
0.533481
0.503881
0.529422
0.478155
0.496203
0.463235
0.467929
0.407642
0.424747
0.423033
0.417958
0.405705
0.405406
0.410861
0.390173
0.463456
0.503056
0.500934
0.377828
0.382399
0.434657
0.447554
0.414822
0.404221
0.460671
0.52781
0.487415
0.518851
0.455242
0.435079
0.412887
0.387477
0.40708
0.369399
0.398048
0.368389
0.360138
0.366136
0.4135
0.536466
0.43594
0.422327
0.398488
0.513967
0.526544
0.422021
0.482535
0.563717
0.532359
0.506055
0.199049
0.345787
0.622711
0.638367
0.650371
0.608572
0.593215
0.595522
0.620693
0.595059
0.599245
0.615469
0.589828
0.613632
0.652667
0.630729
0.633823
0.685249
0.67324
0.743204
0.739237
0.762714
0.710623
0.740294
0.571343
0.680949
0.687086
0.670769
0.657295
0.768176
0.763947
0.664148
0.645138
0.583207
0.568056
0.685057
0.72082
0.748769
0.699852
0.639781
0.594332
0.606417
0.720682
0.687533
0.66417
0.646301
0.6245
0.751278
0.746059
0.653285
0.62774
0.628467
0.757675
0.778417
0.755791
0.754663
0.748153
0.769366
0.665623
0.643181
0.671999
0.607306
0.57912
0.587837
0.580481
0.553899
0.679651
0.663103
0.710971
0.63593
0.657366
0.691064
0.734984
0.746041
0.798529
0.786962
0.733124
0.758554
0.70693
0.698015
0.742166
0.764655
0.770891
0.66151
0.638261
0.648773
0.676481
0.67771
0.764326
0.774114
0.756432
0.729446
0.742869
0.762514
0.675422
0.696212
0.666449
0.663196
0.636148
0.706196
0.61436
0.828427
0.811724
0.835125
0.788134
0.782153
0.805379
0.824486
0.828694
0.733189
0.72739
0.752001
0.738944
0.73085
0.716136
0.723612
0.669627
0.652863
0.686408
0.721918
0.615832
0.627817
0.604418
0.630989
0.651143
0.613582
0.572767
0.592086
0.837553
0.840464
0.846484
0.66892
0.6814
0.674246
0.678692
0.752237
0.749959
0.756386
0.808218
0.782196
0.789128
0.759682
0.742695
0.726974
0.727539
0.706852
0.690577
0.698008
0.691088
0.682026
0.709289
0.725339
0.640125
0.656891
0.63546
0.662381
0.672632
0.717826
0.780002
0.700333
0.676446
0.727205
0.711498
0.738952
0.757977
0.769484
0.790233
0.782715
0.797402
0.784911
0.608905
0.59011
0.576198
0.638914
0.801272
0.783698
0.806515
0.756458
0.749321
0.650478
0.819597
0.819991
0.798304
0.783858
0.716932
0.678015
0.688094
0.663539
0.64758
0.807939
0.797668
0.800224
0.78872
0.799133
0.78821
0.723539
0.735356
0.75453
0.733877
0.731685
0.70169
0.66528
0.76809
0.752481
0.819734
0.812713
0.790384
0.765989
0.756022
0.780357
0.757266
0.798324
0.794423
0.799491
0.799957
0.717987
0.697918
0.714679
0.702892
0.695363
0.706088
0.793116
0.684996
0.657458
0.685553
0.827422
0.630373
0.780232
0.742504
0.778347
0.546407
0.79228
0.781842
0.771224
0.751392
0.620832
0.848262
0.854734
0.824689
0.91373
0.906163
0.886511
0.869753
0.852818
0.871398
0.896807
0.878913
0.886304
0.798739
0.805623
0.787515
0.810937
0.802919
0.791432
0.822508
0.809758
0.796143
0.858421
0.879264
0.86109
0.879759
0.905149
0.895142
0.776029
0.786415
0.939955
0.930476
0.946361
0.921806
0.938915
0.869683
0.885574
0.869469
0.868962
0.854451
0.920849
0.934787
0.822858
0.838777
0.826924
0.812488
0.829853
0.790541
0.802653
0.789244
0.783773
0.854173
0.868135
0.91521
0.911401
0.912603
0.825968
0.841099
0.902561
0.914966
0.916494
0.921671
0.912254
0.909934
0.914368
0.861146
0.879919
0.893127
0.932183
0.944723
0.826814
0.847139
0.772177
0.771968
0.849438
0.856507
0.834828
0.837424
0.848174
0.843601
0.822356
0.864334
0.858898
0.868432
0.833786
0.830015
0.91686
0.894757
0.902976
0.892143
0.911106
0.911196
0.948444
0.9461
0.828761
0.811119
0.846879
0.934006
0.802922
0.817111
0.840159
0.907096
0.928122
0.867203
0.853505
0.883783
0.903326
0.892584
0.866359
0.894374
0.867609
0.859451
0.843761
0.886671
0.920119
0.916325
0.894416
0.89651
0.879401
0.89024
0.839838
0.760772
0.745565
0.736585
0.743389
0.695625
0.828503
0.731194
0.71953
0.554934
0.541225
0.609286
0.580802
0.601055
0.562212
0.550336
0.605978
0.530875
0.522034
0.514449
0.557875
0.540454
0.57804
0.523496
0.190609
0.179234
0.190506
0.235884
0.226808
0.22066
0.280304
0.281076
0.266139
0.198308
0.21
0.200848
0.227979
0.236477
0.221119
0.268054
0.259142
0.253692
0.242365
0.238591
0.226868
0.280792
0.285538
0.292949
0.269061
0.254502
0.258469
0.161022
0.173497
0.15453
0.270202
0.257317
0.254635
0.340395
0.324409
0.334372
0.288955
0.273766
0.287383
0.0877833
0.0877861
0.066198
0.125682
0.108966
0.116135
0.103147
0.119874
0.104269
0.343136
0.33074
0.341599
0.365369
0.366553
0.378527
0.259195
0.273813
0.25707
0.327997
0.34013
0.334552
0.304566
0.307823
0.312531
0.281254
0.274367
0.283723
0.285026
0.302188
0.294349
0.306024
0.29976
0.309138
0.428805
0.445374
0.426518
0.200998
0.176293
0.192291
0.190811
0.173326
0.205887
0.223565
0.229506
0.213377
0.341014
0.323349
0.333589
0.226259
0.214317
0.22209
0.213366
0.210889
0.222607
0.125228
0.121363
0.136674
0.0740925
0.0599159
0.0592212
0.0869681
0.0714023
0.0840336
0.365742
0.34534
0.359382
0.334358
0.320266
0.316771
0.359508
0.366003
0.37636
0.246941
0.24366
0.255283
0.188908
0.203764
0.196637
0.199662
0.20593
0.189834
0.251144
0.261071
0.263985
0.285613
0.280352
0.269799
0.395739
0.383514
0.398314
0.329645
0.315613
0.316965
0.142155
0.157545
0.151383
0.326686
0.327388
0.335731
0.399066
0.407498
0.41189
0.308285
0.315306
0.302491
0.216184
0.231568
0.227517
0.353344
0.358161
0.365399
0.288709
0.272728
0.2874
0.29949
0.302093
0.290502
0.404293
0.405994
0.41838
0.320042
0.325417
0.320205
0.352769
0.363124
0.346209
0.428372
0.417034
0.425238
0.409444
0.401701
0.397299
0.308468
0.304493
0.313045
0.272604
0.267665
0.283124
0.281933
0.276965
0.291261
0.279772
0.282778
0.293327
0.286613
0.299777
0.29699
0.32786
0.317818
0.320759
0.370228
0.381716
0.388873
0.320782
0.329417
0.324918
0.342127
0.334834
0.340829
0.377923
0.369363
0.385908
0.290189
0.284383
0.296531
0.370547
0.389835
0.384499
0.360775
0.366524
0.38133
0.389789
0.40045
0.403752
0.442542
0.459788
0.458262
0.321282
0.32085
0.311653
0.299753
0.313024
0.302068
0.092152
0.0754705
0.0908467
0.0566564
0.0557202
0.0662349
0.0394361
0.0445484
0.0424855
0.0718661
0.0509193
0.055464
0.0384859
0.0356869
0.0314483
0.0149063
0.00931964
0.0177161
0.0258131
0.0207653
0.0285909
0.0200049
0.0114689
0.0197647
0.261211
0.259985
0.271085
0.418639
0.413862
0.408747
0.352394
0.3422
0.361573
0.154735
0.13096
0.135289
0.460828
0.44361
0.465261
0.441492
0.45552
0.433809
0.309552
0.311517
0.305044
0.394245
0.412543
0.401984
0.322846
0.340373
0.33204
0.290433
0.299479
0.297773
0.403596
0.413242
0.400084
0.354237
0.366162
0.363822
0.381235
0.38676
0.385229
0.284861
0.296201
0.285136
0.294585
0.306264
0.307136
0.230588
0.224474
0.240091
0.334826
0.333237
0.348197
0.362164
0.354257
0.367336
0.333294
0.335571
0.345917
0.312611
0.305453
0.31551
0.229669
0.241002
0.245568
0.367328
0.37661
0.378876
0.34729
0.351121
0.361105
0.306656
0.305235
0.317179
0.280247
0.290859
0.297966
0.313611
0.325862
0.321885
0.236756
0.239618
0.227505
0.169133
0.170108
0.180669
0.132916
0.145372
0.145698
0.115902
0.110509
0.126481
0.289831
0.27806
0.289226
0.288082
0.288383
0.276667
0.168081
0.165562
0.179491
0.182271
0.170233
0.17698
0.377979
0.384835
0.392018
0.0823213
0.0713228
0.0875741
0.0728781
0.0576625
0.0532229
0.0626979
0.0529253
0.0532332
0.0362005
0.0376094
0.0420655
0.0272901
0.0116535
0.0211036
0.0234893
0.0159297
0.0254529
0.0144831
0.0138343
0.00929367
0.355699
0.364365
0.356767
0.371075
0.354077
0.373461
0.439519
0.446324
0.444122
0.268976
0.279972
0.265562
0.408795
0.423115
0.415744
0.440105
0.444355
0.435407
0.454779
0.451893
0.449511
0.447149
0.445895
0.438845
0.438176
0.431052
0.429184
0.342866
0.337795
0.341466
0.318574
0.330072
0.326405
0.355756
0.378069
0.366525
0.314466
0.322902
0.332663
0.402911
0.408876
0.416792
0.433495
0.449833
0.440687
0.47233
0.473374
0.484921
0.517989
0.516901
0.530407
0.492508
0.491323
0.48139
0.47902
0.46695
0.482544
0.392705
0.410219
0.396399
0.42506
0.421512
0.421962
0.412228
0.405101
0.412326
0.401725
0.398473
0.407811
0.48374
0.499718
0.481065
0.377203
0.366488
0.36155
0.440738
0.431358
0.424395
0.407732
0.391611
0.398511
0.463088
0.470769
0.454459
0.507326
0.504947
0.525164
0.443876
0.448787
0.458925
0.427496
0.422884
0.418094
0.39738
0.39915
0.406539
0.386367
0.385643
0.37027
0.364592
0.345529
0.348717
0.374877
0.374915
0.35947
0.419644
0.419635
0.412342
0.413135
0.417595
0.42081
0.508896
0.515619
0.52916
0.452167
0.448899
0.465701
0.422226
0.404732
0.419595
0.432198
0.4515
0.443635
0.38497
0.398471
0.411217
0.500262
0.521797
0.508425
0.445812
0.428858
0.441595
0.399653
0.386132
0.411708
0.411248
0.404553
0.406685
0.451852
0.469862
0.468222
0.460427
0.470028
0.473942
0.548199
0.529732
0.547265
0.494492
0.483361
0.49128
0.373232
0.385828
0.381757
0.346308
0.363824
0.349651
0.211814
0.21093
0.223672
0.145854
0.143789
0.135254
0.187764
0.176248
0.187646
0.376768
0.380508
0.362921
0.269172
0.27585
0.265036
0.40225
0.408635
0.406168
0.0737879
0.0748784
0.0627048
0.345639
0.338486
0.355283
0.33596
0.337696
0.350252
0.630608
0.644986
0.637185
0.615373
0.601325
0.607681
0.60187
0.614806
0.607843
0.594254
0.606727
0.604324
0.59262
0.601391
0.60639
0.641408
0.630779
0.642093
0.666822
0.66367
0.678759
0.74101
0.752218
0.754032
0.725044
0.738752
0.725092
0.591159
0.579425
0.583589
0.685026
0.678637
0.676451
0.663773
0.654214
0.661626
0.769171
0.766101
0.77162
0.655349
0.651457
0.660557
0.586189
0.580093
0.573326
0.668417
0.673399
0.680241
0.69839
0.687716
0.69806
0.732013
0.745748
0.735733
0.692018
0.704052
0.709802
0.62151
0.634358
0.626466
0.601236
0.595288
0.586194
0.709631
0.703911
0.692273
0.652636
0.655384
0.644413
0.674209
0.684567
0.673885
0.637036
0.644196
0.631276
0.736895
0.748938
0.733013
0.757422
0.753738
0.742975
0.64018
0.626507
0.641294
0.770125
0.767562
0.758045
0.752761
0.758476
0.761891
0.656921
0.654968
0.671549
0.592307
0.583155
0.597077
0.565727
0.566681
0.577981
0.670167
0.685472
0.694328
0.643978
0.659008
0.646751
0.711377
0.743248
0.717121
0.789543
0.795839
0.782416
0.745793
0.746262
0.757976
0.702713
0.717527
0.719438
0.753169
0.76773
0.755993
0.650822
0.643488
0.654337
0.67695
0.669367
0.670041
0.768009
0.766211
0.759944
0.734952
0.75314
0.746647
0.68348
0.680912
0.669928
0.664011
0.647008
0.651627
0.690628
0.666994
0.685854
0.604268
0.586355
0.596979
0.822602
0.823985
0.833824
0.785444
0.797534
0.799576
0.816231
0.826034
0.817397
0.728305
0.738666
0.741605
0.735277
0.722521
0.727449
0.740421
0.736627
0.727057
0.662226
0.66969
0.677164
0.696061
0.712743
0.703729
0.621488
0.641064
0.634786
0.614963
0.619068
0.632311
0.675042
0.664754
0.689983
0.629852
0.640734
0.624084
0.588625
0.582031
0.596576
0.841868
0.848324
0.843984
0.832379
0.838683
0.843222
0.666203
0.675615
0.674708
0.663911
0.666379
0.676873
0.749318
0.752311
0.754982
0.79516
0.786994
0.798455
0.756583
0.750387
0.748206
0.774636
0.761734
0.770344
0.735578
0.728059
0.735164
0.697949
0.693449
0.702548
0.690069
0.687371
0.685449
0.716405
0.726208
0.719138
0.645049
0.646593
0.633366
0.646827
0.667747
0.65557
0.725096
0.745914
0.759326
0.68776
0.687611
0.675176
0.713234
0.720596
0.707782
0.74704
0.742391
0.732744
0.780933
0.786176
0.774913
0.791294
0.792338
0.782263
0.600266
0.585506
0.593651
0.621957
0.617337
0.630446
0.63723
0.621479
0.625018
0.777631
0.793272
0.783389
0.740147
0.749068
0.734685
0.792393
0.796035
0.803581
0.770899
0.758237
0.772293
0.735423
0.729359
0.753238
0.655301
0.669369
0.673447
0.818368
0.809928
0.808479
0.790051
0.776058
0.785303
0.723108
0.711948
0.71696
0.831323
0.822745
0.829211
0.682955
0.682557
0.676902
0.671399
0.673468
0.679481
0.655574
0.655032
0.646153
0.804203
0.798878
0.805988
0.792058
0.797943
0.794811
0.781672
0.781429
0.787546
0.726556
0.710865
0.712282
0.722217
0.7173
0.731688
0.745117
0.735383
0.745785
0.732322
0.718138
0.71953
0.681058
0.660168
0.684013
0.779132
0.777444
0.789336
0.754731
0.757942
0.760735
0.814016
0.808413
0.815878
0.776365
0.759941
0.770426
0.773252
0.767761
0.759655
0.795512
0.787244
0.791336
0.804946
0.806135
0.799022
0.795533
0.80039
0.801241
0.705391
0.706685
0.715486
0.710905
0.709812
0.718864
0.69508
0.691363
0.696342
0.705249
0.700554
0.711306
0.688545
0.678658
0.686363
0.601891
0.591255
0.602827
0.772753
0.770338
0.746377
0.697909
0.70335
0.692093
0.662973
0.676548
0.671158
0.669129
0.648815
0.655003
0.714111
0.69781
0.699569
0.834912
0.830678
0.823353
0.639317
0.644035
0.652121
0.800508
0.791041
0.790659
0.829516
0.818201
0.819822
0.7464
0.748621
0.750835
0.734604
0.727239
0.738473
0.76454
0.779434
0.766731
0.793877
0.79241
0.779878
0.642826
0.632289
0.6246
0.751291
0.759858
0.762129
0.633385
0.638893
0.626875
0.56745
0.559231
0.556941
0.696835
0.688965
0.691732
0.730066
0.732957
0.720685
0.792858
0.798456
0.796054
0.788163
0.782905
0.776405
0.759795
0.768224
0.759585
0.61269
0.614702
0.619641
0.627516
0.63077
0.626771
0.850883
0.840147
0.837446
0.910438
0.896535
0.901033
0.860897
0.863092
0.871155
0.888521
0.884004
0.891365
0.801954
0.796946
0.793619
0.808919
0.799228
0.801627
0.817912
0.809066
0.81418
0.803631
0.796765
0.802559
0.870424
0.870324
0.862166
0.892818
0.900657
0.889305
0.776361
0.781445
0.7854
0.936372
0.94032
0.94611
0.930494
0.94044
0.930866
0.878638
0.886412
0.879335
0.869972
0.862025
0.861603
0.927848
0.924807
0.917007
0.831494
0.831396
0.823385
0.816172
0.820918
0.825564
0.808366
0.812553
0.793495
0.774255
0.790927
0.772816
0.786091
0.793811
0.799954
0.870466
0.861169
0.877029
0.912795
0.909877
0.914246
0.834012
0.83121
0.824966
0.908743
0.916654
0.910269
0.919903
0.916605
0.914539
0.90963
0.911418
0.912765
0.865937
0.875025
0.870808
0.887734
0.890313
0.883484
0.941175
0.939364
0.947743
0.839206
0.848456
0.837695
0.772591
0.763034
0.763521
0.782001
0.77273
0.78171
0.852045
0.845227
0.840442
0.834494
0.826985
0.826216
0.848428
0.858749
0.859582
0.835127
0.811499
0.822037
0.862986
0.865333
0.864304
0.812796
0.806465
0.830658
0.844093
0.832658
0.849189
0.923577
0.918188
0.91047
0.887213
0.887679
0.89699
0.899903
0.897158
0.891907
0.913572
0.91603
0.913323
0.851405
0.856281
0.845695
0.924249
0.914918
0.919257
0.949902
0.941092
0.943458
0.819936
0.810974
0.819434
0.838384
0.838117
0.847875
0.939477
0.94011
0.94751
0.804882
0.808501
0.813126
0.847389
0.841665
0.846626
0.787625
0.784135
0.780144
0.911183
0.910498
0.905589
0.921254
0.912556
0.918413
0.796287
0.790889
0.792928
0.82744
0.817864
0.818455
0.85093
0.859694
0.843369
0.894338
0.885146
0.87566
0.919494
0.924313
0.910435
0.879787
0.878717
0.891104
0.861885
0.868014
0.872855
0.857716
0.851197
0.849008
0.87367
0.869217
0.86392
0.891808
0.894778
0.897362
0.939012
0.934727
0.945362
0.908875
0.900412
0.91439
0.928062
0.926398
0.921132
0.895082
0.904665
0.907288
0.904151
0.909749
0.902086
0.867869
0.874464
0.860458
0.896533
0.889578
0.895982
0.878761
0.877973
0.869021
0.846457
0.841422
0.836294
0.85568
0.860433
0.853278
0.890419
0.873846
0.87894
0.844348
0.850879
0.854681
0.892842
0.888861
0.884219
0.848754
0.866755
0.863384
0.907918
0.907917
0.913128
0.770156
0.77114
0.762337
0.750494
0.758547
0.752071
0.780202
0.768909
0.776172
0.67913
0.671133
0.666738
0.814344
0.810277
0.792899
0.741025
0.739867
0.742544
0.672973
0.684626
0.684063
0.747892
0.747946
0.754963
0.745219
0.733573
0.742488
0.79979
0.807464
0.805955
0.835036
0.825916
0.832773
0.82246
0.833926
0.828121
0.750936
0.734517
0.744173
0.720488
0.707606
0.709388
0.729654
0.733237
0.722916
0.541996
0.528651
0.542711
0.505921
0.521359
0.528519
0.594836
0.589333
0.604027
0.567577
0.572607
0.561368
0.557801
0.539668
0.548726
0.619469
0.615692
0.601822
0.51806
0.532895
0.518179
0.515447
0.531174
0.534651
0.56483
0.54952
0.557073
0.522248
0.510902
0.531032
0.550585
0.566973
0.559839
0.503624
0.518625
0.49771
0.563534
0.55695
0.542834
0.617275
0.624143
0.633007
0.610936
0.591273
0.596685
0.539765
0.527388
0.5429
0.577746
0.590608
0.577007
0.200163
0.190034
0.202744
0.189597
0.166246
0.168615
0.217297
0.205214
0.244139
0.250257
0.23773
0.21788
0.251158
0.25119
0.28121
0.293335
0.29562
0.283243
0.194343
0.207004
0.186471
0.201079
0.224187
0.223369
0.216051
0.23834
0.252202
0.246893
0.253695
0.278586
0.280567
0.267234
0.212495
0.257903
0.250625
0.236827
0.30249
0.304279
0.276588
0.290905
0.263124
0.281405
0.133439
0.148926
0.151777
0.188592
0.238856
0.285588
0.259593
0.245398
0.345274
0.330553
0.357902
0.347325
0.313395
0.309847
0.300852
0.305676
0.290334
0.260402
0.0476763
0.048655
0.0917608
0.113372
0.10952
0.090352
0.121937
0.105241
0.142096
0.133441
0.0994704
0.0923395
0.0894736
0.102009
0.0871938
0.134104
0.354468
0.342076
0.354464
0.346202
0.321977
0.317538
0.390206
0.393728
0.364392
0.368718
0.240097
0.255973
0.246542
0.289345
0.328358
0.341075
0.314829
0.351352
0.316546
0.320379
0.301751
0.29738
0.300817
0.311597
0.291841
0.289864
0.291562
0.270798
0.300499
0.273719
0.307265
0.317305
0.320565
0.313604
0.31581
0.297314
0.409389
0.425483
0.414123
0.432575
0.466186
0.462938
0.211959
0.15641
0.215721
0.199879
0.179434
0.142555
0.207048
0.236727
0.340865
0.328898
0.358287
0.350321
0.313583
0.306403
0.231179
0.217853
0.239379
0.231409
0.207614
0.202922
0.235336
0.215232
0.146949
0.111962
0.10571
0.119659
0.0590341
0.0479276
0.0885927
0.0898738
0.0601593
0.0460721
0.0949592
0.0798628
0.103026
0.0583045
0.373345
0.353747
0.384014
0.372397
0.332229
0.324745
0.391624
0.393703
0.360904
0.342991
0.358736
0.376368
0.265783
0.264602
0.252693
0.241066
0.191808
0.172713
0.179786
0.212352
0.172274
0.19436
0.209274
0.221469
0.274696
0.236684
0.256065
0.271218
0.260434
0.293535
0.300642
0.290209
0.401786
0.372494
0.322323
0.303656
0.345577
0.303611
0.150613
0.15902
0.129814
0.12853
0.168187
0.173697
0.34592
0.343092
0.328614
0.315364
0.321028
0.328292
0.416084
0.423162
0.392029
0.3857
0.40255
0.417004
0.298483
0.321445
0.372666
0.377504
0.34748
0.362107
0.277233
0.283937
0.298498
0.310085
0.312685
0.308406
0.427702
0.429271
0.399929
0.387259
0.391273
0.405957
0.323812
0.326222
0.338724
0.35697
0.378657
0.376304
0.430712
0.42061
0.437733
0.404549
0.38495
0.391666
0.302459
0.29662
0.293592
0.262007
0.252461
0.264241
0.301944
0.304782
0.28137
0.278007
0.261508
0.268993
0.264767
0.278005
0.294063
0.306881
0.272723
0.312484
0.324854
0.338606
0.333838
0.314991
0.396119
0.406683
0.360371
0.352399
0.373949
0.392194
0.327734
0.338228
0.347004
0.349853
0.373512
0.355715
0.31377
0.303699
0.298857
0.286336
0.275002
0.282318
0.379243
0.397525
0.355409
0.358658
0.39629
0.410053
0.402791
0.349319
0.353457
0.373451
0.416993
0.373992
0.394533
0.405709
0.458984
0.470387
0.427519
0.479384
0.303303
0.332623
0.32946
0.31805
0.299123
0.319417
0.0942008
0.0588548
0.0766619
0.0484663
0.0491946
0.0548167
0.0425118
0.033194
0.0360406
0.0460728
0.0417355
0.0342326
0.0267298
0.032509
0.0294462
0.025135
0.0176352
0.0157639
0.00589404
0.00329467
0.022113
0.0171068
0.0245303
0.00779546
0.251981
0.246726
0.398789
0.400222
0.423547
0.429245
0.414674
0.41155
0.378782
0.362373
0.488401
0.472005
0.478206
0.462781
0.425807
0.42706
0.412831
0.430531
0.447009
0.475388
0.307766
0.30976
0.388937
0.421617
0.328901
0.307141
0.283317
0.304952
0.385843
0.392045
0.397519
0.423169
0.373248
0.338147
0.362094
0.3736
0.370202
0.379952
0.282744
0.30838
0.321055
0.319147
0.250659
0.219115
0.355844
0.332177
0.358212
0.340834
0.321829
0.327536
0.214762
0.237733
0.35785
0.373699
0.373135
0.342354
0.33904
0.346518
0.315251
0.263578
0.286309
0.299875
0.333231
0.308515
0.328906
0.335453
0.15727
0.156622
0.118599
0.143298
0.290973
0.291917
0.268118
0.263956
0.190165
0.154586
0.155149
0.165368
0.189929
0.166841
0.404565
0.392441
0.0908653
0.0765872
0.0566134
0.0590761
0.0339117
0.0440732
0.0443386
0.0734626
0.0543549
0.0480147
0.0303208
0.0352912
0.0187587
0.0326438
0.00676192
0.00265159
0.368379
0.335749
0.444817
0.432406
0.444796
0.450313
0.422331
0.434577
0.43021
0.443004
0.448832
0.447385
0.45019
0.450191
0.427984
0.444282
0.341916
0.332814
0.3089
0.339911
0.353124
0.333163
0.346285
0.387244
0.431686
0.389937
0.40042
0.416492
0.44681
0.463728
0.494051
0.498951
0.47213
0.46078
0.456973
0.478489
0.542932
0.541139
0.520917
0.503427
0.504198
0.516226
0.46967
0.488468
0.499933
0.483496
0.490324
0.473846
0.452193
0.453627
0.388729
0.424757
0.420463
0.417766
0.427842
0.428071
0.419163
0.41727
0.412504
0.412632
0.397026
0.396716
0.414713
0.405066
0.394732
0.387869
0.459177
0.482439
0.470729
0.490568
0.51687
0.516759
0.362393
0.391945
0.392195
0.37487
0.418225
0.407919
0.450375
0.456038
0.438811
0.423197
0.419028
0.387729
0.44477
0.478444
0.54506
0.539348
0.508178
0.486718
0.486206
0.499412
0.470735
0.43843
0.429244
0.43924
0.412425
0.414793
0.412699
0.387021
0.389631
0.399538
0.350484
0.349445
0.382367
0.397403
0.395273
0.382075
0.377935
0.342475
0.348674
0.379462
0.405439
0.416436
0.549592
0.521086
0.438572
0.433192
0.437911
0.4116
0.425498
0.371661
0.513729
0.489999
0.536804
0.542596
0.437228
0.410723
0.48862
0.474715
0.562812
0.562883
0.547907
0.51281
0.500088
0.503749
0.200835
0.199589
0.363582
0.330781
0.629521
0.642674
0.615192
0.62338
0.65154
0.657645
0.599973
0.622176
0.595863
0.588471
0.602477
0.61444
0.589806
0.628002
0.608115
0.618327
0.583007
0.584565
0.612781
0.618321
0.619606
0.579024
0.600028
0.610079
0.652777
0.644936
0.654905
0.643842
0.619781
0.621966
0.697736
0.689037
0.672682
0.66177
0.754492
0.762675
0.728203
0.725857
0.749844
0.758855
0.710691
0.710095
0.726073
0.750434
0.578369
0.566419
0.67215
0.668059
0.692488
0.696518
0.679241
0.671705
0.665311
0.647232
0.769244
0.767678
0.764491
0.758938
0.668301
0.658986
0.649646
0.640441
0.571147
0.560367
0.5949
0.577173
0.695591
0.677187
0.725458
0.738892
0.715842
0.756452
0.716505
0.681359
0.632369
0.648559
0.576193
0.61102
0.613988
0.604423
0.675273
0.725555
0.715659
0.698919
0.636923
0.66193
0.664982
0.655236
0.616576
0.631331
0.729031
0.73962
0.761125
0.759467
0.655321
0.643753
0.651609
0.640256
0.612045
0.611574
0.74523
0.744021
0.768898
0.78027
0.770105
0.759101
0.763962
0.773469
0.747185
0.743667
0.75288
0.764633
0.682742
0.690451
0.654147
0.648634
0.633516
0.647892
0.613256
0.602286
0.605418
0.591007
0.570101
0.574228
0.592942
0.56878
0.552629
0.557024
0.704258
0.719255
0.654562
0.649586
0.678985
0.703755
0.637044
0.632163
0.641981
0.675739
0.695117
0.720514
0.684791
0.703568
0.773216
0.779757
0.772827
0.787761
0.807938
0.802519
0.769219
0.733204
0.731747
0.745022
0.722079
0.689249
0.68293
0.712886
0.746263
0.761005
0.740224
0.750905
0.779531
0.7829
0.663532
0.65808
0.65945
0.647228
0.631278
0.638459
0.670671
0.683042
0.684335
0.668824
0.756203
0.751
0.7726
0.775862
0.775208
0.765204
0.741828
0.756121
0.715833
0.723737
0.760307
0.769881
0.663708
0.656979
0.688403
0.698515
0.695138
0.679677
0.643528
0.680825
0.643672
0.629327
0.700293
0.708306
0.608159
0.62177
0.837582
0.843205
0.817736
0.81088
0.81002
0.822198
0.799749
0.774137
0.770187
0.794719
0.805805
0.819406
0.805907
0.815317
0.832022
0.83418
0.745708
0.755312
0.719329
0.71558
0.739895
0.750908
0.728231
0.721409
0.747781
0.744307
0.716917
0.710023
0.712766
0.732981
0.683453
0.694201
0.657373
0.646932
0.660173
0.67865
0.714116
0.728683
0.629845
0.602131
0.608541
0.647353
0.647706
0.597407
0.609266
0.61832
0.661134
0.639098
0.611971
0.617848
0.603725
0.580522
0.566701
0.579596
0.837707
0.84035
0.834238
0.835036
0.843602
0.849101
0.681626
0.684515
0.657315
0.688114
0.687391
0.689263
0.662316
0.668119
0.760635
0.762173
0.745679
0.74528
0.752559
0.753919
0.809388
0.799419
0.804059
0.788961
0.776141
0.778934
0.741182
0.766139
0.750557
0.742668
0.734237
0.733559
0.720266
0.720806
0.711591
0.707523
0.702215
0.694812
0.684575
0.687137
0.677724
0.694742
0.68833
0.685325
0.712899
0.704699
0.714949
0.733662
0.628201
0.620732
0.650512
0.655673
0.663564
0.653688
0.662421
0.638566
0.683769
0.687003
0.800592
0.698016
0.735633
0.763573
0.665326
0.702658
0.697233
0.687546
0.700536
0.71795
0.73696
0.727545
0.724638
0.751398
0.760679
0.754373
0.763199
0.771086
0.777009
0.785682
0.79308
0.790958
0.774159
0.795045
0.797382
0.792542
0.601503
0.583286
0.613703
0.603485
0.575589
0.568594
0.647607
0.62559
0.790078
0.810894
0.813698
0.780709
0.787068
0.799683
0.773506
0.741249
0.7724
0.724211
0.638759
0.662639
0.809756
0.796374
0.826846
0.826517
0.813016
0.802308
0.796965
0.76908
0.727232
0.706604
0.67099
0.683933
0.687193
0.689817
0.663532
0.66698
0.636972
0.659992
0.808453
0.806229
0.805484
0.802064
0.790286
0.790389
0.793066
0.797188
0.784174
0.801725
0.792255
0.78431
0.737667
0.708225
0.743925
0.723133
0.754153
0.753697
0.744283
0.72163
0.704134
0.743076
0.71941
0.701493
0.68709
0.639355
0.769947
0.764735
0.753076
0.754072
0.822624
0.821253
0.820267
0.803901
0.783874
0.766144
0.796727
0.782913
0.753418
0.749386
0.750421
0.788316
0.776893
0.766723
0.799213
0.796208
0.800436
0.786781
0.791076
0.789569
0.80363
0.806196
0.728514
0.723836
0.708282
0.695288
0.704547
0.709116
0.700279
0.701357
0.705815
0.698605
0.691699
0.699158
0.804748
0.789431
0.67936
0.691284
0.665826
0.649814
0.690925
0.680221
0.813934
0.837222
0.627154
0.635794
0.779179
0.780579
0.740353
0.747827
0.765038
0.792706
0.546881
0.552867
0.786695
0.796051
0.769297
0.763256
0.791427
0.778009
0.755019
0.751754
0.6268
0.622017
0.836297
0.823413
0.860087
0.863842
0.845315
0.829163
0.905026
0.891635
0.921952
0.918679
0.890453
0.880195
0.879523
0.878946
0.858938
0.849458
0.855998
0.863876
0.894744
0.891082
0.891831
0.883165
0.874494
0.878495
0.790464
0.783365
0.805934
0.80966
0.799653
0.790243
0.801612
0.79198
0.818287
0.812198
0.794773
0.790136
0.817138
0.82604
0.810015
0.802568
0.810692
0.789585
0.851202
0.853512
0.864975
0.877951
0.877119
0.866835
0.876296
0.88437
0.882555
0.896462
0.912153
0.905578
0.791031
0.767298
0.783124
0.785521
0.949978
0.953329
0.928853
0.924715
0.933741
0.93962
0.922951
0.929467
0.92002
0.949225
0.870282
0.868484
0.87694
0.890936
0.859539
0.852069
0.877488
0.876965
0.859966
0.853628
0.909214
0.930189
0.936818
0.931821
0.815205
0.818982
0.833641
0.841954
0.836642
0.833165
0.837258
0.809582
0.81925
0.827984
0.771879
0.778773
0.808484
0.819932
0.774432
0.805638
0.775422
0.788765
0.882882
0.863244
0.845046
0.852556
0.916871
0.916643
0.917284
0.916574
0.906906
0.90629
0.817897
0.835641
0.844024
0.835007
0.904071
0.910608
0.901561
0.90708
0.923409
0.922835
0.909645
0.926462
0.917792
0.914031
0.91403
0.914684
0.906025
0.913555
0.864628
0.874345
0.856134
0.882914
0.888463
0.893785
0.95367
0.934221
0.928001
0.934996
0.828514
0.842041
0.828997
0.857079
0.761736
0.781953
0.781914
0.763079
0.838451
0.83025
0.860855
0.863672
0.852039
0.843188
0.845379
0.829661
0.838343
0.857896
0.82969
0.857978
0.846927
0.798347
0.859763
0.862924
0.862248
0.857263
0.864858
0.871022
0.852287
0.816697
0.838886
0.818891
0.902305
0.928458
0.904503
0.884697
0.884679
0.906956
0.901658
0.89769
0.915944
0.911274
0.91572
0.904809
0.940809
0.955274
0.95553
0.93714
0.828646
0.82013
0.829171
0.802972
0.856822
0.837053
0.930533
0.932763
0.822998
0.798176
0.807449
0.81321
0.844621
0.83699
0.90021
0.913171
0.9247
0.931018
0.836133
0.858643
0.876848
0.87064
0.866861
0.902943
0.912962
0.894141
0.90217
0.903615
0.884446
0.873235
0.866706
0.883383
0.87782
0.858133
0.848274
0.837767
0.864759
0.851644
0.88484
0.887757
0.924929
0.913931
0.91224
0.91947
0.907981
0.882508
0.894668
0.90022
0.87455
0.886682
0.89822
0.882077
0.833716
0.845514
0.753907
0.768653
0.746173
0.745673
0.744608
0.740517
0.73658
0.742363
0.696571
0.698085
0.839534
0.818832
0.740933
0.718772
0.730013
0.710126
0.558131
0.551285
0.550688
0.534032
0.61791
0.614985
0.601248
0.586101
0.57385
0.584563
0.553519
0.574128
0.570068
0.529081
0.585888
0.624736
0.514546
0.546063
0.542429
0.501571
0.496404
0.53391
0.550235
0.57344
0.54283
0.53373
0.571125
0.583904
0.509694
0.537791
