# DS2
# Number of vertices: 3522, Number of faces: 7040
# Preprocessing time: 0.000606416
# Query time: 0.00023725
0.228424
0.270656
0.165589
0.289921
0.360484
0.351119
0.243859
0.303307
0.306569
0.247033
0.293067
0.213282
0.105529
0.0415917
0.251577
0.417975
0
0.293926
0.188937
0.313109
0.361892
0.301072
0.404295
0.3465
0.427548
0.467185
0.373312
0.350731
0.210715
0.331288
0.336058
0.381221
0.420549
0.368055
0.308709
0.437112
0.309469
0.121166
0.0551334
0.0543417
0.0250269
0.410986
0.406368
0.297716
0.363781
0.352348
0.405216
0.403422
0.223887
0.354826
0.36255
0.384702
0.384314
0.341995
0.164688
0.0990809
0.281737
0.22654
0.16876
0.114952
0.0840405
0.0435437
0.0358997
0.365748
0.406693
0.447518
0.348397
0.412929
0.342677
0.506737
0.505357
0.428897
0.43269
0.440964
0.336917
0.297397
0.451573
0.410506
0.447397
0.412357
0.481569
0.409444
0.428974
0.463426
0.402221
0.465582
0.488683
0.260421
0.0288349
0.483215
0.477775
0.461905
0.589004
0.607196
0.638924
0.615588
0.698663
0.755982
0.700139
0.662162
0.750644
0.674989
0.651359
0.650899
0.714786
0.6653
0.669884
0.619878
0.595194
0.555686
0.745349
0.797978
0.798411
0.706195
0.713587
0.701761
0.80378
0.704052
0.654536
0.720108
0.673422
0.647328
0.762068
0.742342
0.719737
0.624822
0.625208
0.7521
0.762622
0.765115
0.742711
0.699753
0.626326
0.829571
0.74434
0.801251
0.696872
0.813922
0.787743
0.647281
0.810524
0.756023
0.750283
0.797977
0.707132
0.702552
0.80981
0.808868
0.615227
0.795739
0.564955
0.680813
0.616926
0.774224
0.67873
0.659858
0.79161
0.75701
0.755191
0.780019
0.69715
0.847399
0.752174
0.834735
0.694666
0.622456
0.910136
0.940698
0.937549
0.867036
0.783653
0.791062
0.834316
0.820595
0.942744
0.950225
0.974908
0.792016
0.855458
0.941701
0.93261
0.948313
0.911476
0.930689
0.901216
0.889429
0.841343
0.820936
0.922025
0.955353
0.856747
0.897223
0.954772
0.885305
0.803863
0.84414
0.826096
0.868007
0.848193
0.899926
0.885239
0.893896
0.908278
0.878239
0.920511
0.928235
0.873326
0.846213
0.787043
0.75628
0.74822
0.706654
0.817735
0.772778
0.480809
0.548905
0.560152
0.490497
0.529944
0.598665
0.557716
0.565068
0.212972
0.183899
0.190805
0.242206
0.250315
0.215434
0.265087
0.289313
0.260781
0.204749
0.216516
0.235104
0.268017
0.259824
0.279022
0.299489
0.284214
0.251697
0.32316
0.326616
0.277137
0.145325
0.172366
0.261336
0.232885
0.345014
0.320375
0.315127
0.290986
0.267777
0.0746476
0.114901
0.0744684
0.135256
0.118619
0.101441
0.0925019
0.123802
0.352217
0.339932
0.32677
0.374641
0.375236
0.241641
0.270105
0.334402
0.359767
0.346705
0.332017
0.35261
0.298721
0.2944
0.308904
0.327601
0.352362
0.333011
0.408921
0.448669
0.442668
0.180569
0.201637
0.15953
0.220085
0.356394
0.325874
0.322753
0.251804
0.232764
0.228697
0.235552
0.108168
0.136985
0.0741315
0.0754838
0.0491967
0.102576
0.074709
0.368348
0.345316
0.326433
0.373418
0.342376
0.374991
0.277614
0.27672
0.195455
0.213583
0.196756
0.236483
0.274926
0.307286
0.283076
0.308049
0.383221
0.327638
0.299971
0.147053
0.149613
0.173495
0.370239
0.358201
0.376783
0.441706
0.425944
0.457837
0.330089
0.381929
0.380697
0.321236
0.344804
0.335842
0.439458
0.42134
0.450614
0.364869
0.401941
0.391157
0.470208
0.45156
0.427866
0.333985
0.288972
0.309866
0.307678
0.287829
0.299034
0.287784
0.315419
0.341493
0.364364
0.358256
0.409092
0.391335
0.427623
0.371782
0.391256
0.402013
0.321299
0.298104
0.313217
0.387066
0.395158
0.428921
0.367337
0.398727
0.396394
0.426696
0.441292
0.472389
0.353077
0.328651
0.321505
0.0741176
0.0525939
0.0719928
0.0379424
0.0421936
0.0473265
0.0291335
0.0292041
0.0171672
0.0125581
0.0271465
0.0153685
0.261946
0.401178
0.415917
0.40518
0.364427
0.482331
0.444787
0.446885
0.411775
0.450963
0.330557
0.400584
0.312791
0.321101
0.392521
0.423372
0.391622
0.3866
0.407038
0.337253
0.365635
0.263569
0.382378
0.380484
0.35515
0.253241
0.404048
0.373311
0.361336
0.288536
0.319511
0.332444
0.350348
0.165006
0.135088
0.313629
0.308484
0.162554
0.18897
0.194251
0.396187
0.0646806
0.0762018
0.0423383
0.0625845
0.0442375
0.0295256
0.0179788
0.0120602
0.387482
0.480231
0.47792
0.4566
0.47362
0.469789
0.479945
0.47157
0.34979
0.33543
0.356678
0.381336
0.39829
0.430334
0.464128
0.483126
0.458188
0.486143
0.535316
0.505232
0.53019
0.479505
0.494563
0.459209
0.465015
0.401385
0.448131
0.444798
0.447166
0.429329
0.434335
0.431585
0.407827
0.461333
0.502185
0.497835
0.375481
0.377173
0.4349
0.445491
0.410385
0.398742
0.460753
0.53685
0.49125
0.519929
0.455073
0.432342
0.413412
0.415803
0.432159
0.382778
0.416986
0.382378
0.384192
0.385647
0.438545
0.540585
0.431622
0.418161
0.390647
0.508712
0.525457
0.419369
0.477636
0.573445
0.537932
0.505082
0.219857
0.372573
0.627323
0.646339
0.656965
0.613039
0.595797
0.594083
0.619665
0.593013
0.597034
0.61849
0.587155
0.608928
0.646828
0.625708
0.630132
0.672986
0.666973
0.734239
0.735323
0.758666
0.711777
0.733783
0.570524
0.672828
0.68546
0.678726
0.660096
0.759075
0.758007
0.664447
0.645175
0.587166
0.569375
0.680972
0.707442
0.738238
0.684864
0.632033
0.593635
0.611711
0.707081
0.675361
0.654633
0.64242
0.633596
0.739051
0.736796
0.673155
0.644422
0.639235
0.774357
0.790471
0.774105
0.774175
0.761318
0.783193
0.66254
0.637648
0.666964
0.605402
0.578725
0.586157
0.584445
0.554065
0.685247
0.673992
0.719022
0.650372
0.655522
0.6935
0.740227
0.753393
0.823243
0.800286
0.746892
0.776933
0.715745
0.707846
0.744347
0.767451
0.770645
0.667183
0.642391
0.647592
0.677853
0.686415
0.770627
0.78032
0.761599
0.730338
0.746868
0.764911
0.686024
0.701449
0.675301
0.664473
0.637671
0.701508
0.617946
0.831151
0.807587
0.831835
0.786404
0.77755
0.802104
0.820794
0.826269
0.731993
0.726446
0.748984
0.760818
0.736763
0.734918
0.735512
0.680141
0.662487
0.699048
0.736856
0.620369
0.635905
0.607928
0.634531
0.656834
0.619156
0.575872
0.59665
0.834617
0.840179
0.84492
0.674605
0.699178
0.677535
0.701276
0.754509
0.756563
0.76358
0.813815
0.786869
0.797781
0.76507
0.744568
0.734261
0.727498
0.714417
0.695995
0.702001
0.702136
0.69216
0.708751
0.727671
0.643265
0.661211
0.639533
0.663529
0.674758
0.72331
0.779983
0.703611
0.679127
0.729242
0.713721
0.738286
0.761034
0.766908
0.787728
0.78074
0.795612
0.789131
0.622393
0.602578
0.584631
0.636152
0.818566
0.800484
0.827544
0.771687
0.758877
0.652502
0.819853
0.816663
0.797266
0.778424
0.725247
0.687639
0.698424
0.670375
0.650746
0.814688
0.80368
0.806849
0.798432
0.810037
0.796587
0.720084
0.732101
0.753607
0.732361
0.730706
0.702047
0.663353
0.769758
0.757135
0.843311
0.827706
0.812804
0.792112
0.778557
0.800325
0.776348
0.808
0.806757
0.807589
0.806521
0.723164
0.72103
0.735417
0.716702
0.709631
0.722558
0.798611
0.684631
0.658009
0.691564
0.829302
0.631482
0.788109
0.74569
0.774947
0.545716
0.789965
0.781384
0.769312
0.749018
0.630738
0.869368
0.873276
0.840452
0.926981
0.91771
0.898952
0.890533
0.869965
0.889042
0.917395
0.899885
0.907268
0.805656
0.809066
0.790663
0.811763
0.807124
0.791584
0.827442
0.819262
0.801495
0.878894
0.903605
0.875805
0.913623
0.93722
0.924114
0.777184
0.792938
0.966849
0.963721
0.963203
0.954774
0.969951
0.890972
0.903718
0.892614
0.887386
0.876562
0.932934
0.949147
0.838617
0.858145
0.845018
0.81844
0.841811
0.798324
0.805611
0.795952
0.785979
0.867417
0.88098
0.948198
0.93785
0.942946
0.835401
0.848857
0.929755
0.942131
0.946057
0.948178
0.942308
0.933445
0.937834
0.87961
0.897938
0.910143
0.947014
0.95565
0.832711
0.855914
0.771437
0.772072
0.868139
0.884253
0.861666
0.868484
0.869041
0.868642
0.845148
0.890872
0.872656
0.88705
0.859427
0.842572
0.951971
0.921257
0.930885
0.917403
0.941789
0.930961
0.9696
0.961134
0.848095
0.82582
0.865011
0.947321
0.813689
0.832991
0.860029
0.928441
0.955268
0.900463
0.881445
0.908503
0.93274
0.899603
0.875342
0.906021
0.89907
0.853599
0.855593
0.909314
0.932347
0.926781
0.899456
0.917738
0.899286
0.915845
0.856221
0.769247
0.763383
0.753038
0.765029
0.70661
0.846162
0.740403
0.73488
0.555533
0.539159
0.611777
0.58259
0.598507
0.564639
0.55882
0.607966
0.527061
0.520854
0.514738
0.560627
0.542336
0.578733
0.523123
0.199822
0.188579
0.201969
0.245746
0.234094
0.230075
0.277167
0.27605
0.262327
0.209604
0.223664
0.219733
0.251451
0.264715
0.247342
0.286354
0.284303
0.27078
0.272407
0.267299
0.254447
0.312155
0.31344
0.325648
0.270974
0.256546
0.264621
0.165292
0.177519
0.155841
0.260918
0.247056
0.24607
0.333817
0.317969
0.329462
0.278915
0.264323
0.275847
0.0943577
0.0940119
0.0727405
0.129861
0.111184
0.11891
0.106435
0.125417
0.110327
0.34331
0.330545
0.339721
0.363765
0.362934
0.375036
0.255166
0.269309
0.255171
0.33717
0.349923
0.347058
0.339842
0.342397
0.349664
0.288164
0.284378
0.294478
0.301373
0.320724
0.31088
0.339542
0.327328
0.34114
0.428094
0.445273
0.425333
0.198353
0.173637
0.194104
0.181822
0.16834
0.192476
0.218347
0.224875
0.210749
0.341346
0.324012
0.339258
0.241712
0.231037
0.240779
0.223886
0.223608
0.234228
0.126125
0.122933
0.139736
0.074796
0.0607299
0.0611672
0.0882389
0.074088
0.0875812
0.356833
0.334843
0.347519
0.323204
0.307417
0.305901
0.35536
0.358614
0.371486
0.263698
0.263515
0.27483
0.202594
0.221394
0.211983
0.216553
0.224227
0.203786
0.280377
0.29282
0.291527
0.295376
0.293619
0.279749
0.391926
0.379111
0.394938
0.325745
0.313666
0.312902
0.146725
0.162062
0.158961
0.362491
0.368068
0.371837
0.433791
0.442906
0.449222
0.321378
0.331522
0.319323
0.216364
0.230005
0.22801
0.370134
0.371849
0.382955
0.288854
0.273112
0.285373
0.333977
0.338896
0.326603
0.43147
0.437582
0.445685
0.354328
0.360641
0.35641
0.386353
0.397492
0.378546
0.461064
0.452079
0.461904
0.450662
0.44043
0.436505
0.346555
0.342198
0.353277
0.305735
0.299751
0.31598
0.299272
0.291172
0.305887
0.295797
0.300002
0.312475
0.319698
0.332936
0.329314
0.360887
0.349805
0.352622
0.400151
0.409506
0.418967
0.35532
0.365251
0.361908
0.385504
0.377728
0.381471
0.411218
0.402221
0.417777
0.308343
0.305212
0.315721
0.39542
0.41341
0.407638
0.37965
0.381348
0.396508
0.400221
0.412906
0.415778
0.44118
0.459158
0.4561
0.341917
0.340888
0.330147
0.310015
0.32132
0.307597
0.0922096
0.0751672
0.091386
0.0615709
0.0622097
0.0736863
0.0401132
0.0468386
0.0457029
0.0798399
0.0592193
0.0624062
0.0414489
0.0385454
0.0335521
0.0216616
0.0136459
0.0219878
0.0345197
0.0318104
0.0395846
0.0222931
0.0130382
0.0210541
0.274979
0.27441
0.286277
0.410117
0.409262
0.403138
0.346702
0.335749
0.35517
0.154263
0.13385
0.136729
0.462414
0.444627
0.465461
0.431843
0.4486
0.427117
0.331809
0.331693
0.323108
0.385659
0.404108
0.39262
0.317235
0.333601
0.326653
0.315478
0.326309
0.321775
0.409093
0.413407
0.397379
0.373747
0.38925
0.372523
0.399241
0.399633
0.387719
0.322671
0.32733
0.313541
0.336948
0.350612
0.351275
0.256101
0.249535
0.269453
0.37379
0.381047
0.38972
0.394316
0.381473
0.394665
0.368612
0.366942
0.380195
0.344132
0.33065
0.34197
0.257286
0.271296
0.276685
0.40339
0.414898
0.415734
0.365843
0.371311
0.380407
0.301677
0.300916
0.312726
0.293176
0.303754
0.310569
0.3264
0.339559
0.335246
0.249322
0.252266
0.23911
0.178366
0.179691
0.19194
0.136113
0.150697
0.150887
0.11849
0.115066
0.131376
0.321658
0.308588
0.321308
0.322431
0.32262
0.30925
0.1784
0.175405
0.191533
0.199603
0.18391
0.189311
0.373365
0.382012
0.389974
0.0831059
0.0718123
0.0898588
0.0767011
0.0600701
0.057263
0.0617404
0.0523847
0.0524434
0.035489
0.0367578
0.0420993
0.0291179
0.0146725
0.025105
0.0223631
0.0154733
0.0247686
0.021541
0.0209579
0.0141907
0.396361
0.406794
0.398734
0.403403
0.386434
0.406891
0.478384
0.482517
0.474908
0.300175
0.31132
0.295943
0.434479
0.448634
0.443663
0.466642
0.471891
0.463683
0.482008
0.478514
0.475457
0.475291
0.476666
0.46948
0.476149
0.470108
0.465995
0.361052
0.354897
0.358255
0.331088
0.343639
0.340788
0.368478
0.388806
0.377178
0.328338
0.337533
0.345679
0.411189
0.413425
0.426779
0.434934
0.451742
0.447798
0.472043
0.47047
0.482786
0.519313
0.516265
0.5299
0.493492
0.494159
0.483343
0.476004
0.463224
0.48026
0.384041
0.401765
0.386854
0.447806
0.450328
0.453739
0.43873
0.430328
0.440292
0.421008
0.419292
0.429742
0.481816
0.498492
0.478066
0.373149
0.361138
0.357572
0.43862
0.42797
0.42124
0.40272
0.386012
0.393527
0.462523
0.471795
0.453376
0.513455
0.505456
0.528055
0.442344
0.444301
0.455467
0.423817
0.42173
0.416224
0.427514
0.423513
0.433158
0.401365
0.401395
0.383281
0.381239
0.367605
0.364038
0.401066
0.40064
0.383747
0.442024
0.448275
0.436031
0.431404
0.439406
0.437161
0.509306
0.5171
0.531977
0.44838
0.445934
0.464121
0.417346
0.399575
0.415037
0.430553
0.450188
0.440442
0.379367
0.395035
0.40473
0.496005
0.51938
0.506249
0.446386
0.428367
0.440487
0.396592
0.381457
0.406634
0.436938
0.427303
0.428796
0.454582
0.471496
0.470834
0.457899
0.470453
0.466341
0.557123
0.537565
0.558909
0.491296
0.482667
0.490568
0.374878
0.385866
0.386414
0.36344
0.379734
0.364886
0.23587
0.2363
0.251572
0.151966
0.149715
0.139146
0.203551
0.189401
0.205764
0.394536
0.394935
0.378813
0.288705
0.29184
0.280801
0.401199
0.408608
0.406032
0.0774107
0.0812045
0.0684685
0.37635
0.36825
0.382514
0.367264
0.37216
0.380265
0.636951
0.652999
0.643479
0.619866
0.604859
0.611166
0.604001
0.616697
0.606432
0.594658
0.606946
0.60591
0.588649
0.597849
0.601
0.635915
0.626078
0.637265
0.658673
0.65753
0.669889
0.734323
0.748589
0.747566
0.721988
0.736656
0.725113
0.58819
0.576731
0.582346
0.67933
0.680256
0.672802
0.668256
0.658768
0.668373
0.763128
0.762194
0.762447
0.655796
0.653106
0.662487
0.590162
0.58181
0.575412
0.664736
0.67104
0.674415
0.695802
0.687573
0.695326
0.720789
0.735708
0.723838
0.678142
0.690083
0.695092
0.616915
0.628451
0.62038
0.604557
0.599973
0.58961
0.693954
0.690513
0.677817
0.643604
0.646098
0.635377
0.663437
0.674375
0.664501
0.640405
0.649462
0.63931
0.72388
0.73765
0.721908
0.749529
0.747935
0.73557
0.658426
0.639264
0.655869
0.789869
0.790893
0.774647
0.769792
0.771834
0.779063
0.652317
0.649993
0.66729
0.591428
0.581175
0.594942
0.567926
0.56671
0.580268
0.679049
0.692027
0.703614
0.65073
0.664758
0.662235
0.716161
0.749468
0.721828
0.806985
0.812029
0.795563
0.760927
0.763546
0.776397
0.713
0.729682
0.731119
0.7558
0.769224
0.756795
0.655906
0.644964
0.656467
0.681564
0.676747
0.674257
0.773497
0.771794
0.76534
0.737632
0.757023
0.748046
0.695785
0.69141
0.680084
0.670224
0.650428
0.656897
0.685381
0.66374
0.682335
0.606597
0.589225
0.601486
0.821115
0.820537
0.832726
0.78098
0.792694
0.795637
0.813201
0.823886
0.814608
0.727033
0.736705
0.739073
0.753859
0.740383
0.747669
0.74879
0.749232
0.735012
0.671444
0.681158
0.688445
0.7085
0.726151
0.717349
0.628394
0.650539
0.64187
0.621064
0.622988
0.637202
0.682313
0.670311
0.699392
0.635263
0.646752
0.629892
0.591946
0.583866
0.598728
0.839316
0.845687
0.841534
0.829247
0.836624
0.840167
0.674909
0.688917
0.685417
0.674695
0.687599
0.688403
0.753771
0.759665
0.759747
0.799814
0.794072
0.805964
0.758469
0.754183
0.749447
0.778002
0.766868
0.776785
0.740512
0.731473
0.735777
0.704774
0.698793
0.708411
0.697555
0.697667
0.692502
0.717035
0.726628
0.718786
0.649076
0.651302
0.637518
0.648937
0.669633
0.657688
0.730452
0.749635
0.762917
0.690682
0.691269
0.678357
0.715995
0.723514
0.711393
0.748442
0.744341
0.733981
0.778152
0.783752
0.772715
0.789356
0.793554
0.783036
0.613447
0.595488
0.60378
0.629187
0.63372
0.638678
0.633914
0.620627
0.621214
0.788582
0.806614
0.798479
0.758014
0.773584
0.75215
0.811871
0.814858
0.826852
0.788041
0.774841
0.788243
0.748058
0.738937
0.766573
0.655439
0.671004
0.673598
0.81738
0.807985
0.808566
0.786544
0.773005
0.784543
0.731827
0.71978
0.724636
0.828086
0.818756
0.82613
0.692964
0.688025
0.681936
0.679809
0.682604
0.690997
0.660389
0.658038
0.648068
0.810368
0.805383
0.812124
0.798996
0.805059
0.805519
0.789453
0.789459
0.79737
0.724842
0.709134
0.713565
0.717564
0.713152
0.727583
0.744172
0.733312
0.743809
0.731733
0.717904
0.718967
0.682313
0.660521
0.683277
0.78397
0.778357
0.792489
0.760242
0.760426
0.764587
0.836224
0.826585
0.834606
0.80046
0.783935
0.792816
0.797572
0.786995
0.783662
0.813533
0.803182
0.813227
0.811127
0.812135
0.805525
0.806468
0.813872
0.8128
0.718159
0.730815
0.727656
0.724023
0.718985
0.730171
0.70612
0.706032
0.708979
0.722394
0.710145
0.722289
0.709294
0.694408
0.697261
0.607342
0.595759
0.60735
0.781085
0.780786
0.75519
0.697312
0.704728
0.69337
0.664446
0.678174
0.671286
0.666112
0.646333
0.651705
0.719636
0.704138
0.705769
0.835987
0.830703
0.824226
0.641112
0.645109
0.654106
0.80714
0.798446
0.797987
0.833931
0.821797
0.82593
0.751528
0.752309
0.757328
0.737251
0.728687
0.739611
0.761293
0.775563
0.76276
0.789766
0.788981
0.775975
0.646342
0.634925
0.62854
0.739362
0.749912
0.750932
0.633243
0.636233
0.623617
0.569392
0.558636
0.558176
0.726031
0.710675
0.71659
0.733599
0.733979
0.723643
0.791007
0.79557
0.793758
0.785673
0.78054
0.774184
0.758652
0.766644
0.757146
0.621384
0.621203
0.629969
0.63874
0.632817
0.630894
0.871289
0.85811
0.855917
0.922808
0.908198
0.91395
0.879658
0.880761
0.889738
0.909902
0.904717
0.912085
0.806889
0.799849
0.798711
0.810791
0.800195
0.801458
0.821144
0.811083
0.81839
0.81204
0.803437
0.810057
0.89223
0.890069
0.878344
0.926745
0.930965
0.921701
0.777773
0.785566
0.788103
0.966094
0.964727
0.971854
0.960888
0.97109
0.963463
0.899055
0.906808
0.900499
0.889716
0.881507
0.884579
0.94189
0.938282
0.930792
0.84955
0.849794
0.839551
0.827537
0.828681
0.839364
0.820335
0.824155
0.801058
0.777991
0.797023
0.7776
0.791822
0.800591
0.808847
0.883173
0.874791
0.890574
0.943467
0.939102
0.945816
0.841462
0.837188
0.831573
0.935994
0.945038
0.938734
0.951366
0.948919
0.944965
0.937305
0.939746
0.936708
0.884209
0.89313
0.889143
0.905316
0.907806
0.901136
0.956347
0.951684
0.960028
0.851287
0.861161
0.845283
0.771896
0.76276
0.762411
0.783228
0.773689
0.781927
0.874967
0.87343
0.862333
0.864376
0.854608
0.851298
0.869126
0.879946
0.880763
0.858995
0.832295
0.842836
0.883403
0.879856
0.890067
0.836159
0.828746
0.854639
0.860327
0.850119
0.871872
0.958908
0.950807
0.945012
0.913203
0.915008
0.924253
0.927146
0.924141
0.918279
0.944256
0.948547
0.945176
0.86201
0.872074
0.857472
0.941632
0.931609
0.940289
0.966142
0.955781
0.95979
0.837962
0.826785
0.836606
0.858776
0.857712
0.868246
0.951516
0.95481
0.959911
0.816962
0.822798
0.826504
0.868364
0.862844
0.867776
0.794604
0.792895
0.786771
0.933406
0.932068
0.925588
0.948269
0.937811
0.943553
0.803634
0.797446
0.801842
0.837969
0.827544
0.828787
0.881681
0.889735
0.870699
0.921097
0.921229
0.912269
0.93758
0.945038
0.942899
0.886876
0.890022
0.901379
0.892291
0.893634
0.899834
0.861377
0.864472
0.851537
0.896023
0.888834
0.895988
0.909865
0.914929
0.91374
0.967918
0.962584
0.976157
0.920753
0.911929
0.926441
0.940746
0.93834
0.933424
0.899611
0.913191
0.914859
0.926403
0.931551
0.922284
0.886727
0.890752
0.876211
0.923189
0.913815
0.920757
0.901388
0.901189
0.891727
0.861742
0.856496
0.846993
0.865481
0.863372
0.852921
0.902659
0.896492
0.889392
0.861535
0.868787
0.872737
0.917505
0.909414
0.907813
0.87539
0.89731
0.892839
0.936961
0.936936
0.943099
0.777782
0.778662
0.769647
0.769064
0.772372
0.765819
0.781106
0.769508
0.779185
0.684289
0.675712
0.671293
0.819197
0.809008
0.793816
0.758184
0.758631
0.763419
0.679608
0.691472
0.694817
0.770468
0.769205
0.776401
0.742808
0.73187
0.740781
0.806942
0.81108
0.813895
0.85364
0.844524
0.852621
0.839231
0.850054
0.843653
0.755976
0.73888
0.748661
0.734961
0.721709
0.720759
0.745593
0.747119
0.736691
0.542064
0.528449
0.542031
0.501075
0.518587
0.524922
0.596921
0.589441
0.60419
0.569176
0.575214
0.563508
0.563408
0.545216
0.551757
0.621004
0.615788
0.602164
0.520379
0.531524
0.515306
0.515065
0.530953
0.533529
0.568744
0.552534
0.559799
0.522685
0.50972
0.53093
0.55053
0.568173
0.559004
0.503212
0.518498
0.49836
0.571986
0.56347
0.548906
0.622535
0.62735
0.639525
0.613344
0.592107
0.599176
0.539726
0.525694
0.541227
0.588739
0.595117
0.580671
0.213432
0.203116
0.211812
0.196434
0.173476
0.177661
0.227152
0.21221
0.255876
0.259866
0.23988
0.220621
0.24879
0.245733
0.279168
0.290152
0.289698
0.275413
0.215642
0.230843
0.195561
0.203892
0.230174
0.238771
0.242289
0.254585
0.281616
0.277404
0.263437
0.293444
0.300613
0.297551
0.238389
0.289318
0.28028
0.265988
0.336001
0.33813
0.309162
0.313981
0.272755
0.283377
0.133094
0.148944
0.156813
0.193189
0.230829
0.275672
0.250864
0.237874
0.341614
0.326483
0.351163
0.338424
0.304559
0.303542
0.290459
0.294815
0.283012
0.254375
0.0536632
0.0537663
0.0980947
0.117738
0.11447
0.0952169
0.124542
0.108014
0.148324
0.139297
0.0995849
0.0930516
0.0957912
0.10954
0.0879715
0.141123
0.350731
0.338237
0.354929
0.352011
0.326837
0.317256
0.387286
0.388523
0.364852
0.362939
0.241439
0.256818
0.242888
0.284523
0.344208
0.357296
0.324268
0.361642
0.357252
0.359384
0.337172
0.330912
0.333774
0.345394
0.303655
0.303008
0.29486
0.283584
0.317589
0.289768
0.326254
0.337485
0.35497
0.347365
0.349563
0.319431
0.406622
0.423545
0.413471
0.433188
0.467055
0.463202
0.205072
0.153356
0.213526
0.194312
0.175131
0.142353
0.205507
0.232932
0.35625
0.338418
0.358855
0.343942
0.309125
0.308036
0.252433
0.239386
0.25326
0.243993
0.222586
0.219741
0.246402
0.224368
0.152242
0.11158
0.10667
0.121411
0.0620073
0.0511971
0.0892128
0.0906234
0.0596432
0.0470758
0.100619
0.087831
0.10414
0.0631808
0.363894
0.342913
0.376803
0.366267
0.324466
0.313222
0.389433
0.388054
0.357022
0.339285
0.350931
0.368023
0.287315
0.286846
0.268169
0.266131
0.205496
0.183041
0.192242
0.233055
0.182856
0.20989
0.229477
0.243682
0.29998
0.262387
0.28828
0.305958
0.266341
0.298608
0.310261
0.306507
0.400271
0.367702
0.31518
0.299271
0.339478
0.303523
0.158907
0.169885
0.133333
0.132313
0.168473
0.179399
0.378397
0.380143
0.360221
0.351317
0.363644
0.372218
0.456093
0.462746
0.427935
0.419832
0.436451
0.452943
0.31834
0.341813
0.395215
0.392828
0.368671
0.370036
0.312111
0.321742
0.33141
0.343125
0.350899
0.348924
0.452074
0.456942
0.424097
0.414554
0.425277
0.440284
0.355466
0.357945
0.369891
0.39125
0.414507
0.410788
0.470228
0.460669
0.466266
0.440745
0.425815
0.428679
0.337488
0.332269
0.326145
0.295247
0.283908
0.29511
0.317992
0.316445
0.300431
0.295318
0.275171
0.281073
0.279281
0.294607
0.325872
0.338638
0.305078
0.344796
0.355998
0.372582
0.368784
0.347555
0.428174
0.437262
0.393052
0.384476
0.399888
0.417823
0.368422
0.375794
0.386175
0.388816
0.411638
0.392123
0.33011
0.323744
0.313798
0.302209
0.296738
0.305637
0.398998
0.418812
0.377916
0.380404
0.413344
0.429656
0.414363
0.369164
0.368374
0.38339
0.429532
0.38329
0.406494
0.420661
0.456237
0.468074
0.423914
0.478974
0.318947
0.346491
0.351207
0.337128
0.313318
0.335007
0.0935319
0.0576935
0.085279
0.0527085
0.0532597
0.0613692
0.0457574
0.0327582
0.0352881
0.0483405
0.0474281
0.0410532
0.0274744
0.0342457
0.0336977
0.0249995
0.0261619
0.0230079
0.0083989
0.00421493
0.0290701
0.0255817
0.022634
0.00746005
0.264927
0.260526
0.392649
0.397049
0.415205
0.422106
0.412433
0.409608
0.374549
0.357197
0.487259
0.468991
0.479323
0.462772
0.425861
0.425692
0.406544
0.423085
0.441668
0.468424
0.330284
0.337718
0.38383
0.418584
0.324817
0.302762
0.30902
0.334417
0.380022
0.403779
0.411026
0.431305
0.374384
0.375216
0.40479
0.401921
0.406532
0.40746
0.322115
0.341626
0.357164
0.364751
0.283457
0.243461
0.39307
0.371649
0.393034
0.367277
0.358034
0.353718
0.23813
0.26777
0.393615
0.414868
0.39072
0.3595
0.355932
0.366925
0.328138
0.276259
0.298879
0.312488
0.346755
0.320738
0.342798
0.350887
0.164892
0.165586
0.120498
0.149202
0.322811
0.325093
0.298848
0.293858
0.205465
0.164305
0.163511
0.175317
0.2107
0.17948
0.404132
0.390183
0.0943694
0.0748255
0.0543812
0.0594653
0.0380629
0.0449671
0.0435712
0.0727145
0.0572149
0.0488336
0.0289808
0.0345758
0.0221928
0.0309183
0.00716843
0.00489714
0.396473
0.367003
0.470213
0.473897
0.482363
0.484577
0.452391
0.459987
0.460847
0.468647
0.476462
0.475492
0.481647
0.478215
0.461286
0.478979
0.356403
0.348663
0.320726
0.351718
0.364592
0.347896
0.361864
0.399384
0.443689
0.398914
0.399812
0.417521
0.454303
0.465602
0.492976
0.496832
0.473246
0.461568
0.454277
0.472323
0.542763
0.542014
0.524396
0.507251
0.503455
0.51678
0.469595
0.491301
0.500081
0.48295
0.488349
0.470717
0.447223
0.449162
0.382321
0.41844
0.452118
0.44847
0.440326
0.440157
0.444187
0.444064
0.441448
0.436993
0.419364
0.422917
0.437502
0.422681
0.410308
0.407795
0.455428
0.477038
0.4692
0.488899
0.517194
0.515668
0.359394
0.390088
0.38819
0.368732
0.417392
0.403995
0.451188
0.454747
0.43608
0.419183
0.414795
0.381335
0.443053
0.480923
0.550956
0.542852
0.513645
0.490546
0.48506
0.498521
0.468422
0.439475
0.429647
0.433514
0.411079
0.414864
0.440481
0.414007
0.41145
0.422025
0.363272
0.362399
0.397999
0.415393
0.414956
0.398968
0.397035
0.365761
0.366762
0.401074
0.426222
0.445361
0.554944
0.524591
0.433812
0.429392
0.431056
0.409944
0.418649
0.365178
0.513189
0.482859
0.533476
0.5408
0.432564
0.40911
0.482983
0.474593
0.572105
0.565044
0.548247
0.516345
0.500917
0.499352
0.220034
0.222587
0.388684
0.359781
0.635453
0.647557
0.620869
0.630498
0.659822
0.6668
0.605415
0.626535
0.599642
0.591321
0.599199
0.610998
0.591877
0.629741
0.605968
0.61946
0.581448
0.584496
0.609894
0.619091
0.612919
0.576135
0.597233
0.606412
0.648078
0.641587
0.647706
0.637402
0.615576
0.618294
0.685228
0.680108
0.661526
0.657304
0.746037
0.755777
0.718171
0.71831
0.748233
0.756377
0.706898
0.705476
0.71839
0.744927
0.580524
0.564322
0.664836
0.671536
0.683317
0.689305
0.682414
0.677348
0.668534
0.650487
0.758212
0.757589
0.75674
0.7549
0.670085
0.657625
0.648023
0.642457
0.574505
0.561662
0.601009
0.57974
0.687998
0.676574
0.711323
0.726199
0.703225
0.747317
0.700997
0.668264
0.624329
0.640426
0.576043
0.610067
0.617234
0.611916
0.663114
0.710224
0.704225
0.687643
0.632667
0.652145
0.656071
0.652613
0.625149
0.632847
0.719838
0.72581
0.750061
0.749226
0.671573
0.655826
0.661428
0.649167
0.623022
0.620885
0.75959
0.757086
0.788796
0.801136
0.77874
0.779219
0.783572
0.791089
0.7662
0.760039
0.76145
0.77377
0.679943
0.68571
0.651459
0.644872
0.629238
0.644227
0.61034
0.600911
0.606796
0.592989
0.568242
0.572031
0.597248
0.571138
0.554148
0.555325
0.715843
0.731275
0.654689
0.651751
0.682911
0.70857
0.639273
0.637566
0.640247
0.674761
0.696699
0.725319
0.688105
0.708233
0.776735
0.783154
0.783559
0.809218
0.830417
0.81857
0.788458
0.74607
0.747686
0.762535
0.731948
0.696807
0.691274
0.726339
0.745656
0.758954
0.744324
0.755546
0.78154
0.783774
0.666554
0.657486
0.668301
0.655048
0.63206
0.636541
0.671546
0.685293
0.689317
0.680787
0.762282
0.755893
0.778927
0.781798
0.781436
0.770963
0.740647
0.755966
0.719216
0.727779
0.76573
0.774582
0.670185
0.663145
0.701564
0.706226
0.69761
0.68741
0.645668
0.682216
0.643581
0.629594
0.696943
0.703502
0.613385
0.623314
0.841125
0.841801
0.819286
0.808927
0.8057
0.818497
0.799926
0.771694
0.765963
0.790444
0.802637
0.816261
0.801855
0.810599
0.829457
0.83275
0.743901
0.751886
0.719593
0.716282
0.737569
0.748357
0.746582
0.734749
0.767012
0.750558
0.722426
0.726822
0.720235
0.748246
0.697118
0.706766
0.664695
0.653654
0.669836
0.689688
0.72803
0.743164
0.634012
0.606677
0.615377
0.653822
0.651844
0.602815
0.611514
0.621458
0.667937
0.643182
0.617675
0.622035
0.60877
0.585164
0.568058
0.583452
0.835565
0.839972
0.831897
0.833832
0.845075
0.847323
0.687577
0.698283
0.662298
0.705936
0.691096
0.701753
0.665165
0.685804
0.763256
0.768892
0.747888
0.74948
0.760785
0.761737
0.816066
0.805668
0.807194
0.791818
0.781016
0.786849
0.741801
0.769078
0.759479
0.750646
0.734569
0.74411
0.725968
0.723337
0.71746
0.711717
0.709731
0.701416
0.689361
0.69105
0.684762
0.703072
0.701815
0.69853
0.71473
0.705533
0.717155
0.735963
0.631507
0.625351
0.653151
0.660274
0.667807
0.657825
0.665036
0.640439
0.685561
0.689217
0.797209
0.703992
0.739765
0.765912
0.667389
0.70515
0.701134
0.690419
0.703235
0.719692
0.739037
0.728933
0.72458
0.751009
0.762434
0.757977
0.762688
0.771044
0.774877
0.783544
0.790821
0.788771
0.778515
0.793027
0.796893
0.798417
0.613447
0.593518
0.619461
0.608507
0.584851
0.576368
0.643992
0.624952
0.808797
0.82808
0.839281
0.7989
0.802409
0.817211
0.788127
0.756616
0.783707
0.729576
0.639584
0.665668
0.810724
0.797317
0.826044
0.824407
0.80846
0.798707
0.791323
0.764292
0.738299
0.714511
0.675524
0.69724
0.700727
0.695977
0.667469
0.673517
0.637955
0.664129
0.81448
0.812433
0.812389
0.807923
0.796605
0.797518
0.804898
0.810632
0.790736
0.809154
0.802977
0.790669
0.734506
0.705201
0.741026
0.719847
0.752309
0.753822
0.743291
0.719422
0.703402
0.742292
0.718684
0.702121
0.684813
0.639388
0.774723
0.76399
0.760249
0.755293
0.842153
0.837285
0.847124
0.81732
0.805424
0.787608
0.821188
0.80973
0.779369
0.773403
0.774254
0.813644
0.791407
0.780709
0.811842
0.807386
0.813714
0.796937
0.799297
0.796651
0.81171
0.81232
0.733318
0.736825
0.71353
0.708834
0.714862
0.718141
0.707998
0.710111
0.726066
0.716472
0.69846
0.710547
0.803983
0.798768
0.680857
0.692262
0.667494
0.651301
0.696663
0.686359
0.815399
0.840014
0.627528
0.637625
0.786739
0.788072
0.744134
0.748763
0.761725
0.789139
0.548225
0.550693
0.784535
0.793468
0.769078
0.761605
0.790899
0.775921
0.752617
0.750739
0.630075
0.627098
0.853474
0.838295
0.882918
0.884758
0.861075
0.844404
0.919083
0.905627
0.93491
0.931146
0.901813
0.892083
0.900057
0.898016
0.879682
0.86756
0.873773
0.882131
0.913857
0.911653
0.915638
0.905742
0.894515
0.899232
0.797035
0.788556
0.813246
0.815452
0.800971
0.791239
0.801389
0.791388
0.821966
0.819121
0.797684
0.791497
0.82334
0.831271
0.818241
0.80904
0.819669
0.794555
0.866344
0.865244
0.892352
0.905059
0.900822
0.886773
0.908437
0.914884
0.917299
0.932053
0.941857
0.933751
0.794891
0.767512
0.785348
0.792945
0.976002
0.968447
0.956062
0.954393
0.957553
0.958355
0.954399
0.956828
0.949183
0.980069
0.891544
0.889037
0.8952
0.909221
0.882021
0.87374
0.897209
0.895364
0.878271
0.872572
0.922055
0.943727
0.952899
0.945391
0.82864
0.835109
0.851478
0.861407
0.856587
0.852594
0.85347
0.819867
0.819077
0.831592
0.777197
0.779595
0.818201
0.828665
0.778432
0.81581
0.7762
0.792093
0.895984
0.876261
0.858516
0.865159
0.947824
0.947371
0.950045
0.943622
0.933083
0.934916
0.82669
0.845997
0.852921
0.843188
0.932208
0.939756
0.926684
0.932353
0.951673
0.952621
0.938439
0.950488
0.944512
0.943015
0.936491
0.937399
0.932299
0.937141
0.88281
0.892277
0.87428
0.900759
0.906153
0.911485
0.964221
0.952279
0.939798
0.945979
0.82547
0.840483
0.840697
0.870052
0.760492
0.781372
0.78134
0.763533
0.856293
0.850962
0.880029
0.887063
0.885447
0.875864
0.880423
0.856938
0.858327
0.878483
0.852412
0.885598
0.87269
0.819256
0.898348
0.896769
0.884036
0.876361
0.869962
0.878512
0.879145
0.843083
0.85108
0.830893
0.940306
0.95112
0.931712
0.910068
0.909565
0.934616
0.929427
0.923214
0.946228
0.939622
0.937523
0.921654
0.962846
0.975846
0.970397
0.951209
0.846641
0.835407
0.848475
0.816692
0.875391
0.854064
0.941859
0.946391
0.837422
0.808809
0.819554
0.828936
0.862597
0.857398
0.918118
0.935513
0.950168
0.959229
0.86092
0.893579
0.910645
0.90239
0.904653
0.916569
0.928318
0.93056
0.912121
0.915206
0.885589
0.873605
0.879248
0.895411
0.905003
0.894205
0.841219
0.840029
0.863564
0.868784
0.904761
0.91038
0.937693
0.925811
0.922879
0.929514
0.914942
0.885191
0.912104
0.925186
0.89658
0.903275
0.925147
0.905541
0.84945
0.862464
0.762434
0.776965
0.759983
0.768686
0.76826
0.754374
0.753777
0.762229
0.710408
0.70523
0.85633
0.835893
0.749648
0.728192
0.746091
0.723554
0.557215
0.552701
0.54799
0.532999
0.618213
0.612363
0.605238
0.589339
0.573792
0.582267
0.554907
0.578034
0.578696
0.535016
0.586472
0.627977
0.510484
0.542713
0.541768
0.500349
0.496739
0.534217
0.551121
0.577292
0.544434
0.535542
0.570281
0.586549
0.50806
0.538013
