# DS2
# Number of vertices: 3522, Number of faces: 7040
# Preprocessing time: 0.00797362
# Query time: 10.593
0.227894
0.268567
0.161113
0.286486
0.356162
0.346945
0.239978
0.289469
0.299045
0.243535
0.292297
0.208229
0.102548
0.0415917
0.24598
0.405097
0
0.275959
0.18584
0.308
0.352197
0.297149
0.399906
0.332063
0.405349
0.442127
0.367219
0.349347
0.210715
0.315777
0.321235
0.360699
0.398347
0.366153
0.308362
0.428975
0.307354
0.121166
0.0493498
0.0520332
0.02491
0.401897
0.394796
0.291317
0.36268
0.345238
0.386424
0.375244
0.218058
0.340147
0.343908
0.37009
0.375369
0.334
0.161558
0.092059
0.267403
0.213121
0.161778
0.111764
0.0835874
0.0435437
0.0357709
0.343971
0.388577
0.423581
0.330281
0.407544
0.337691
0.49378
0.491392
0.42067
0.427135
0.433998
0.336532
0.294633
0.443554
0.409227
0.44055
0.406923
0.475246
0.408995
0.426827
0.451895
0.390766
0.460828
0.478042
0.260074
0.0288349
0.458012
0.454329
0.443788
0.570385
0.591723
0.621201
0.594923
0.682269
0.73777
0.683014
0.644935
0.733369
0.657531
0.634964
0.634775
0.697971
0.654068
0.650862
0.605035
0.577129
0.538982
0.727156
0.766379
0.774093
0.690252
0.68797
0.683825
0.783066
0.684422
0.63907
0.698013
0.656163
0.631803
0.73929
0.723077
0.701495
0.613914
0.608489
0.729626
0.741901
0.747982
0.713633
0.679112
0.61166
0.804602
0.721649
0.781455
0.685096
0.788308
0.764373
0.628209
0.789161
0.736292
0.730574
0.76374
0.686604
0.67679
0.78642
0.781351
0.593762
0.773414
0.550288
0.658092
0.597198
0.75493
0.660921
0.637951
0.770687
0.724533
0.734345
0.758598
0.675239
0.821271
0.73414
0.813635
0.67652
0.606354
0.88696
0.914344
0.911526
0.838018
0.76081
0.772843
0.813719
0.794072
0.915568
0.92137
0.944623
0.770603
0.827688
0.913622
0.90164
0.918957
0.882909
0.903147
0.873449
0.861829
0.811366
0.78936
0.883224
0.925422
0.829469
0.870047
0.929044
0.856863
0.777905
0.816999
0.798815
0.840614
0.825562
0.8632
0.857326
0.856043
0.878786
0.847493
0.890187
0.900513
0.847961
0.819465
0.76134
0.730647
0.730286
0.684887
0.792444
0.731013
0.46699
0.534747
0.550203
0.479496
0.514626
0.583099
0.546706
0.555337
0.210159
0.181157
0.186223
0.240261
0.248503
0.214048
0.264473
0.285867
0.258642
0.19533
0.213274
0.222325
0.254083
0.243315
0.27401
0.285515
0.268098
0.23813
0.305138
0.310627
0.275317
0.142883
0.172366
0.259103
0.230659
0.337315
0.316109
0.308796
0.288735
0.263894
0.0733627
0.1127
0.0723476
0.13096
0.11627
0.0973397
0.0891341
0.120714
0.347846
0.332728
0.323267
0.37005
0.371033
0.238193
0.266658
0.324812
0.347385
0.329161
0.317181
0.336952
0.296512
0.2923
0.304013
0.321179
0.334322
0.318257
0.399924
0.436185
0.43351
0.180238
0.199411
0.157304
0.216677
0.348348
0.325097
0.318266
0.24873
0.22995
0.222829
0.235455
0.106038
0.133709
0.0710529
0.0735739
0.0461181
0.0994972
0.0686399
0.365778
0.338691
0.324142
0.363451
0.337987
0.370602
0.272996
0.272691
0.191953
0.209425
0.192165
0.2311
0.267497
0.299663
0.278558
0.299873
0.374574
0.323465
0.296524
0.141839
0.146537
0.166192
0.355793
0.337629
0.355509
0.420049
0.404478
0.432525
0.317495
0.363921
0.368181
0.306212
0.329713
0.319197
0.421342
0.398962
0.427469
0.347238
0.383908
0.373852
0.446623
0.428898
0.408523
0.316231
0.274725
0.295532
0.303736
0.285315
0.298649
0.285689
0.299113
0.325178
0.345658
0.341572
0.388007
0.371805
0.406558
0.353918
0.369553
0.381036
0.316719
0.292965
0.306921
0.384962
0.389413
0.424034
0.363423
0.396599
0.391813
0.422116
0.436818
0.466227
0.347681
0.324008
0.318399
0.0741176
0.050309
0.0662232
0.0367129
0.0421936
0.0432268
0.0263519
0.0266242
0.0171672
0.0125581
0.0255083
0.0153685
0.26005
0.398579
0.408894
0.396117
0.356219
0.46786
0.430982
0.435114
0.407382
0.446455
0.322686
0.395669
0.308751
0.314105
0.391414
0.408675
0.376508
0.375939
0.38082
0.322233
0.346159
0.25273
0.356914
0.355897
0.332292
0.241604
0.387965
0.371572
0.358948
0.288189
0.318116
0.33132
0.348673
0.161705
0.132084
0.298204
0.293765
0.158243
0.18388
0.184867
0.383748
0.0644096
0.0734423
0.0403606
0.061796
0.0441446
0.0294328
0.0179788
0.0120602
0.364907
0.453402
0.458518
0.435522
0.452755
0.447101
0.457117
0.44735
0.346825
0.334379
0.352097
0.376193
0.390123
0.417919
0.452033
0.47122
0.447032
0.475877
0.52225
0.492801
0.516055
0.467933
0.4876
0.453079
0.458347
0.39635
0.445534
0.439642
0.438148
0.422995
0.427149
0.425752
0.402543
0.449838
0.488315
0.486747
0.365239
0.369417
0.423393
0.437032
0.402543
0.393119
0.451346
0.523052
0.479278
0.512069
0.44587
0.42383
0.401428
0.408443
0.430241
0.382354
0.41655
0.381958
0.377769
0.380535
0.437591
0.528924
0.42544
0.406815
0.382652
0.49951
0.512054
0.408242
0.473005
0.559153
0.527798
0.497408
0.210903
0.354456
0.609318
0.62577
0.63844
0.593984
0.5785
0.578458
0.603751
0.578347
0.581104
0.59996
0.571962
0.593253
0.630732
0.60962
0.61455
0.656592
0.650842
0.716727
0.71865
0.73973
0.689416
0.716656
0.554899
0.656757
0.668264
0.659685
0.643173
0.742111
0.740293
0.647481
0.628702
0.568255
0.552335
0.664219
0.690165
0.720697
0.668153
0.616145
0.576931
0.592346
0.690319
0.658786
0.638692
0.62593
0.612533
0.722437
0.719413
0.649978
0.625626
0.620569
0.752283
0.772195
0.754727
0.740451
0.734558
0.756151
0.644647
0.620867
0.650009
0.588659
0.561982
0.573745
0.56371
0.537474
0.666538
0.644378
0.693131
0.620951
0.638255
0.671785
0.716257
0.728642
0.789766
0.775092
0.725836
0.745396
0.697935
0.687842
0.721388
0.744424
0.747263
0.651284
0.626875
0.636371
0.666318
0.669532
0.747268
0.75763
0.739173
0.710572
0.724808
0.744128
0.65944
0.679137
0.649947
0.647221
0.622205
0.684506
0.596956
0.809687
0.787764
0.810508
0.765205
0.757795
0.781055
0.800216
0.804802
0.712342
0.706802
0.729229
0.736139
0.720029
0.712949
0.708897
0.660772
0.643244
0.677579
0.714151
0.604415
0.615845
0.59072
0.617509
0.636919
0.599243
0.558687
0.577786
0.811687
0.814784
0.822099
0.656155
0.67085
0.661653
0.676336
0.735243
0.734499
0.742081
0.78817
0.763761
0.772335
0.74684
0.728842
0.715056
0.712693
0.69353
0.677571
0.684124
0.680292
0.670837
0.694064
0.708516
0.621368
0.637735
0.617366
0.641771
0.651658
0.698886
0.754621
0.680258
0.657216
0.705575
0.691811
0.716483
0.736365
0.746655
0.767109
0.760426
0.774943
0.765184
0.606418
0.584975
0.570704
0.616861
0.788646
0.770102
0.794849
0.741591
0.734242
0.631496
0.7949
0.794057
0.773403
0.758666
0.704147
0.667609
0.67831
0.65155
0.63421
0.789165
0.780303
0.781663
0.773216
0.783598
0.772701
0.703053
0.714206
0.734579
0.713117
0.710576
0.682089
0.643438
0.74777
0.735682
0.809751
0.801058
0.774741
0.750258
0.740582
0.765022
0.741045
0.784114
0.779888
0.781715
0.78131
0.700481
0.685532
0.702863
0.693194
0.690468
0.701073
0.77257
0.669945
0.643322
0.667382
0.804742
0.617049
0.762981
0.72424
0.75457
0.530554
0.768719
0.759579
0.748065
0.728838
0.610389
0.8433
0.847591
0.815513
0.900663
0.889796
0.872647
0.861453
0.842546
0.861513
0.885644
0.870433
0.876757
0.780541
0.78747
0.769497
0.79284
0.787495
0.772325
0.805278
0.791234
0.778148
0.850313
0.879911
0.8526
0.875271
0.907802
0.89898
0.756338
0.767557
0.939554
0.930657
0.933459
0.922263
0.940071
0.860694
0.875246
0.863371
0.859701
0.848001
0.90975
0.920984
0.809825
0.830094
0.81735
0.791639
0.814823
0.773511
0.783
0.771203
0.765258
0.841199
0.857925
0.916881
0.910128
0.913938
0.808331
0.826325
0.899874
0.912105
0.913529
0.920196
0.909997
0.906515
0.911714
0.851004
0.869247
0.881431
0.918616
0.925557
0.806591
0.828337
0.753352
0.752867
0.841034
0.849824
0.826736
0.835862
0.839064
0.834002
0.809533
0.856846
0.842566
0.855019
0.82136
0.814506
0.914488
0.894081
0.902291
0.889687
0.913114
0.90537
0.936953
0.931225
0.818403
0.798679
0.836727
0.916003
0.786714
0.805182
0.831935
0.902949
0.925114
0.865333
0.846369
0.872494
0.895576
0.871071
0.846884
0.876806
0.863428
0.828234
0.827744
0.87845
0.902974
0.897551
0.873501
0.890807
0.872614
0.886374
0.829091
0.743543
0.72956
0.720401
0.727792
0.680018
0.818282
0.71477
0.703525
0.541037
0.527733
0.596331
0.567147
0.588213
0.550207
0.541606
0.59379
0.51606
0.506787
0.500027
0.544077
0.525587
0.565564
0.507531
0.197032
0.184455
0.197744
0.243739
0.232339
0.228381
0.275029
0.273144
0.260501
0.203026
0.215824
0.208599
0.237729
0.247942
0.231819
0.277928
0.27037
0.262474
0.255653
0.252703
0.239851
0.294923
0.298923
0.308013
0.269753
0.255328
0.262809
0.162664
0.176422
0.154764
0.258271
0.24483
0.243708
0.327468
0.312034
0.322165
0.275964
0.261372
0.273597
0.0928768
0.0918911
0.0713727
0.125869
0.107425
0.114613
0.103119
0.121392
0.105593
0.338933
0.327096
0.335861
0.359183
0.358656
0.370719
0.251309
0.265451
0.251724
0.32848
0.339632
0.336384
0.324893
0.327265
0.334242
0.28622
0.282361
0.292419
0.296916
0.314818
0.306145
0.321904
0.313786
0.32498
0.416833
0.434349
0.41592
0.19747
0.173278
0.19357
0.179596
0.166325
0.190365
0.216121
0.221928
0.207861
0.336834
0.320327
0.333102
0.238876
0.226683
0.236283
0.22278
0.220794
0.233123
0.123856
0.119945
0.136419
0.0723365
0.0585972
0.0580886
0.0851603
0.0701405
0.083504
0.351494
0.330523
0.345054
0.319948
0.305166
0.302645
0.347782
0.354225
0.363717
0.261046
0.259978
0.271271
0.19907
0.217209
0.20784
0.211812
0.219703
0.199534
0.274031
0.285316
0.286546
0.289185
0.286848
0.274284
0.384864
0.372057
0.386187
0.321884
0.310218
0.309041
0.142314
0.157662
0.152528
0.345561
0.346936
0.354814
0.412212
0.419017
0.425394
0.312583
0.320921
0.309352
0.213549
0.226558
0.225195
0.355564
0.357939
0.366589
0.286039
0.270297
0.281926
0.318894
0.323234
0.310983
0.411357
0.414589
0.425439
0.338386
0.342251
0.340753
0.36983
0.379366
0.362596
0.437909
0.428325
0.438132
0.42909
0.418987
0.416231
0.327468
0.323703
0.332725
0.291004
0.285237
0.301435
0.29627
0.289444
0.304027
0.29248
0.297792
0.309025
0.302172
0.315406
0.313008
0.343452
0.333998
0.335747
0.379617
0.389111
0.397036
0.339421
0.347962
0.34575
0.364209
0.356995
0.361725
0.390944
0.381947
0.39647
0.303553
0.299267
0.310449
0.387755
0.406826
0.405108
0.3748
0.37793
0.392821
0.396634
0.408326
0.41219
0.43398
0.450995
0.450222
0.334771
0.333202
0.323187
0.307458
0.318205
0.305254
0.0912103
0.0741865
0.0893537
0.0572202
0.0583098
0.0676691
0.039787
0.0463909
0.043418
0.0739018
0.0558123
0.05695
0.0379559
0.0354779
0.0311341
0.0209609
0.0131306
0.0208498
0.0326651
0.0283866
0.0329733
0.0204653
0.0118861
0.0192811
0.273083
0.272342
0.284209
0.406747
0.402512
0.397115
0.339737
0.329013
0.347531
0.151559
0.131145
0.134505
0.447987
0.430809
0.451766
0.427412
0.440791
0.419309
0.326698
0.327451
0.319448
0.3826
0.400214
0.388231
0.314867
0.331233
0.32238
0.308172
0.318653
0.31496
0.404007
0.407487
0.392623
0.361593
0.373972
0.362891
0.38795
0.392637
0.382139
0.310985
0.321257
0.308351
0.318896
0.331264
0.333788
0.249534
0.242152
0.259778
0.362213
0.360537
0.37257
0.368496
0.359924
0.372214
0.34321
0.34333
0.35433
0.323807
0.315515
0.32435
0.246608
0.257985
0.263708
0.386798
0.397885
0.396894
0.363772
0.368653
0.378521
0.296891
0.297129
0.307229
0.292198
0.302639
0.30946
0.325017
0.337986
0.333678
0.247682
0.250114
0.237538
0.174629
0.176362
0.188107
0.132948
0.147533
0.147587
0.115817
0.111979
0.1287
0.307058
0.293988
0.306638
0.3059
0.306605
0.293714
0.173808
0.170891
0.186959
0.188939
0.174794
0.181068
0.364837
0.371176
0.378647
0.0801255
0.0694787
0.0863832
0.0740323
0.0576824
0.0551422
0.0614835
0.0522911
0.0521865
0.0354775
0.036665
0.0420878
0.0277455
0.01374
0.0239003
0.0222703
0.015337
0.0245252
0.0212809
0.0194916
0.0140037
0.373721
0.383069
0.37815
0.381508
0.369161
0.386083
0.453597
0.459257
0.453571
0.283869
0.296027
0.280661
0.415037
0.429207
0.422333
0.445843
0.449774
0.441405
0.460456
0.457129
0.456004
0.452587
0.453319
0.44621
0.449794
0.443916
0.440192
0.358016
0.352375
0.354825
0.329979
0.341564
0.33854
0.363436
0.383753
0.372598
0.325279
0.332953
0.342423
0.399524
0.403083
0.412302
0.426159
0.442924
0.434679
0.460654
0.46033
0.47197
0.506842
0.504488
0.518036
0.481159
0.480954
0.470723
0.469664
0.456896
0.473468
0.380779
0.398433
0.384283
0.443484
0.440888
0.443366
0.431145
0.424487
0.433292
0.415281
0.413662
0.423711
0.469436
0.485544
0.466983
0.36437
0.353382
0.348941
0.429722
0.419901
0.412388
0.395869
0.379475
0.385771
0.453084
0.461409
0.444508
0.500333
0.498315
0.520462
0.433692
0.437463
0.448568
0.415734
0.412143
0.407273
0.419203
0.421206
0.429617
0.40098
0.400974
0.382895
0.37943
0.361295
0.362229
0.394296
0.393492
0.376659
0.438028
0.445593
0.435469
0.426314
0.434084
0.4325
0.500851
0.507424
0.521963
0.442092
0.438955
0.456426
0.411309
0.393819
0.408874
0.417714
0.437349
0.429095
0.370377
0.383966
0.395638
0.485097
0.507294
0.493718
0.434699
0.41668
0.429357
0.385783
0.371844
0.396942
0.435274
0.426427
0.428236
0.440304
0.461008
0.457516
0.451723
0.463997
0.461829
0.544106
0.524975
0.545358
0.484357
0.477638
0.484374
0.36915
0.380371
0.378623
0.361701
0.378516
0.363699
0.22585
0.224288
0.238556
0.147271
0.145404
0.13498
0.197439
0.18329
0.196932
0.389526
0.38974
0.373802
0.283416
0.289128
0.278334
0.389748
0.396947
0.393627
0.0737207
0.0761535
0.0630129
0.356941
0.349452
0.363781
0.34799
0.352733
0.360434
0.617566
0.633047
0.624657
0.601526
0.586852
0.593562
0.586059
0.599173
0.590766
0.577516
0.589576
0.588096
0.57408
0.582439
0.586432
0.619827
0.610438
0.621603
0.642222
0.641398
0.653433
0.717119
0.730752
0.729451
0.701515
0.716083
0.704539
0.573518
0.562116
0.566721
0.662956
0.664725
0.658219
0.650926
0.641119
0.649944
0.74409
0.744216
0.744609
0.639108
0.636276
0.645531
0.571507
0.564764
0.557906
0.648921
0.654862
0.658227
0.677448
0.670112
0.676212
0.703411
0.718071
0.706333
0.661452
0.673358
0.678007
0.600835
0.612009
0.60455
0.585214
0.580645
0.570291
0.677681
0.673715
0.661545
0.627683
0.631529
0.620809
0.647097
0.657698
0.648574
0.62144
0.629156
0.618473
0.707354
0.720783
0.704829
0.731867
0.730372
0.718121
0.637522
0.62127
0.637147
0.766302
0.76423
0.754485
0.738929
0.745074
0.7482
0.635272
0.633038
0.650237
0.574685
0.566931
0.58039
0.549176
0.549967
0.561046
0.654029
0.666483
0.677467
0.625891
0.639926
0.630103
0.692844
0.724786
0.698615
0.782785
0.78558
0.772112
0.739379
0.73623
0.748462
0.693309
0.708989
0.711297
0.732773
0.745798
0.733704
0.640211
0.63135
0.642853
0.667076
0.660188
0.659768
0.75104
0.749356
0.742883
0.716441
0.734988
0.727657
0.666715
0.664249
0.653729
0.647705
0.630272
0.635727
0.668396
0.647735
0.666166
0.586994
0.569572
0.580151
0.800926
0.799833
0.811792
0.76128
0.772939
0.775937
0.791948
0.802332
0.793307
0.707404
0.71695
0.719443
0.728121
0.715418
0.724302
0.727306
0.722544
0.713527
0.653291
0.660527
0.669064
0.686862
0.70415
0.695289
0.610164
0.630386
0.624366
0.602002
0.605372
0.619084
0.662396
0.650619
0.679007
0.615348
0.627176
0.610318
0.574761
0.567928
0.582497
0.814927
0.82061
0.818445
0.807778
0.814773
0.818217
0.655228
0.665929
0.661918
0.655075
0.663025
0.66822
0.732501
0.737466
0.738422
0.775627
0.770667
0.781075
0.741572
0.737969
0.732652
0.754975
0.743856
0.753772
0.723448
0.71486
0.720575
0.684625
0.679978
0.689039
0.677925
0.676317
0.6731
0.700592
0.710185
0.704098
0.626373
0.628027
0.615196
0.626583
0.646731
0.635086
0.706169
0.724797
0.737956
0.667582
0.66814
0.655229
0.692448
0.699946
0.687887
0.724684
0.720276
0.710627
0.757666
0.763175
0.752402
0.768954
0.770995
0.761111
0.597093
0.582884
0.589511
0.612486
0.614882
0.621977
0.615388
0.601558
0.604471
0.76504
0.780839
0.770292
0.734521
0.747933
0.729745
0.780104
0.783485
0.792963
0.757034
0.743868
0.758043
0.719677
0.712708
0.738673
0.635937
0.649965
0.653759
0.792865
0.784414
0.783857
0.76439
0.750851
0.760874
0.710447
0.698689
0.703995
0.806476
0.797295
0.803208
0.672894
0.672572
0.666483
0.660303
0.661917
0.668979
0.642761
0.642704
0.633148
0.785745
0.780813
0.786884
0.775759
0.781552
0.779457
0.765681
0.765541
0.772454
0.706901
0.692303
0.694436
0.700511
0.69615
0.710491
0.72462
0.714549
0.725226
0.711471
0.697855
0.699065
0.662159
0.640367
0.663357
0.759657
0.755571
0.76885
0.738752
0.738998
0.74296
0.803217
0.796229
0.80425
0.760586
0.744062
0.754801
0.757677
0.751692
0.743769
0.782863
0.772604
0.777924
0.78625
0.786921
0.780648
0.779272
0.785295
0.784927
0.690502
0.69445
0.699999
0.702312
0.698577
0.708837
0.685482
0.681885
0.686136
0.701712
0.69336
0.704562
0.685773
0.674219
0.679591
0.587542
0.576245
0.587667
0.755219
0.755046
0.730329
0.682626
0.688862
0.677548
0.649355
0.662446
0.656599
0.646658
0.626462
0.632395
0.694881
0.679773
0.681018
0.811169
0.805749
0.799549
0.625766
0.630423
0.638355
0.78179
0.77326
0.772778
0.808187
0.79651
0.799853
0.729793
0.730859
0.735568
0.7165
0.708543
0.718772
0.741261
0.755512
0.743005
0.769137
0.768233
0.755538
0.624333
0.614012
0.606892
0.722745
0.733012
0.734188
0.616666
0.620978
0.608758
0.551765
0.543073
0.541165
0.68871
0.67693
0.683686
0.710613
0.711825
0.701489
0.76968
0.774311
0.773093
0.764649
0.759293
0.753177
0.737445
0.74543
0.736967
0.600934
0.601809
0.609488
0.614614
0.614726
0.612364
0.84489
0.83265
0.830415
0.895598
0.881003
0.887632
0.85157
0.853289
0.86165
0.87901
0.874873
0.881386
0.783879
0.77879
0.775642
0.79191
0.780876
0.782825
0.800489
0.790794
0.796318
0.785169
0.778307
0.783978
0.866916
0.866806
0.853161
0.892401
0.904158
0.88917
0.755884
0.762702
0.764801
0.937539
0.933717
0.940376
0.929705
0.939626
0.931659
0.868937
0.876565
0.870049
0.862269
0.854076
0.855507
0.91548
0.911561
0.905163
0.821048
0.822028
0.811969
0.799592
0.801692
0.811286
0.795521
0.799203
0.776106
0.754056
0.772992
0.752787
0.76786
0.776621
0.783699
0.856919
0.849382
0.865046
0.913529
0.910407
0.916304
0.817159
0.814992
0.807563
0.906094
0.913474
0.907306
0.917444
0.914281
0.911983
0.907385
0.909703
0.909777
0.855979
0.864891
0.860457
0.876622
0.879422
0.872754
0.926712
0.92229
0.930159
0.825069
0.83398
0.818276
0.753609
0.743586
0.744145
0.762921
0.753382
0.762698
0.84396
0.838282
0.831577
0.828916
0.82043
0.817066
0.839751
0.849866
0.851136
0.824096
0.798729
0.810732
0.849984
0.848947
0.854505
0.798092
0.791881
0.817611
0.831935
0.822321
0.84043
0.922669
0.922024
0.912107
0.887937
0.890891
0.898546
0.898973
0.895596
0.890201
0.914836
0.918572
0.916394
0.839053
0.850113
0.835963
0.916562
0.906563
0.913316
0.934104
0.92607
0.929222
0.809074
0.798996
0.808115
0.8288
0.827947
0.838279
0.920627
0.922914
0.928786
0.791002
0.794941
0.800519
0.839922
0.834456
0.839643
0.769001
0.76813
0.762317
0.907914
0.90708
0.900601
0.918159
0.910247
0.915988
0.780322
0.774164
0.777956
0.810142
0.799798
0.800729
0.849441
0.854655
0.838459
0.884081
0.88396
0.873491
0.9076
0.915058
0.905675
0.858344
0.86115
0.872331
0.856743
0.860527
0.865855
0.834826
0.835333
0.825123
0.867544
0.859825
0.864138
0.881316
0.885065
0.884902
0.936289
0.933088
0.944333
0.89138
0.883268
0.89778
0.91076
0.908084
0.903189
0.872147
0.884537
0.886841
0.899472
0.905844
0.896792
0.860861
0.865939
0.851877
0.893456
0.886251
0.893192
0.871699
0.871092
0.862094
0.834275
0.829339
0.820421
0.837406
0.836211
0.826007
0.873735
0.862692
0.861686
0.833792
0.840624
0.844514
0.888065
0.882483
0.879091
0.840337
0.859809
0.855789
0.908252
0.908341
0.91439
0.752924
0.7541
0.745217
0.734451
0.741864
0.735413
0.761865
0.750332
0.758201
0.660338
0.652235
0.647405
0.793925
0.783205
0.76838
0.724873
0.723914
0.726644
0.658124
0.669987
0.668228
0.732493
0.733009
0.740187
0.722654
0.711715
0.720601
0.780813
0.78428
0.786771
0.825741
0.816387
0.824373
0.811365
0.82331
0.81692
0.733355
0.717324
0.726929
0.705088
0.691762
0.69416
0.713521
0.716808
0.706531
0.528166
0.514571
0.528612
0.491579
0.507476
0.515056
0.581475
0.575966
0.590625
0.553752
0.559737
0.548039
0.547671
0.529764
0.537279
0.606804
0.60271
0.589394
0.511936
0.521857
0.505911
0.500572
0.516144
0.519035
0.550761
0.535009
0.542636
0.507146
0.495649
0.515924
0.537019
0.553864
0.546907
0.488492
0.503276
0.483698
0.556334
0.550492
0.534897
0.606476
0.611877
0.623015
0.599155
0.579255
0.584645
0.523566
0.511643
0.527082
0.572463
0.579602
0.56688
0.209124
0.198361
0.210707
0.195329
0.169453
0.173152
0.226088
0.211462
0.253823
0.257851
0.238663
0.219429
0.24823
0.244315
0.278471
0.287794
0.28573
0.272612
0.20304
0.216933
0.190019
0.200796
0.226729
0.230466
0.227701
0.246279
0.264463
0.2597
0.259249
0.28746
0.291646
0.280389
0.224969
0.271833
0.26568
0.251984
0.317884
0.319804
0.291195
0.303467
0.27074
0.282102
0.132031
0.148944
0.153063
0.193188
0.228668
0.272746
0.247913
0.234923
0.333384
0.319239
0.344726
0.334102
0.300567
0.298459
0.287291
0.291865
0.279129
0.250492
0.0529304
0.0525525
0.0943189
0.11572
0.111766
0.0925128
0.120732
0.104204
0.14429
0.136515
0.0980327
0.0901382
0.0914167
0.105218
0.0863037
0.138448
0.346668
0.334356
0.349864
0.343347
0.320858
0.314323
0.382883
0.38432
0.359773
0.35875
0.238624
0.254003
0.23903
0.280666
0.332672
0.344251
0.316431
0.349893
0.337302
0.342874
0.321265
0.31628
0.318878
0.329919
0.301531
0.300908
0.293231
0.281484
0.312269
0.285696
0.322755
0.332639
0.33811
0.329168
0.331173
0.308495
0.399469
0.416277
0.401543
0.419639
0.455209
0.453154
0.204593
0.153255
0.211399
0.191564
0.172427
0.140589
0.202692
0.229251
0.347671
0.332778
0.353538
0.3431
0.308352
0.305188
0.247635
0.233521
0.251839
0.242884
0.218278
0.214265
0.246172
0.224351
0.148535
0.110532
0.103807
0.118263
0.0580717
0.0472988
0.086558
0.0879653
0.0587242
0.0450695
0.0962972
0.0810723
0.101467
0.0573885
0.360638
0.339657
0.370912
0.358285
0.318392
0.309965
0.378562
0.380246
0.348471
0.332258
0.348563
0.365603
0.281488
0.282744
0.265876
0.260702
0.201299
0.179806
0.188526
0.228602
0.178703
0.205274
0.224092
0.238808
0.295407
0.257249
0.277573
0.295233
0.262096
0.29388
0.30331
0.298132
0.388744
0.360649
0.311052
0.295413
0.335304
0.300707
0.152416
0.161907
0.129485
0.129044
0.165403
0.174401
0.363923
0.363093
0.345775
0.334519
0.341004
0.348866
0.432346
0.437441
0.40766
0.399558
0.412553
0.427741
0.307698
0.32839
0.37537
0.377345
0.352129
0.359446
0.296944
0.305889
0.316859
0.328554
0.335236
0.332123
0.433958
0.436666
0.40598
0.394706
0.40256
0.416554
0.340895
0.339312
0.354923
0.375342
0.394411
0.39054
0.446179
0.438007
0.445856
0.418128
0.404309
0.407613
0.320876
0.315329
0.311812
0.280894
0.269453
0.280776
0.315717
0.31606
0.29707
0.292566
0.273444
0.280687
0.276633
0.292464
0.310578
0.32332
0.287551
0.327266
0.338134
0.352909
0.35039
0.332216
0.4052
0.41439
0.372778
0.364349
0.380897
0.398593
0.350251
0.356275
0.364701
0.371666
0.390161
0.371421
0.325124
0.318316
0.310752
0.299182
0.29032
0.298737
0.397755
0.418349
0.373467
0.374073
0.409449
0.42566
0.412216
0.364474
0.365256
0.381356
0.425944
0.379736
0.40144
0.415604
0.451651
0.463058
0.419444
0.470448
0.31554
0.34548
0.34323
0.331306
0.31085
0.33106
0.0935319
0.0576935
0.080009
0.0486605
0.0528015
0.0571534
0.0420489
0.0324794
0.0352881
0.0481254
0.0425503
0.0398636
0.0258945
0.0322394
0.0315272
0.0249995
0.0252204
0.0230079
0.0083989
0.00421493
0.0272179
0.0254656
0.022634
0.00746005
0.262775
0.258819
0.386692
0.387985
0.41157
0.417029
0.403734
0.400522
0.364878
0.350154
0.473655
0.457488
0.464829
0.448953
0.412528
0.413744
0.398735
0.418375
0.43613
0.460616
0.323908
0.329943
0.379703
0.412245
0.318601
0.300394
0.302264
0.327307
0.378917
0.395234
0.397271
0.421534
0.36883
0.363907
0.380458
0.384228
0.377648
0.383994
0.306544
0.334543
0.348139
0.344942
0.270329
0.235487
0.366834
0.348524
0.365834
0.347265
0.33491
0.335097
0.229877
0.25358
0.378645
0.393127
0.389486
0.357883
0.354125
0.363188
0.327004
0.275912
0.298532
0.311451
0.345615
0.319962
0.341452
0.349278
0.161167
0.162418
0.117494
0.146196
0.30808
0.309583
0.283716
0.279259
0.200344
0.160152
0.158758
0.17048
0.198943
0.17175
0.391318
0.379162
0.0912239
0.0743792
0.0543511
0.0576634
0.0368491
0.043382
0.0433201
0.0723677
0.0551604
0.0486683
0.0289693
0.0343248
0.0221928
0.0309183
0.00716843
0.00489714
0.376755
0.352432
0.451942
0.447942
0.456846
0.4611
0.429471
0.440629
0.437577
0.449266
0.45419
0.452638
0.458126
0.455345
0.437245
0.454369
0.353738
0.346372
0.320236
0.35013
0.36115
0.342885
0.356853
0.394068
0.427103
0.3881
0.393676
0.409116
0.444377
0.457889
0.481367
0.484866
0.461289
0.449868
0.444445
0.463269
0.530468
0.52788
0.510692
0.493769
0.491691
0.502674
0.459277
0.478489
0.491601
0.474473
0.48168
0.464587
0.441264
0.443031
0.377364
0.413171
0.444177
0.439971
0.438156
0.436455
0.437175
0.435831
0.435445
0.430113
0.414262
0.416733
0.431462
0.417192
0.404813
0.402784
0.446047
0.467642
0.456343
0.475643
0.502357
0.502654
0.349921
0.37927
0.379351
0.362295
0.405889
0.395156
0.439679
0.445642
0.428029
0.411757
0.408085
0.376412
0.434547
0.469983
0.542582
0.534068
0.50081
0.477679
0.478132
0.491481
0.461523
0.426324
0.417275
0.427072
0.401548
0.402295
0.436781
0.406786
0.409534
0.420661
0.362886
0.362014
0.397566
0.414996
0.414219
0.398231
0.395226
0.357993
0.361759
0.395784
0.425825
0.441418
0.543676
0.512463
0.427741
0.422584
0.421964
0.397465
0.410654
0.357183
0.499518
0.47439
0.523694
0.528376
0.422732
0.397476
0.474951
0.469484
0.562732
0.553207
0.537875
0.505693
0.492325
0.490171
0.213437
0.210828
0.370568
0.341665
0.616238
0.629606
0.601547
0.610156
0.638094
0.646762
0.585934
0.607881
0.580896
0.573429
0.584526
0.596316
0.573919
0.612536
0.591302
0.601939
0.566781
0.567842
0.593792
0.601666
0.59835
0.561566
0.58176
0.590772
0.632354
0.625795
0.631254
0.62095
0.599936
0.602815
0.668834
0.663653
0.645132
0.64158
0.72816
0.737213
0.701323
0.701915
0.727757
0.737446
0.68819
0.685475
0.701263
0.7278
0.562639
0.549828
0.650267
0.654309
0.66648
0.671941
0.665428
0.659591
0.651412
0.632992
0.740896
0.740092
0.738659
0.737285
0.652793
0.641109
0.632013
0.625107
0.555439
0.544497
0.581012
0.561848
0.671259
0.66001
0.694048
0.709074
0.686459
0.729622
0.684199
0.651718
0.60976
0.624031
0.559339
0.593362
0.59789
0.591471
0.646841
0.693951
0.687042
0.670678
0.616442
0.635872
0.641503
0.635527
0.604109
0.615971
0.702511
0.709459
0.732789
0.731854
0.652078
0.636699
0.642983
0.632083
0.606334
0.603194
0.73963
0.738173
0.760212
0.772739
0.760913
0.752895
0.749823
0.759862
0.73274
0.729439
0.739965
0.751927
0.662035
0.668657
0.632714
0.626341
0.61336
0.628349
0.595354
0.587395
0.58715
0.573626
0.554084
0.560574
0.575658
0.552262
0.536509
0.541167
0.690585
0.703355
0.639815
0.637084
0.659082
0.684738
0.62136
0.615016
0.623387
0.655772
0.675693
0.702502
0.665853
0.685184
0.751829
0.757464
0.761365
0.776984
0.800996
0.791362
0.756882
0.726186
0.721556
0.731319
0.713946
0.67921
0.671673
0.702584
0.723502
0.7368
0.721311
0.732534
0.757969
0.759724
0.652553
0.646263
0.650625
0.638037
0.618446
0.625437
0.66001
0.673741
0.674828
0.661934
0.739016
0.733717
0.755568
0.759199
0.758407
0.748015
0.721963
0.736904
0.698241
0.706341
0.742999
0.752155
0.6487
0.641665
0.67183
0.681648
0.678198
0.663138
0.630202
0.66407
0.627278
0.614244
0.680676
0.68645
0.591236
0.603865
0.817367
0.820079
0.799388
0.789227
0.785385
0.797487
0.778591
0.750933
0.746317
0.77035
0.781634
0.795075
0.781088
0.790393
0.808633
0.811045
0.724187
0.732257
0.699963
0.696653
0.717886
0.728372
0.724665
0.716603
0.740728
0.733688
0.705869
0.703244
0.698751
0.718154
0.676248
0.686473
0.647061
0.637034
0.649786
0.668519
0.70677
0.721014
0.618727
0.590013
0.596204
0.635269
0.634737
0.58417
0.595276
0.604606
0.648361
0.62349
0.598101
0.602342
0.589644
0.566878
0.552435
0.564803
0.813938
0.817752
0.80779
0.808874
0.819354
0.824014
0.668185
0.671015
0.645217
0.680492
0.675153
0.681571
0.649532
0.664924
0.74399
0.746928
0.728622
0.72821
0.738427
0.739951
0.791637
0.7816
0.782506
0.76805
0.761442
0.763599
0.725215
0.752177
0.735863
0.731508
0.718124
0.723151
0.707562
0.707071
0.698319
0.693774
0.68901
0.681903
0.671444
0.673395
0.665359
0.682984
0.678184
0.674905
0.698721
0.689138
0.698291
0.716698
0.60961
0.60308
0.631254
0.6364
0.64445
0.635173
0.642013
0.618815
0.663795
0.666282
0.77159
0.680075
0.71479
0.74058
0.645479
0.682082
0.677783
0.668509
0.681324
0.69646
0.715205
0.706952
0.70281
0.728896
0.739076
0.733063
0.741375
0.749731
0.753662
0.762327
0.770035
0.76818
0.754537
0.772341
0.775716
0.772425
0.596152
0.576435
0.60276
0.591862
0.57441
0.564205
0.625186
0.605153
0.77655
0.799722
0.80485
0.767756
0.773639
0.786855
0.759445
0.726522
0.757779
0.706825
0.620082
0.643654
0.786048
0.772768
0.80115
0.800387
0.787299
0.776553
0.771544
0.744557
0.716698
0.693784
0.660086
0.674075
0.677557
0.680439
0.651929
0.654328
0.623568
0.646631
0.789008
0.786969
0.78775
0.784547
0.773228
0.77295
0.778314
0.782233
0.767779
0.785221
0.777779
0.767386
0.717063
0.688934
0.72322
0.701882
0.734135
0.73362
0.723292
0.700849
0.683796
0.72168
0.698529
0.681966
0.665314
0.619234
0.752079
0.743103
0.738487
0.734341
0.811787
0.810538
0.813383
0.791161
0.768804
0.7513
0.781314
0.767875
0.737536
0.73353
0.73445
0.77375
0.7609
0.750201
0.786414
0.782188
0.785402
0.770632
0.773501
0.771774
0.78626
0.78693
0.710626
0.709168
0.691471
0.681177
0.694696
0.701173
0.691062
0.689941
0.699417
0.694798
0.683377
0.692828
0.778194
0.772809
0.665057
0.676087
0.651704
0.636579
0.672243
0.662441
0.791029
0.814991
0.613768
0.622902
0.761862
0.763505
0.722888
0.727812
0.741519
0.768642
0.53106
0.536199
0.763184
0.772436
0.747612
0.740599
0.768767
0.754572
0.732347
0.729733
0.612649
0.606822
0.829936
0.813949
0.855932
0.858074
0.836691
0.819419
0.893542
0.880085
0.907691
0.903189
0.8739
0.864902
0.870888
0.869734
0.850613
0.839475
0.845684
0.85404
0.884868
0.881243
0.883191
0.874973
0.866119
0.869705
0.772433
0.765717
0.787779
0.791674
0.781195
0.771856
0.782841
0.772962
0.802703
0.799451
0.777377
0.77119
0.799399
0.810525
0.791915
0.785444
0.79244
0.771639
0.838279
0.840302
0.859599
0.877394
0.87627
0.863643
0.871355
0.88409
0.878348
0.895702
0.91571
0.9079
0.770454
0.746666
0.764393
0.767634
0.946046
0.938553
0.928886
0.927665
0.927267
0.928814
0.9252
0.929264
0.920322
0.948039
0.861705
0.859027
0.866755
0.880708
0.852473
0.845038
0.869537
0.867674
0.8506
0.845175
0.898871
0.920489
0.924655
0.917567
0.801247
0.807575
0.82246
0.832808
0.828431
0.824855
0.825392
0.792741
0.793068
0.805583
0.752249
0.757064
0.794145
0.806039
0.754622
0.790792
0.755479
0.771372
0.872811
0.84908
0.833198
0.842379
0.918941
0.918192
0.917293
0.915539
0.905361
0.906227
0.799932
0.81875
0.828309
0.822336
0.900979
0.907626
0.89912
0.904788
0.919823
0.919701
0.906943
0.924487
0.916326
0.912236
0.910694
0.911602
0.902755
0.912079
0.854439
0.863895
0.846218
0.872518
0.877893
0.883009
0.934049
0.923212
0.91193
0.91662
0.799142
0.813738
0.815379
0.842171
0.74243
0.763265
0.763022
0.743227
0.829385
0.820374
0.85269
0.855739
0.848318
0.838938
0.845343
0.825987
0.829115
0.848516
0.820227
0.849424
0.836508
0.784296
0.861486
0.859094
0.852419
0.844649
0.843316
0.851613
0.841967
0.803268
0.823252
0.804539
0.90151
0.92114
0.904536
0.882893
0.881967
0.906443
0.900739
0.895492
0.917519
0.911388
0.911379
0.897184
0.933546
0.941389
0.939074
0.922675
0.817661
0.808267
0.819263
0.789602
0.846954
0.826259
0.911865
0.916529
0.811248
0.78285
0.792275
0.800817
0.835633
0.829123
0.893149
0.909729
0.922603
0.927315
0.828711
0.861107
0.872802
0.864649
0.864451
0.886765
0.898338
0.892125
0.883057
0.885393
0.858301
0.846317
0.850748
0.866802
0.871661
0.856919
0.815854
0.813933
0.838199
0.839295
0.875895
0.880432
0.908875
0.895912
0.893647
0.90065
0.888132
0.859739
0.887135
0.895899
0.869284
0.878324
0.894555
0.877976
0.822525
0.835288
0.736748
0.751262
0.729576
0.729752
0.728576
0.723973
0.720867
0.726966
0.680213
0.683746
0.829586
0.807756
0.724015
0.702559
0.714468
0.693754
0.544371
0.537764
0.537642
0.519964
0.604607
0.601715
0.589666
0.573815
0.560331
0.572281
0.540684
0.563179
0.561567
0.519917
0.573834
0.612829
0.499482
0.531712
0.527452
0.486467
0.482245
0.518491
0.535498
0.560031
0.528562
0.518874
0.558961
0.571206
0.494146
0.521505
